0000000000000000000000000000000000000000000000000100000000000000000000000000000000000000000000000000000000000000000000001
0010000000001000000000000000000000000000000000000000000000000000000000000000000000000001000000000000000000000000000000000
0000001010010000000000000000000000000000000000000000000000000000000000000000000000000000000000000000000000000000000000000
0000000000000000000000010000000000100000000001000000000010100000000000000000000000000000000000000000000000000000000000000
0000000000000000000000100000000001000000000010000000000100000000000000000000000000000000000000000000000000000000000000000
0000000000000000000111000000001110000000001000000000000000000000000000000000000000000000000000000000000000000000000000000
0001100100000000000000000000000000000000000000000000000000000000000000000000010000000000000000000000000000000000000000000
0100010000000000000000000000000000000000000000000000000000000000000000000000000000000000000000000000000000000000000000000
1000000000000000000000000000000000000000000000000000000000000000001000000000000000000000000000000001000000000000000000000
0000000000000000000000000000000000000000000000000000000000000000000110000000001111000000000000000000000000000000000000000
0000000000000000000000001100000000011000000000110000000001000000000000000000000000000000000000000000000000000000000000000
0000000000000000000000000000000000000000000000000000000000000000010000000000000000000000000000000000000000000001000000000
0000000001000000000000000000000000000000000000000000000000000000000000000000000000000000000000000000000000000010000000000
0000000000000000000000000000000000000000000000000000000000000000000000000000000000100000000011000000000110000000001100000
0000000000000000000000000000000000000000000000000000000000000000000000000000000000010000000000100000000001000000000010000
0000000000000000000000000000000000000000000000000000000000000000000000000000000000000000111000000000100000000000000000000
0000000000000010000000000000000000000000000000000000000000000000000000000100000000001000000000010000000000100000000001000
0000000000000000001000000000010000000000110000000001100000000010000000000000000000000000000000000000000000000000000000000
0000000000000000000000000000000000000000000000000000000000000000000000000000000000000000000100000000011000000000110000000
0000000000000000010000000000100000000001000000000010000000011100000000000000000000000000000000000000000000000000000000000
0000000000000000000000000000000000000000000000000000000000000000000001111000000000000000000000000000000000000000000000000
0000000000100000000000000000000000000000000000000000001000000000000000000000000000000000000000000000000000000000000000000
0000000000000001100000000011000000000110000000001000000000000000000000000000000000000000000000000000000000000000000000000
0000000000000000000000000000000000000000000100000000010000000001100000000011000000000000000000000000000000000000000000000
0000000000000000000000000000000000000000000000000000000000000000000000000000100000000000000000000010000000000100000000000
0000000000000100000000000000000000000000000000000000000000000000000000000000000000000100000000001000000000010000000000100
0000000000000000000000000000000000000000000000000000000000000000000000000000000000000010000000000100000000001000000000010
