1000001000000000000000000000000000000000000000000000000000000000000000000000000000000000000000000000000000000000000000000
0000000000000100000000000000000000000000000100000000000000000000000000000000000000000000000000000000000000000000000000000
0000000000000000000000000000000000000000000000000000000000000010000000001100000000001000000000010000000000100000000001000
0000000000000000000000000000000000000000000000000000000000000000000000000000000000010000000001100000000111000000001110000
0001010000000000000000000000000000000000000000000000000000000000000000000000000000000000000000000000000000000000000000000
0000000000000000000010100000000010000000000000000000000000000000000000000000000000000000000000000000000000000000000000000
0000000000000011000000000001100000000000000000000000000000000000000000000000000000000000000000000000000000000000000000000
0000000000000000000000000000000000000000000000000000000000000000000000000000000000000000000000000010000000000100000000001
0000000100010000000000000000000000000000000000000000000000000000000000000000000000000000000000000000000000000000000000000
0000000000000000000100000000000100000000001000000000010000000000100000000000000000000000000000000000000000000000000000000
0010000000100000000000000000000000000000000000000000000000000000000000000000000000000000000000000000000000000000000000000
0000000000000000000000000000000000000000000000000000000000111000000011110000000011000000000000000000000000000000000000000
0000000000000000000000000000000000000000000000000000000000000000000000000000000000100000000110000000001000000000110000000
0000000000000000000000001000000000100000000001000000000010000000000100000000000100000000000000000000000000000000000000000
0000000000000000000000000000000000000000000000000000000000000000010000000000100000000001000000000000000000000000000000000
0000000000000000000000000110000000011100000000110000000001000000000000000000000000000000000000000000000000000000000000000
0000000000000000000000000000000000000000000000000000000000000000000000000000000000000000000000000001000000000001000000000
0000000000000000000000000000000000000000000000000000000000000000000000000000010000000000100000000000000000000000000000000
0000000000000000111000000000000000000011000000001100000000000000000000000000000000000000000000000000000000000000000000000
0100000000001000000000010000000000000000000000000000000000000000000000000000000000000000000000000000000000000000000000000
0000000000000000000000000000000001000000000010000000000100000000001000000000000000000000000000000000000000000000000000000
0000000000000000000000000000000000000000000000000000000000000000000000000000000000000000000000000000110000000000000000000
0000100000000000000001000000000000000000000000000000000000000000000000000000000000000000000000000000000000000000000000000
0000000011000000000000000000000000000000000000000000000000000000000000000000000000000000000000000000000000000010000000000
0000000000000000000000000000000000000000000000000000000000000100000000000010000000000100000000001000000000010000000000100
0000000000000000000000000000011000000000110000000011100000000001000000000000000000000000000000000000000000000000000000000
0000000000000000000000000000000000000000000000000000000000000000000000000000001000000000011000000000000000000000000000000
0000000000000000000000000000000000000000000000000000000000000000000000000001000000000010000000000100000000001000000000010
0000000000000000000000000000000000000000000000000000001000000000000000000000000000000000000000000000000000000000000000000
