0011000000000000000000000000000000000000000000000000000000000000000000000000000000000000000000000000000000000000000000000
0000000000000000000000000000000000000000000000000000000000000000000000000000000000000000000000000001000000000011110000000
0000000000000000000001000000000000000000000000000000000000000000000110000000000110000000000000000000000000000000000000000
0000000000000000000000000000000001000000000010000000000000000000000000000000000000000000000000000000000000000100000000000
0000000000100000000000000000000000000000000000000000001000000000000000000000000000000000000000000000000000000000000000000
0000000000000000000000000000000000000000000000000000000000000000000000000110000000011100000000111000000000100000000000000
0000111000000000000000000011100000000000000000000000000000000000000000000000000000000000000000000000000000000000000000000
1000000000000000000000000000000000000000000000000000000000000000000000000000000000000000000000000000000000000000000000001
0000000000000000000000000000000000000000000100000000000010000000000000000000000000000000000000000000000000000000000000000
0000000000000000000000000000000000000000000000000000000000000000000000000000000000000000000011000000000111000000001100000
0000000000000000000000000000000000000111000000011111000000000000000000000000000000000000000000000000000000000000000000000
0000000000000000000000000000000000000000000000000000000000000000000000000000001000000000011100000000111000000000000000000
0000000000000000000000000000000000000000000000000000000000001110000001111000000000000000000000000000000000000000000000000
0000000000000000000000011100000000000000000000000000000000000000000000000000000000000000000000000000000000010000000011000
0000000000000000000000000000000000111000000001000000000000000000000000000000000000000000000000000000000000000000000000000
0000000000000000000000000000000000000000000000000000000000000000010000000000100000000001000000000010000000000000000000000
0000000000000000001100000000011100000000110000000000000000000000000000000000000000000000000000000000000000000000000000000
0000000000000000000000000000000000000000000000100000000001110000000000000000000000000000000000000000000000000000000000000
0000000001000000000000000000000000000000000000000000000100000000000000000000000000000000000000000000000000000000000000000
0000000000010000000000100000000000000000000000000000000000000000000000000000000000000000000000000000000000000000000000000
0000000000000000000000000000000000000000000000000000000000000000000000000000000000000000000000000000000000000000000000110
0000000000000000000000000000000000000000001000000000110000000000000000000000000000000000000000000000000000000000000000000
0000000000000000000000000000000000000000000000000000000000000000000000000000000001100000000000000000000000000000000000000
0100000000000000000000000000000000000000000000000000000000000000000000000000000000000000000000000000000000000000000000000
0000000000000000000000000000000000000000000000000000000000000001100000000001000000000010000000000100000000001000000000000
0000000000000000000000000000000010000000000000000000000000000000001000000000000000000000000000000000000000000000000000000
0000000110000000000010000000000000000000000000000000000000000000000000000000010000000000100000000000000000000000000000000
0000000000001111110000000000000000000000000000000000000000000000000000000000000000000000000000000000000000000000000000000
