0000000000000000000000000000000000000000000000000000000000000000000000000000000000000000000000000000000000000000000000011
0000000000000000000000000000000000000000000000000000000000000000000000000000000000000000000000000000000000000000100000100
0000000000000000000000000000000000000000000000000000000000000000000000000000000000000000000000000000000000000000000111000
0000000000000000000000000000001100000000000000000000000000000000000000000000000000000000000000000000000000000000001000000
0000000000000000000000000000000010000000000000000000000000000000000000000000000000000000000000000000000000000000010000000
0000000000000000000000000000000000000000000000000000000000000000000000000000000000000000000000000000000000000011000000000
0000000000000000000000000000000000000000000000000000000000000000000000000000000000000000000000000000100000000100000000000
0000000000000000000000000000000000000000000000000000000000000000000000000000000000000000000000000110000000011000000000000
0000000000000000000000000000000000000000000000000000000000000000000000000000000000000000000001110000000111100000000000000
0000000000000000000000000000000000000000000000000000000000100000000001000000001010000000001100000000001000000000000000000
0000000000100000000001000000000000000000000000000000000000000000000000000000000000000000010000000000010000000000000000000
0000000000000000000000000000000000000000000000000000000000000000001000000000000000000000000000000001000000000000000000000
0000000000000000000000000000000000000000000000000011110000000000100000000001000000000010000000001000000000000000000000000
0000000000000000000000000000000000000000000000000000000000000000000000000000000000000000000010000000000000000000000000000
0000000000000000000000000000000000000000000000000000000000000000000000000000010000000000100000000000000000000000000000000
0000000000000000000000000000000000000000000001000000001010000000010100000000100000000001000000000000000000000000000000000
0000000000000000000000000000000000000000000000000000000000000111000000001110000000011100000000000000000000000000000000000
0000000000000000000000000000000000000000000000000100000000011000000000110000000001100000000000000000000000000000000000000
0000000000000000000000000100000000011000000000110000000001000000000010000000000100000000000000000000000000000000000000000
0000000000000000000000000000000000000000000010000000000100000000000000000000000000000000000000000000000000000000000000000
0000000100000000011000000001100000000110000000001000000000000000000000000000000000000000000000000000000000000000000000000
0000000000000000000000000000000000000000111100000000000000000000000000000000000000000000000000000000000000000000000000000
0000000011000000000110000000010000000001000000000000000000000000000000000000000000000000000000000000000000000000000000000
0011000000000100000000001000000000100000000000000000000000000000000000000000000000000000000000000000000000000000000000000
0000000000000000000000100000000001000000000000000000000000000000000000000000000000000000000000000000000000000000000000000
0000111000000011100000000010000000000000000000000000000000000000000000000000000000000000000000000000000000000000000000000
0100000000001000000000010000000000000000000000000000000000000000000000000000000000000000000000000000000000000000000000000
1000000000010000000000000000000000000000000000000000000000000000000000000000000000000000000000000000000000000000000000000
