0000000000000000000000000000000000000000000000000000000000000000000000000000000000000000000000000001000000000001000000000
0000000000000000000000000000000000000000000000000000000000000000000000000000000000000000000111000000000000000000111100000
0000000000000000000000000000000000000000000000000000000000000000000110000000000000000000000000000000000000000100000000010
0000000000000000000000000000000000000011111100000000000000000000000000000000000000000000000000000000000000000000000000000
0000000000000011000000000000000000000000000000000000000000000001000000000010000000000100000000001000000000010000000001000
0000000000000000000000000000000000000000000000000000000000000010000000001100000000111000000000110000000001000000000000000
1000000000000000000000000000000000000000000000000000000100000000000000000000000000000000000000000000000000000000000000000
0000000000000000000000000000000000000000000000000000000000000000000000000000000000000000011000000000111110000000000000000
0000000000000000000000000000000000000000000000001111100000000000100000000000000000000000000000000000000000000000000000000
0000000000001000000000100000000000000000000000000000000000000000000000000000000000000000000000000000000000000000000000000
0001000000000000000000000000000000000000000000000000000000000000000000000000000000000000000000000000000000000000000000000
0000000000000000000000000000000000000000000000000000011000000000010000000000000000000000000000000000000000000000000000000
0000000000000000000000000000000001000000000010000000000000000000000000000000000000000000000000000000000000000000000000000
0000000000000000000000000110000000001100000000010000000000000000000000000000000000000000000000000000000000100000000010000
0000000000010000000000000000000000000000000000000000000000000000000000000000000000000000000000000000000000000000000000001
0100000000000000000000000000000000000000000000000000000000000000001000000000010000000000000000000000000000000010000000000
0000000000000000000000000000000000000000000000000000000000000000000000000000001111000000000000000000000000000000000000000
0000000111000000000000000000000000000000000000000000000000000000000000000000000000000000000000000000000000000000000000000
0000000000000000000000000000000000000000000000000000000000000000000000000000000000000000100000000000000000000000000000000
0000000000000000000000000000000000000000000000000000000000111100000001110000000000000000000000000000000000000000000000000
0000000000000000000000001000000000010000000000100000000001000000000000000001000000000010000000000100000000000000000000000
0000000000000000000000010000000000100000000001000000000010000000000000000000000000000000000000000000000000000000000000000
0000000000000000111111000000000000000000000000000000000000000000000000000000000000000000000000000000000000000000000000000
0000000000000000000000000001111110000000000000000000000000000000000000000000000000000000000000000000000000000000000000000
0000111000000000000000000000000000000000000000000000000000000000000000000000000000000000000000000000000000000000000000000
0000000000000100000000000000000000000000000000000000000000000000000000000000100000000001000000000010000000001000000000100
0010000000100000000000000000000000000000000000000000000000000000000000000000000000000000000000000000000000000000000000000
