0000000000000000000000000000000000000000100000000001000000000110000000011100000000100000000000000000000000000000000000000
0011110000001100000000000000000000000000000000000000000000000000000000000000000000000000000000000000000000000000000000000
0000000000100000000000100000000000000000000000000000000000000000000000000000000000000000000000000000000000000000000000000
0000000000000000000000000000000000000000000000000000000000000000000111100000001110000000011000000000000000000000000000000
0000000000000000000000000000000000000000000000000000000000000000000000000000000000000000000000000000000000000000000000001
0000000011000000000010000000000000000000000000000000000000000000000000000000000000000000000000000000000000000000000000000
0000000000000000000000000000000000000000000000000000000000000000000000000000000000000000000000000000011111100000010000000
0000000000000000000000000000000000000000000000000000000000000000000000000000000000000000000000000000000000000000001111100
0000000000000000000000000000000000000000000000000000000000000000110000000011100000000000000000000000000000000000000000000
0000000000000000000000000000000000000110000000111000000000000000000000000000000000000000000000000000000000000000000000000
0000000000000000000000000000001100000000011000000000110000000001000000000000000000000000000000000000000000000000000000000
0000000000000000000000010000000001100000000001000000000000000000000000000000000000000000000000000000000000000000000000000
0000000000010000000000000000000000000000000000000000000000000000000000000000000000000000000000000000000000000000000000000
0000000000000000000000000000000000000000000000000000000000000000000000000000010000000000100000000001100000000001000000000
0000000000000000000000000000000000000000000000000000000000000000000000000000000000000000000000000000000000011100000000010
0000000000000000000000000000000010000000000100000000001000000000000000000000000000000000000000000000000000000000000000000
0000000000000011100000001110000000011000000000000000000000000000000000000000000000000000000000000000000000000000000000000
0000000000000000000000000000000000000000000000000000000000000000000000000000000000000000000111111110000000000000000000000
0000001100000000011100000001110000000000000000000000000000000000000000000000000000000000000000000000000000000000000000000
0000000000000000000000000000000000000000000010000000000010000000001000000000000000000000000000000000000000000000000000000
0000000000000000000000000000000000000000000000000000000000000000000000000000000000011111000000000000000000000000000000000
1000000000000000000001000000000000000000000000000000000000000000000000000000000000000000000000000000000000000000100000000
0100000000000000000000000000000000000000000000000000000000000000000000000000000000000000000000000000000000000000000000000
0000000000000000000000000000000000000000000000000000000100000000000000000000000000000000000000000000000000000010000000000
0000000000000000000000000000000000000001000000000110000001111000000000000000000001000000000000000000000000000000000000000
