0000000000000001000000000100000000000000000000000000000000000000000000001100000000001000000000010000000000100000000010000
0000000000000000000011000000000110000000001100000000000000000000000000000000000000000000000000000000000000000000000000000
0001000000000000000000000000000000000000000000000000000000000000001000000000000000000000100000000000000000000000000000000
0000000000000000000000000000000001000000000000000000000100000000000000000000000000000000000000000000000000000000000000000
0000000000000000000000000000000000000000000000000000000000000000000000000000010000000000000000000000000000000000000000010
0000000011000000000000000000000000000000000000000000000000000000000000000000000000000000000000000001000000000000000000000
0000001100100000000000000000000000000000000000000000000000000000000000000000000000000000000000000000000000000000000000000
0000000000010000000000000000000000000000000000000000000000000000000000000000000000000000000000000000000000000000000000001
1000000000001000000000100000000000000000000000000000000000000000000000000000000000000000000000000000000000000000000000000
0000000000000000000000000000000000000000000000000000000000001000000000000000000000000000000000000000000000000000000000000
0000000000000000000000000000000000000000000000000000000000000000000000000000000000110000000011100000000111000000000100000
0100000000000000000000000000000000000000000010000000000000000000000000000000000000000000000000000000000000000000000000000
0000000000000000000000000000000000000001110000000011100000000110000000000000000000000000000000000000000000000000000000000
0000000000000000000000000000000000000000000000000000000000000000000011110000000101000000000000000000000000000000000000000
0000110000000000000000000000000000000000000000000000000000000000000000000000000000000000000000000000000000000000000000000
0000000000000000000000000000000000000000000000000000011000000001100000000001000000000000000000000000000000000000000000000
0000000000000010000000000000000000000000000000000000000000000000000000000010000000000010000000000100000000001000000000100
0000000000000000000000000010000000001110000000011100000000110000000000000000000000000000000000000000000000000000000000000
0000000000000000000000001000000000010000000000100000000001000000000000000000000000000100000000001000000000010000000001000
0000000000000100000000010000000000100000000001000000000010000000000000000000000000000000000000000000000000000000000000000
0000000000000000000000000000000000000000000000000000000000000000010100000000000000000000000000000000000000000000000000000
0000000000000000111100000001111000000000000000000000000000000000000000000000000000000000000000000000000000000000000000000
0000000000000000000000000000000000000000000000000000000000000000000000000000001000000000010000000000100000000001000000000
0000000000000000000000000000000000000000000000000000000000000000000000000000100000000001000000000010000000000100000000000
0000000000000000000000000000000000000000000000000000000000000000000000000000000010000000001100000000011000000000111000000
0010000000000000000000000000000000000000000000000000000000000000000000000000000000000000000000000000000000000010000000000
