0000000000000000000000000000000000000000000000000000000100000000001000000000010000000000100000000000000000000000000000000
0000000000000100000000010000000000000000000000000000000000000000000000000000000000000000000000000010000000001000000000000
0000000000000000000000000000000000000000000100000000001000000000010000000000100000000001000000000100000000010000000000000
0001100000000010000000001000000000100000000000000000000000000000000000000000000000000000000000000000000000000000000000000
0000000000000000000000000000000000000000000000000001000000000010000000000100000000011000000011100000000000000000000000000
0000000000000001000000000100000000010000000001100000000010000000000100000000000000000000000000000000000000000000000000000
0000000000000000000000000000000001000000000000000000000000000000000000000000000000000000000000000000000000000000000000010
0000000000000000000000000000000000000011000000001100000000110000000001000000000010000000000000000000000000000000000000000
0000011100000000000000000000000000000000000000000000000000000000000000000000000000000000000000000000000000000000000000000
0000000000000000011100000000011100000000111000000000000000000000000000000000000000000000000000000000000000000000000000000
1000000000001000000000000000000000000000000000000000000000000000000000000000000000000000000000000000000000000000000000000
0000000000000000000000000000000000000000000000000000000000000000000000101000000001100000000000000000000000000000000000000
0000000000000000000001100000000000000000000000000000000000000000000000000000000000000000000000000000000000000000000000000
0000000000000000000000000000000000000000000010000000000000000000000000000000000000000000000000000000000000000100000000000
0000000000000000000000000000000000000000000000000000000000000000000000000000000000000000000000000001000000000001000000000
0000000000000000000000000000000000000000000000000010000000001100000000010000000000000000000000000000000000000000000000000
0010000000010000000000000000000000000000000000000000000000000000000000000000000000000000000000000000000000000000000000000
0000000000000000000000000000000000000000000000000000000000000000000000000000000000000000000000000000000000000000000001100
0100000000000000000000000000000000000000000000000000000000000000000000000000000000000000000000000000000000000010000000000
0000000000000000000000000000000000000000000000000000000000000000000000000000000000000000000000000000001111000000001110000
0000000000000000100000000010000000001000000000000000000001000000000010000000000100000000000000000000000000000000000000000
0000000000000000000000000000000000000000000000000000110000000001100000000011000000000010000000001000000000100000000000000
0000000000100000000000000000000000000000000000000000000000000000000000000000000000000000000000000000000000000000000000001
0000000000000000000000000000000000000000000000000000000000000000000000000000001000000000011100000000110000000000110000000
0000000011000000000010000000000010000000000000000000000000000000000000000000000000000000000000000000000000000000000000000
0000000000000000000000000001100000000100000000010000000000000000000000000000000000000100000000010000000000000000000000000
