0000000000000000000000000000000000000000000000000000000000000000000000000000000000000101000000010100000001010000001110000
0000000000000000000000100000000000000000000000000000000000000000000000000000000000000000000000000000000000000000000000011
0000000000000000000000000000000000000000000000000000000000000000000011000000000110000000001100000000110000000000110000000
0000000000000000000000000000000000000000000000000010000000001100000000010000000000000000000000000000000000000000000000000
0000000000000000000000000000000000000000000000000000000000000010000000000100000000011010000011101000000000100000000000000
0000000000000000000000000000000000000000000101000000001010000000010100000000101000000000010000000000000000000000000000000
0000000000000000000000000000000000000000000000000000000100000000001000000000010000000000100000000001000000000001000000000
0000000000000000000000000000000000000000000000000000000000000000000000000000000000000000000000000010000000001100000001100
0000000000000001100000000110000000011000000000110000000001100000000000000000000000000000000000000000000000000000000000000
0000000000000000000000000000001100000000011000000000110000000001100000000011000000000000000000000000000000000000000000000
0000000000000000000000000000110000000011100000001101000000010000000000000000000000000000000000000000000000000000000000000
0000000000000000000000000000000000000000000000000000000000000000000000101000000001100000000000000000001110000000000000000
0000110000000010000000001001000000100100000000000000000000000000000000000000000000000000000000000000000000000000000000000
0001000000001100000000010000000000000000000010000000000000000000000000000000000000000000000000000000000000000000000000000
0100000000000000000000000000000001000000000000000000000000000000000000000000000000000000000000000000000000000010000000000
0000000001100000000001000000000000000000000000000000000000000000000000000000000000000000000000000000000000000000000000000
0000001110000000011110000000000010000000000000000000000000000000000000000000000000000000000000000000000000000000000000000
1010000000010000000000000000000000000000000000000000000000000000000000000000000000000000000000000000000000000000000000000
