0000000000000000000000000000000000000000000000000000000000000000000000000000000000000000000111100000001111100000000000000
0000000000000000000000000000000000000000000000100000000001000000100010000001000100000010001000001000000000000000000000000
0000000000000000000000000000000000000000000000010000000000100000000001000010000010000100000000010000000000000000000000000
0000000000000000000000000000000000000000000000000000000000000000000000000000000000000000000000000000100000000101000000000
0000000000000000000000000000000000000000000001000000001010000000010100000000101000000001000000000000000000000000000000000
0000000000000000000000000000000000000000111100000000000000000000000000000000000000000000000000000000000000000000000000000
0000000000000000000000000000000000000000000000000011110000001111000000001100000000000000000000000000000000000000000000000
0000000000010000000000000000000000000000000000000000000000000000000000000000010000000000000000000000000000000000000000010
0000000011000000001110000000010000000001000000000000000000000000000000000000000000000000000000000000000000000000000000000
0010000000001100000000010000000000100000000000000000000000000000000000000000000000000000000000000000000000000000000000000
0000000000000000000000000000000000000000000000000000000000000000001000000000000000000000000000000001000000000000000000000
0000001100000000110000000011100000000110000000001000000000000000000000000000000000000000000000000000000000000000000000000
0000000000000000000000000000000000000000000000000000000000000000000000000000000000000000000000000110000000011000000000000
0000000000000000000000000000000000000000000000000000000000000000000000000000000000000000000000000000000000000000100000001
0001110000000011000000001100000000011000000000000000000000000000000000000000000000000000000000000000000000000000000000000
0000000000000000000000000000000000000000000000000000000000000000000000000000000000000000000000000000000000000000000111100
0000000000000000000000000000000001000000000010000000000100000000000000000000000000000000000000000000000000000000000000000
0000000000000000000000000000000000000000000000000100000000010000000000110000000001111000000000000000000000000000000000000
1100000000000000000000000000000000000000000000000000000000000000000000000000000000000000000000000000000000000000000000000
0000000000000000000001000000001110000000000000000000000000000000000000000000000000000000000000000000000000000000001000000
0000000000100000000000000000000000000000000000000000000000000000000000000000000000000000010000000000010000000000010000000
0000000000000000000000100000000000000000000000000000000000000000000000000000000000000000100000000000000000000010000000000
