0000000000000000000000000000000000000000000000000000000000000000000000000000000001111000000111100000000000000000000000000
0000000000000000000000000000000000000000000000000000001000000000110000000011100000000000000000000000000000000000000000000
0000000000000000000000000000000000000000000000000000000001100000001100000000010000000000100000000001000000000000000000000
0000000000000000000000000000000000000000000000000000000000000000000000000000000000000000000000000000001111111100000000000
0000000000000000000000000000000000000000000000000000000000000000000000000000000000000000000000000000000000000000000000111
0110000000001000000000100000000000000000000000000000000000000000000000000000000000000000000000000000000000000000000000000
0000000000000000000000000000000000000000000000000000000000000000000011100000001110000000011000000000110000000000000000000
0000000000000000000000000000000000000000000000000000000000000000000000000000000000000111000000011110000000000000000000000
0000000000000000000000000000000000000000000001111000000010000000000000000000000000000000000000000000000000000000000000000
0000000000000000000000000000000000000000100000000101000000011110000000011100000000000000000000000000000000000000000000000
0000000000000000000000000000001100000001011000000010110000000001000000000000000000000000000000000000000000000000000000000
0000000000000000000000000000000000000000000000000000000000000000000000000000000000000000000000000000000000000011000000000
0000000001000000000001000000000010000000000100000000000000000000000000000000000000000000000000000000000000000000000000000
0000000000000000000000011100000000111110000000000000000000000000000000000000000000000000000000000000000000000000000000000
0000000000000000000000000000000000000000000000000000000000000000000000000000000000000000000000000000000000000000111111000
0000001110000000011110000000110000000000000000000000000000000000000000000000000000000000000000000000000000000000000000000
0001110000000111100000000011000000000000000000000000000000000000000000000000000000000000000000000000000000000000000000000
1000000000110000000000000000000000000000000000000000000000000000000000000000000000000000000000000000000000000000000000000
0000000000000000000000000000000001000000000000000000000000000000000000000000000000000000000000000000000000000000000000000
0000000000000000000000000000000000000000000010000000000100000000000000000000000000000000000000000000000000000000000000000
