3.396777868270874
3.358358144760132
3.6930267810821533
3.4884729385375977
3.438114881515503
3.3950650691986084
3.4238929748535156
3.4145758152008057
3.385714054107666
3.3701248168945312
3.3308918476104736
3.617213726043701
3.4198050498962402
3.403844118118286
3.8309741020202637
3.811894178390503
3.4305810928344727
3.3906807899475098
3.330359935760498
3.43666672706604
3.375811815261841
3.415548801422119
3.458548069000244
3.359630823135376
3.962394952774048
3.435718297958374
3.4074959754943848
3.4451329708099365
3.5085761547088623
3.503706932067871
3.445448875427246
3.413456916809082
3.424553155899048
3.417093276977539
3.3550291061401367
3.3759098052978516
3.361760139465332
3.3391637802124023
3.4948720932006836
3.510572910308838
3.390184164047241
3.4537668228149414
3.3694918155670166
3.4645400047302246
3.3305559158325195
3.361423969268799
3.3353590965270996
3.3979194164276123
3.3737947940826416
3.339573860168457
