0
0
0
0
0
0
0
0
0
0
0
0
0
0
0
0
0
0
0
0
0
0
0
0
0
0
0
0
0
0
0
0
0
0
0
0
0
0
0
0
0
0
0
0
0
0
0
0
0
0
0
0
0
0
0
0
0
0
0
0
0
0
0
0
0
0
0
0
0
0
0
0
0
0
0
0
0
0
0
0
0
0
0
0
0
0
0
0
0
0
0
0
0
0
0
0
0
0
0
0
0
0
0
0
0
0
0
0
0
0
0
0
0
0
0
0
0
0
0
0
0
0.516594
0.391637
1.31841
0.239339
0.0839566
46.1391
0.0335689
-0.121347
-5.47313
1.07886
-0.296798
-0.269048
-14.9303
0.171128
0.603146
-0.377811
-0.766808
-0.455309
0.078013
0.130837
0.588749
-0.0715085
0.486189
-1.90602
-0.0927811
0.0863214
0.0394629
0.490654
0.205958
0.35194
4.71203
0.13394
0.0819288
0.109875
0.00481922
0.419998
0.458318
0.315766
1.70877
0.424645
0.194707
-0.0502622
0.254789
-0.0660124
0.595135
0.539899
0.369239
9.60828
-1.29806
3.18891
2.55837
-1.44783
-1.14563
-1.39816
2.51681
0.502327
1.16171
-1.6378
0.776403
-0.999723
-1.08581
-0.0308516
-1.01538
0.86736
-1.0902
0.276819
0.341833
0.88814
14.273
0.478067
0.310146
-0.0558874
-0.0592091
-0.199695
-0.526689
1.3938
0.192826
1.90905
0.128721
-0.565254
-10.3294
1.11021
0.335697
0.0384834
-0.120676
-0.108622
-0.125823
-3.07423
-0.0345156
-0.957925
0.796463
-0.377307
-0.252178
-6.74418
-0.419219
0.69112
0.473376
-0.0209766
-0.169147
-0.123215
0.0764148
0.186774
-0.261445
-0.251953
0.964432
-1.46636
-0.288882
-24.0827
-0.340507
-0.264383
0.53176
0.377839
0.0448049
-0.0939428
0.041943
0.10649
0.364518
0.240872
-0.277065
0.880813
0.157947
-0.447682
28.7074
-0.259536
-0.464045
-0.572905
-0.0857595
0.0914408
-0.0493276
0.341987
-0.399589
-0.570319
-0.223135
0.0653153
-0.0652116
0.968509
0.00740965
-0.375973
-16.1993
-0.0289414
0.142085
-0.200744
-0.328924
-0.558995
0.0224264
-0.154624
-0.404121
-0.931671
-0.405679
0.0892364
0.0880277
-0.00368282
0.963316
-0.451899
-0.134852
1.79054
-0.349608
-0.143947
0.107338
0.374428
0.170956
-0.668018
-0.317683
-0.416481
-0.392512
0.0376863
-0.0391739
-0.147679
-0.0703527
-0.121197
0.774034
-0.440918
0.153198
3.47567
-0.0186804
-0.244431
-0.181615
0.183877
0.655681
0.844182
-1.55825
-0.370403
-0.745834
-0.0118361
0.126423
0.015481
-0.0788394
-0.00133268
-0.0284924
0.618261
0.087768
0.0863287
-3.53562
-0.129321
-0.341855
-0.166161
-0.160691
0.115595
0.700116
7.21657
0.379311
0.0196287
0.455669
0.0721529
0.0211111
0.0209902
-0.112592
0.189895
-0.0770806
0.363853
0.498202
0.347272
5.38798
0.493677
-0.938957
-0.445222
-0.256528
0.186313
-0.196539
1.19186
0.783195
0.441723
-0.311471
1.03977
0.28018
-0.123315
0.0505951
-0.158187
-0.344276
-0.51855
0.206213
0.403426
0.939627
-1.38961
-0.0143279
-0.111219
-0.0556544
-0.0488834
-0.237583
0.602752
-5.18279
0.225973
1.92874
0.744265
1.12324
0.412326
0.138138
0.170024
0.028649
0.0176854
0.172495
-0.302624
5.82203
0.137404
0.0298663
14.5267
0.259545
-0.0078676
1.84464e-05
-0.0645048
-0.0282266
-0.0475065
-1.68086
-0.00738114
-1.37156
0.972764
0.834705
0.361812
0.397751
0.0901276
0.0460706
0.0955952
0.0136448
0.0658202
-15.2011
0.324831
-0.342183
-0.0596781
-15.2111
-0.100766
0.102833
0.0182771
-0.00554152
-0.10981
0.00225589
-0.179021
0.18618
-1.05248
-0.946095
0.157626
0.827163
0.258772
0.189127
-0.153271
-0.0249147
0.0603477
0.06678
19.7923
-1.18436
-0.136406
0.420599
-0.445159
-10.3533
-0.339551
-0.145263
0.0626244
-0.0304712
-0.0248795
-0.00784791
0.0713555
0.138657
-0.817791
-0.586486
-0.554673
-0.142166
0.705745
0.25153
-0.0380733
0.0276617
0.0411164
-0.079378
-11.2197
0.494771
-0.0949942
0.281818
0.278746
-0.456288
-15.9672
-0.540661
-0.413346
-0.150907
0.0621973
0.11704
-0.0181288
-0.823767
-0.213605
-0.103105
0.111231
-0.350324
-0.387839
-0.399135
0.777878
0.189255
0.00815507
-0.00415067
-0.0897187
3.02651
0.324974
-0.1195
-0.0935341
0.447232
0.758664
-0.680197
-3.285
0.0453669
-0.161861
-0.415866
-0.182555
0.000601331
0.0092596
0.322289
-0.117277
-1.32581
0.493084
0.143772
-0.114964
-0.350015
-0.342758
-0.0340287
0.0985975
0.197704
0.141282
5.29332
-0.317911
0.269321
0.00452451
0.0169918
0.927336
-0.518359
0.14159
-12.0252
0.101245
0.0639179
-0.0433866
-0.383459
-0.33124
-0.106696
0.0512853
-0.125191
1.07632
-0.0330766
0.0296631
-0.034215
-0.0427717
-0.118867
0.00146484
-0.573303
-0.267718
0.138877
-8.17625
0.153074
0.0262773
0.122394
0.072783
0.0956055
0.833683
0.104867
-0.233678
-5.91588
0.0369888
0.0533823
0.0495597
-0.0336285
-0.315414
-0.319494
-0.366885
-0.215078
0.123807
-0.00514519
0.0615698
0.0398455
0.0380447
-0.171183
0.157305
0.414043
-0.652282
-0.386143
0.519571
-0.0842062
0.00487007
0.0524035
0.0110003
0.0599866
0.158005
0.542171
0.0665039
0.275
-17.6945
-0.0498175
-0.17032
-0.12215
0.0422386
0.0147971
-0.335335
-0.476045
0.0940978
0.684809
0.0222204
-0.00198674
0.0317481
0.113801
-0.0263725
-0.2127
0.454544
0.575649
-0.68951
-11.171
-0.00558171
0.10438
-0.0424277
0.0172264
0.0567699
0.0154305
-0.0245586
0.111395
-0.146268
0.0295724
-20.7272
-0.150391
-0.0221008
-0.0769895
-0.138129
0.0692178
0.0830076
0.26319
0.128149
0.161546
0.145718
0.082351
-0.0315562
-0.119772
-0.0471163
0.0054538
0.0207099
0.609777
1.16199
-2.16721
0.314343
0.101229
-0.0133954
0.00138282
-0.0288558
-0.0539717
0.0260056
-0.232141
0.00929035
0.395564
0.300786
-17.3075
0.0896095
-0.526858
-0.170802
-0.0714423
-0.166211
0.0361547
0.00448326
0.173054
0.313582
-1.53446
-0.320651
-0.0604825
-0.296671
0.00085415
-0.105131
0.354663
0.266465
0.668832
30.3392
-0.552262
-0.112257
0.0378372
0.0719402
-0.0085651
0.0519213
-0.0457312
-0.0540565
-0.376274
-0.683216
0.258167
0.739965
12.1436
-0.346601
-0.159372
-0.00526014
-0.0773063
-0.00124077
-0.0206515
1.48314
0.106741
0.18187
0.397402
0.186302
-0.250712
-0.0258756
-0.109725
-0.046191
0.0526062
-0.0293433
0.096303
1.91414
2.5824
0.950937
0.00265578
-0.00344912
0.0969389
-0.0489103
0.0405764
0.022842
0.0852369
0.0505077
-0.670536
-0.105788
-0.358674
1.4323
-0.202031
0.0101137
-0.0717933
-0.0531862
-0.013161
-0.0351119
-0.142506
-0.29503
-0.0890493
0.264262
0.346002
0.113015
0.00274472
0.0638075
0.0280828
0.092728
0.0361856
-0.00448135
-9.08351
-1.31337
1.01385
0.669877
-0.0229092
0.140899
0.0113019
0.0711211
-0.0561566
0.149627
0.0693282
0.187142
-0.332156
0.560552
0.232764
4.34872
0.0980033
0.0721815
0.0164043
-0.0632969
0.0402077
-0.0836243
-0.144193
0.0661555
-1.2185
-0.642717
-0.139974
0.0808119
-0.00423635
0.0491953
0.205469
0.0440988
-0.015391
0.0206685
4.56645
-0.611127
-0.61085
0.321788
0.740471
0.132118
0.136484
0.0487292
-0.0174919
0.0942608
0.0183376
-0.0522579
-0.29526
-0.240623
0.351898
-0.149846
5.84502
0.0613384
0.0999478
0.147245
0.0399756
0.0336618
-0.133453
0.667692
-0.156415
-0.126987
-0.393773
-0.389195
-0.290931
0.0948952
0.0484959
0.0611646
-0.057081
-0.0185962
0.00146064
-18.4432
-1.46598
-0.433763
-0.530697
0.231598
0.718709
0.310372
0.139518
0.0917962
0.0829591
0.0585624
0.0524774
-0.119902
-0.328051
-0.0520267
0.404468
0.0493554
-33.134
-0.249024
-0.252941
0.0392039
0.0953365
0.0731003
0.126595
-0.0946016
0.0424124
0.530519
-0.620357
-0.533861
-0.314595
-0.259782
-0.16115
0.0458095
0.0631089
-0.113587
-0.0605304
-4.35364
-2.11875
0.0711679
-0.128688
-0.54963
0.0268285
0.748608
0.340141
0.00372129
0.000171593
0.0417137
-0.189059
0.114322
-0.00362779
-0.176885
0.368612
-0.0407428
0.174948
9.02275
-0.134067
-0.293734
-0.283093
-0.308696
-0.0358486
0.141335
0.347893
0.129576
-0.686418
-0.138158
-0.221458
-0.0656213
-0.354642
-0.376844
-0.521164
0.0271984
-0.00471159
0.0352831
-2.88899
0.363382
-0.0840387
0.0649005
-0.185932
-0.498274
0.149123
0.332026
0.337681
0.25513
0.200604
0.0911505
0.311127
0.119665
0.221399
0.0263375
1.14047
-0.240616
-0.298301
15.6895
0.277634
-0.00800522
0.0357653
0.0272187
-0.260217
-0.453547
-0.440914
0.122301
0.675996
-0.102904
0.321405
0.0906438
0.214788
-0.158628
-0.247665
-0.45099
-0.345802
-0.159381
-5.08056
1.53541
0.19548
-0.0212909
0.0647821
-0.0360111
-0.0163115
0.755644
-0.881236
-0.445593
0.000656434
0.242959
0.0638869
0.141736
0.0427144
0.0990464
-0.0204419
0.902207
0.267528
0.0416972
25.8515
0.044551
0.0474867
-0.000273395
0.0330863
0.014831
0.116755
-0.101078
-0.0267184
-0.787063
-0.255571
0.00267835
0.00972256
0.00382115
0.156839
-0.0658173
-0.267671
-0.23307
-0.277692
-7.34335
1.05848
0.0734148
0.0135696
0.0525809
0.0841281
-0.0510924
0.0753037
0.7493
-0.515648
-0.351108
-0.194374
0.141297
0.068259
0.100664
0.0508417
0.11499
0.105827
0.65943
-0.27
0.579399
-4.22257
-0.0919157
0.026238
-0.0175834
-0.0737091
-0.014162
0.115739
0.122255
0.103897
1.15861
0.623389
0.00881235
-0.0498897
-0.0554213
-0.0328496
0.128842
-0.0651947
-0.038239
-0.261487
3.50339
0.686311
0.0525443
0.137398
0.000831231
0.00172907
0.112058
-0.103529
0.12718
0.858267
-0.451306
-0.33262
-0.0712742
-0.0300132
0.0763863
0.0832901
-0.0214567
0.0803844
-0.152363
0.135131
-0.269147
-0.353463
9.01856
-0.147465
0.203926
-0.0797273
0.0333412
-0.181109
-0.173663
-0.316227
0.0195945
0.0697377
0.150713
-0.207556
0.0480329
-0.0873373
-0.0337295
0.123459
0.00868625
0.296018
0.0687381
2.05172
-0.0508362
-0.110831
-0.0268239
-0.00848489
-0.0252089
0.0285478
0.0699861
-0.0437829
0.117825
0.940922
0.201039
0.253024
0.134981
0.0095602
-0.00676247
0.0810617
0.137154
-0.0372984
-0.435098
-0.033116
0.400151
0.28548
28.96
-0.522042
0.131185
-0.07697
-0.118538
-0.0323308
-0.149287
-1.09121
0.144226
0.326487
-1.37286
-0.0874834
0.0239244
0.0940632
-0.0755827
-0.0314659
-0.0445947
0.135396
0.155989
9.70874
2.68867
0.144051
0.0380081
0.0221821
-0.00778866
-0.0466071
0.0895708
0.036369
-0.015211
0.457825
0.731253
-0.202099
0.102678
0.0148241
-0.162117
0.18426
0.0483448
0.173836
-0.198036
-0.346888
-0.805602
0.192748
0.917636
0.86452
0.126088
-0.101177
-0.118525
-0.0316467
0.0395015
-0.0265805
0.735728
-0.0568044
2.49984
-0.580427
-0.0450127
0.031987
0.00564622
-0.0954423
-0.00677596
-0.0719215
0.039413
0.142165
-9.87769
0.815616
0.335817
-0.0558074
0.294651
0.124256
-0.0619091
0.148644
0.127962
0.0400176
-0.0336203
-0.0916214
1.13667
0.750461
-0.323957
-0.0486852
0.0410722
-0.0627523
-0.0907174
0.0297989
0.143595
0.109436
-0.0244218
-0.723634
-0.0324171
-1.80662
0.0347439
-0.0959068
-0.038267
0.00391035
-0.0227533
-0.0993039
0.101303
0.049532
-1.11814
0.0201129
0.0182845
-0.0676256
0.118803
-0.10649
-0.0497385
-0.0489682
0.0933136
0.0390171
0.423479
-0.553538
0.0411479
0.168589
-0.023763
0.161338
0.030797
-0.0158817
0.0800174
-0.0502923
0.0426954
0.294807
-0.336657
1.09186
0.551128
-0.120306
0.168492
0.0209395
-0.0789748
0.0682313
0.0854523
0.16497
0.211348
-0.274007
0.141694
0.244784
-6.62602
0.236228
-0.0745226
-0.108467
-0.0194558
-0.0949893
0.139921
0.264007
0.252145
-0.274955
-0.0854339
-0.00166513
0.110539
-0.00984668
-0.0647179
-0.160172
0.121709
0.0896288
0.0858501
6.82304
-0.639378
-0.303985
-0.226563
0.12092
0.103817
-0.113347
0.130082
0.0332963
-0.0158833
-0.0669635
-0.072673
-0.351878
-0.512343
0.600966
0.604232
0.0820837
0.23919
-0.0799486
0.0451322
0.104054
0.268903
0.170656
-0.298828
-0.245265
0.380399
0.0422674
-5.56826
0.319773
0.0739126
0.0212737
0.0652826
-0.00294107
-0.0100451
0.151908
0.0728199
0.335085
-1.10506
0.260249
0.0113042
0.188589
-0.0986147
0.241725
0.101288
0.0890687
0.0260269
21.6548
-0.257769
-0.25121
-0.24615
-0.124285
0.220933
0.0611742
0.0525359
0.00998667
0.0754474
-0.0311851
-0.00388744
-0.689633
-0.420391
-0.581583
0.643125
0.626046
0.299133
0.180542
-0.0252853
-0.0102841
0.034364
0.138791
-0.291778
-0.419123
-0.353034
0.286837
0.241079
1.56055
-0.417647
-0.105599
0.0487231
0.139004
0.237198
0.249586
0.580167
0.210054
-0.322102
0.769757
-0.00162612
0.207698
-0.0976314
0.245732
0.276721
0.435522
0.053901
-0.00838582
-13.8889
1.4232
-0.441581
-0.213065
-0.196808
-0.339464
0.241677
0.308337
-0.0282714
0.120047
-0.299751
-0.325094
0.0838972
0.00646901
-0.334626
-0.835962
0.569774
0.522025
0.24956
0.0216389
-0.0512611
0.153213
0.113267
0.176279
-0.0872381
-0.371254
0.378686
0.382667
0.31602
4.97284
0.411418
-0.0199402
0.0393974
0.081889
-0.253573
-0.213393
-1.90783
0.237653
0.236575
0.361974
0.247467
-0.240943
0.046086
0.0458703
-0.0100719
-0.142704
0.231441
-0.272249
-7.41405
-0.0353551
0.0685339
0.221577
0.131939
-0.0913428
-0.345342
0.0401604
-0.0903085
-0.456456
-0.0520457
0.238443
-0.248914
-0.242705
-0.157356
0.165878
-0.303984
1.18259
-0.323446
-0.0777804
-0.0242841
0.0125263
-0.271221
0.201768
-0.176611
0.123361
-0.685736
1.10039
0.000461477
0.203258
-35.3241
-0.177341
0.110053
-0.038197
0.0158029
0.19708
0.0991985
0.193336
0.173512
1.09427
0.499302
-0.263605
0.0272535
0.0354197
0.17157
0.0327669
0.148381
0.0750778
0.143934
28.4515
-0.923305
0.161245
-0.0917195
0.110221
0.029389
0.0159807
0.0289837
0.155125
-0.11007
-0.010638
-0.475868
0.257777
-0.0550305
-0.0172916
0.0582059
-0.00794955
0.0377859
1.10741
0.00256695
-0.394158
-0.106775
-0.226435
-0.113969
0.0192905
-0.0989792
-0.045999
0.0850911
1.22553
0.269987
-0.24275
-13.33
-0.160969
0.00751731
-0.0134534
-0.0301661
0.101211
0.0254253
-0.195907
-0.0617172
0.155155
0.47151
0.0624287
0.118709
-0.0176839
0.0320758
0.0850624
0.0568969
0.09664
0.00754307
3.6952
-1.70185
-0.0948421
0.0383178
0.0619025
-0.114368
0.0387034
0.100126
-0.0146326
0.0766165
-0.0373596
0.0421229
0.148558
0.00858526
-0.017278
0.0389364
0.0318245
0.00831518
-0.036134
0.882222
0.0442607
-0.369835
-0.288876
0.127717
0.0372351
0.0983857
-0.016082
0.115586
-0.396729
0.441588
-0.265371
0.118728
-1.92439
0.15246
-0.0282531
-0.00164441
-0.110667
-0.0483838
0.023408
-0.33627
0.0218882
1.28749
-0.0517225
-0.054708
0.088595
-0.0482871
0.167655
-0.0115734
0.00142419
0.148745
0.190554
2.21985
0.461267
0.0579364
0.0931647
0.0579588
-0.13181
-0.0737995
0.0419383
0.0192004
0.0181103
0.0180786
-0.27479
0.203238
0.0786232
0.0399839
0.0512903
0.0986414
-0.0149272
-0.0275875
-0.0858958
0.890423
0.0329879
-0.330434
0.0407496
0.223406
0.0567326
0.156843
0.290536
0.781655
-0.140573
-0.0737763
-0.134213
0.0867725
1.24775
-0.0570223
-0.0222925
0.00649288
-0.0448999
-0.0305297
-0.123452
-0.0217459
0.101337
-0.808688
-0.0102479
0.0975753
0.0748191
0.176985
-0.080324
0.0236245
0.0285296
0.0828478
0.180671
2.5091
-0.602434
0.26789
0.112782
0.0553212
0.029365
-0.00784421
0.11359
0.113095
0.169673
0.149196
0.361642
0.0641789
-0.0179278
0.0876041
0.108925
-0.0753306
0.0274708
0.0558006
-0.00430933
-0.328839
1.04898
0.53653
0.184417
0.100601
-0.0312048
0.114712
0.236503
0.00215104
-0.111059
-0.37527
-0.297747
0.414104
0.333857
-2.72239
0.549123
-0.0983363
-0.046942
0.0210994
-0.0922996
-0.216777
-2.34722
0.214318
0.420545
0.0568359
-0.121022
0.0180539
-0.054746
0.0976775
-0.0689409
0.00326072
-0.0470434
-0.236295
-29.0493
-1.27929
0.148301
0.165133
-0.0612036
0.0692895
-0.126439
0.110478
0.174142
0.136059
0.422914
0.177125
-0.178786
-0.0636859
0.0554326
0.152669
-0.153829
0.0158453
0.000424996
0.107985
-0.000523595
0.584717
0.887318
-0.0265326
0.453172
-0.0221141
-0.293284
-0.0109846
0.279187
0.0100282
-0.281511
-0.436612
-1.05969
0.139029
-0.373246
-3.68902
-0.0368591
-0.0113493
-0.0757612
0.0552794
0.0336854
0.0239495
-0.156656
0.30943
-0.47239
0.158125
-0.210626
-0.0713524
-0.0330253
0.039433
-0.0353246
-0.0334381
0.00949462
-0.0441859
-6.0378
0.104402
-0.150791
-0.00451473
0.0354025
0.0699357
0.0887977
-0.0154747
0.0417679
0.0792072
0.129163
0.0200538
0.136113
0.385659
0.032038
0.141219
0.131422
0.138627
0.0675993
-0.0213354
0.177065
0.0577636
0.0433336
0.952336
0.0592659
-0.218567
-0.0209214
-0.0265576
0.0592331
0.291107
-0.0688752
-0.0710543
0.0765481
-0.00708373
0.894982
0.247845
-3.62535
-0.286849
0.00784457
-0.0533985
0.0153913
-0.00539356
0.0892362
0.302601
0.0101865
-0.176358
-0.183804
0.152475
-0.0236211
-0.0755512
-0.0358876
0.100732
0.0847007
0.0211123
0.0916845
-6.26931
0.106686
0.026837
-0.0691716
0.060045
0.103802
-0.0904682
0.0204895
0.109229
0.146381
0.0180417
0.503035
-0.0128264
-0.0431586
0.0699301
-0.118074
0.239146
0.0459696
0.0254093
-0.0543521
0.112473
0.0303388
0.107812
-0.388704
0.972985
0.2515
-0.235626
-0.0510803
0.4118
-0.150763
-0.0539764
0.119231
0.126981
0.538076
-0.41919
0.233468
-0.281891
4.76267
-0.0318241
0.00250965
0.029866
0.0258816
0.0359135
-0.0703633
0.265205
-0.111569
0.116875
0.569611
0.144689
0.227648
-0.00221713
0.100513
-0.00198834
0.0651306
0.0803773
-0.0768681
-13.1695
1.22666
0.159684
0.0226014
0.0545545
-0.10774
0.0910994
0.052482
0.061542
0.0526493
0.187346
0.257056
-0.197341
-0.0219322
-0.0199582
0.196212
0.187214
-0.0529699
-0.0710663
0.0635184
0.0993818
0.126546
0.170477
-0.503605
-0.354412
0.936015
0.48828
-0.415482
0.0928743
-0.138611
0.278918
0.123438
0.121591
0.0301246
-0.316083
-0.40792
-0.192723
0.132416
2.82331
-0.154969
0.156509
0.058404
0.0318064
-0.0637865
-0.0471981
-0.0744419
0.162157
0.702892
0.248834
0.189636
0.103607
0.115181
0.0694216
-0.085415
0.0195797
0.136622
0.0867944
-26.8757
-1.38363
-0.0310554
-0.105065
0.0765342
0.0891822
-0.0569493
-0.0327867
0.0334519
-0.0174017
0.0380522
0.0197411
0.343725
-0.188435
-0.112608
-0.0754953
0.35912
-0.10031
-0.117529
0.0840959
0.116605
-0.035438
0.0518094
-0.102372
-0.151211
-0.320788
1.17952
0.582353
-0.0421224
0.075476
0.0212128
0.0509627
0.0578089
0.100489
-0.167072
-0.280915
-0.294333
0.371728
0.30231
-9.63004
-0.00308999
0.0534817
0.103096
0.0215949
-0.07174
-0.0104765
-0.433147
0.23763
0.0679831
-0.544931
0.0979705
0.169976
0.173565
0.308391
-0.0617368
0.053282
-0.01628
0.106741
21.2341
1.57722
-0.309916
-0.0760806
-0.0605761
0.229504
0.147356
-0.0611969
-0.0391965
-0.108019
0.327765
0.167834
-0.736144
-0.131241
-0.0574837
-0.0657824
0.0366608
0.138743
0.40476
-0.0629478
0.137722
0.0765851
0.0963898
0.0455704
-0.0156663
-0.194195
-0.312376
1.62204
0.861667
-0.23792
0.23831
0.253457
-0.0234978
-0.0929811
-0.253512
-0.0879586
0.00565099
0.487767
0.299212
0.280896
-19.6002
-0.0690331
0.0286924
0.041452
-0.0370153
0.134167
0.108507
0.0908945
0.190314
0.139797
-0.0832719
-0.139391
-0.0140017
0.0501041
-0.0400703
-0.0843113
0.0709874
-0.124229
0.0973591
-3.09483
0.854412
-0.125759
0.00185948
-0.0243758
-0.041233
0.0596419
-0.168979
0.0184614
0.119844
-0.198493
0.158489
0.388835
0.0931174
-0.0382283
-0.00772195
-0.0490952
-0.244848
0.0558104
0.144237
-0.0349951
0.0333186
-0.107464
-0.207185
0.0129349
0.048315
0.113182
0.191205
1.76397
0.397536
-0.162871
-0.112246
-0.108462
-0.0939453
0.244248
-0.0924479
-0.0237156
-0.311303
0.679095
-0.307844
0.0445953
11.1557
0.00249986
-0.0858213
0.097598
0.107737
0.0589996
0.0518303
0.0492378
0.0720026
-0.996027
-0.122609
0.180408
-0.0495515
-0.0205678
0.0466787
0.151538
-0.0899807
0.0915182
0.131429
-13.9917
0.516302
-0.000483719
0.0527266
0.079502
0.0584471
0.0674218
0.0731017
0.0539119
0.182889
0.0414212
0.188767
-0.11076
-0.039015
0.0317254
-0.000416865
0.0393856
0.137048
-0.00981747
0.245293
0.0920637
-0.0851634
-0.0409315
-0.115199
0.0671222
0.0913571
0.0366416
0.184001
0.452157
0.918373
0.542169
-0.119454
-0.10181
0.237517
0.00394384
-0.033288
0.0381397
0.043248
-0.167453
0.277796
0.139115
0.123103
-4.52169
-0.0538233
0.0654559
0.00691019
-0.0152733
-0.0537118
-0.039688
0.179009
0.263029
-0.169782
-0.331689
-0.0704843
0.052606
0.0921403
-0.10181
-0.00701485
-0.0692193
-0.0592985
0.120426
-17.6796
0.601758
0.103049
0.0600871
0.0803677
0.0402757
-0.00102484
0.0435256
0.0815589
0.00211339
0.00917617
0.277221
-0.0529512
0.0639654
0.138094
0.0562535
0.0229202
0.0308899
0.0245694
0.0848483
0.136797
-0.0511592
0.0548457
0.128019
0.0505627
0.191041
0.148835
-0.055523
0.115338
-0.13115
0.940977
0.585578
-0.20884
-0.0380692
0.0997108
0.0425781
0.0212792
0.013443
-0.0134699
-0.134038
0.130289
-0.970619
0.169745
10.5646
0.0704927
0.0478205
-0.040775
0.0565947
-0.0371183
0.0334971
-0.388594
-0.0196488
0.689631
0.0285528
0.321873
0.134274
0.110412
0.0434444
0.0161856
-0.0224406
0.014068
-0.0444326
-18.6306
-1.25433
0.00623387
0.028449
0.109987
0.0812067
0.00389424
0.0615835
0.0770058
0.0544574
0.0255366
-0.0533009
-0.0365082
0.0900477
0.029274
0.0566219
-0.00893606
0.121957
-0.0127103
-0.131196
-0.0281656
0.210664
-0.0334874
0.125127
0.0875711
0.163983
-0.100618
0.0674236
0.212396
-0.129061
-0.427488
1.00665
0.57467
-0.497915
0.073811
0.163476
0.0659317
0.072502
-0.092786
0.0816008
-0.246324
-0.192877
-0.0195772
-0.14118
-6.66158
-0.0370835
-0.026378
0.0216981
-0.0570115
-0.0934852
-0.134067
0.465126
0.291012
0.353161
0.31649
0.0517804
0.143558
-0.0996086
0.103501
-0.182938
-0.0762933
-0.31023
0.0299337
-6.30444
0.255405
0.142574
0.0457087
0.0632598
-0.0345529
0.0834642
-0.0504238
0.00560139
0.202572
0.122177
-0.181954
0.138778
0.160859
0.166437
0.174806
0.078935
-0.00748289
-0.0856641
0.0308386
-0.0826716
0.0837033
0.578314
0.284625
0.14828
0.129401
0.050558
0.236934
0.194458
-0.235068
-0.074281
-0.564046
1.13431
1.09482
0.0927428
0.0453548
0.12489
0.013064
-0.129862
0.0177288
0.0533845
-0.273113
-0.668072
0.464109
0.351084
6.17433
-1.6161
0.0254808
0.0714522
-0.136974
-0.160417
0.640909
1.81406
0.271169
0.463041
0.0764496
0.442989
0.101538
-0.0164281
-0.224544
0.446331
-0.32243
-0.0974214
-0.0438896
6.79974
-6.19059
0.406081
0.143194
0.329785
0.03811
-0.0482846
0.0522939
-0.0171957
0.162221
0.0123616
-3.07911
-0.254161
0.264368
-0.0441561
0.317877
-0.153741
-0.0483748
-0.232048
0.00407805
-0.0545441
0.348756
0.000788411
-0.0497909
-0.129868
0.0167892
0.102288
-2.69796
-0.0228741
0.813396
0.335095
-0.0477851
-0.197717
1.06406
0.320802
0.906729
-0.102245
-0.282217
-2.19084
-0.0425521
-1.0855
-0.213611
-0.607406
-0.816563
0.180682
-0.146211
-8.58134
-0.21985
-0.0767122
-0.00215566
-0.00169721
-0.00238261
0.153796
0.0837812
0.260325
-0.680072
-0.0138359
0.0128777
0.0350191
0.0164197
-0.110528
-0.0485294
0.11888
-0.0265447
0.0865598
-1.95638
0.658311
-0.000138751
-0.0287919
-0.0066362
-0.0187993
-0.0548917
0.021975
0.0485019
0.154896
0.0447964
0.0219537
0.0672095
-0.00310081
0.176317
0.0650004
0.069882
0.0487007
-0.126804
0.0701468
0.00465475
0.120952
0.0248184
0.160102
0.239959
0.0236106
-0.045378
-0.295115
0.0769524
-0.0572625
0.173439
0.143875
0.0986245
0.0359005
0.932786
-0.429396
-0.281913
-0.261668
0.553359
-0.0978851
0.0847728
0.100843
0.105219
0.00704036
0.308392
0.760833
0.260605
10.1735
0.0584524
0.030785
0.01083
-0.0285821
0.0778002
-0.0297488
0.472293
0.031452
-1.91018
0.172063
-0.120969
-0.0342977
0.101596
0.0142523
-0.175518
0.0644823
0.0628698
0.113037
-6.6051
0.917674
0.0656185
-0.0496657
-0.0301593
0.103696
0.022605
0.0492522
0.0225174
0.0894742
0.122365
0.397371
0.0925291
0.0474613
0.144896
0.0361099
-0.0916681
0.0724843
0.115945
0.086372
0.115241
0.0402222
0.497134
0.125866
0.00580622
0.0720742
0.098065
-0.0296477
0.223161
0.0840858
0.127422
0.163557
0.087768
0.198512
-0.0794314
0.918892
-0.158806
-0.268744
-0.0289267
0.00860294
-0.0239916
0.0710236
0.0690332
-0.0556226
21.2009
-0.423143
0.301254
0.634015
-0.22433
0.180966
0.00629609
0.0212571
0.0323061
0.118209
0.0627043
-0.157016
-0.105382
-0.110261
0.0942035
0.00272539
0.00941769
0.0598727
-0.007448
0.02541
0.0428317
-0.0102484
0.0952301
10.743
1.04304
0.0447183
0.0217234
-0.0430185
0.109186
0.0326607
0.0571105
0.100792
0.0710843
0.0231546
0.250807
0.0782347
0.0780957
0.106877
-0.0223277
0.0189834
0.0917891
0.0527436
0.169203
0.0975777
0.0342114
-0.150634
0.151692
-0.106328
0.0450788
0.220274
0.410813
0.150794
-0.141265
0.0235694
0.121477
0.0591307
0.129505
-0.245315
-0.111664
0.934421
0.00868551
-0.0509632
-0.170794
0.0504021
0.00653377
0.0519698
0.0994074
4.47181
-0.400887
-0.329033
-0.0912136
-0.162573
9.33956
0.111426
-0.0663045
-0.00600766
-0.00300504
0.0927303
0.073221
0.182065
0.0977021
1.56322
-0.25306
0.00425777
0.0740483
0.0345682
-0.0441045
0.0736964
0.0804995
0.0279868
0.0761444
2.45541
0.0297091
0.139119
0.16876
0.060537
0.0272575
-0.0892123
-0.00555835
0.0249017
0.0695242
-0.0517154
0.0993134
-0.084261
0.0738724
0.0883758
0.0640774
-0.0122718
-0.0269074
0.0453132
0.0918807
-0.0852707
0.121359
0.116811
0.0886742
0.0544963
0.0733851
0.111655
-0.0155843
0.0668746
0.0289426
0.0825962
0.00446021
0.101199
-0.0703494
0.225712
-0.150571
0.104514
0.949644
0.521701
0.0465252
0.0227891
0.0359342
0.107248
-0.0560516
13.3096
-0.145309
-0.293497
-0.029359
0.193778
0.338679
14.695
0.235824
0.0339616
0.0714148
0.0345494
0.0239425
0.0195754
0.575298
0.12412
-0.0861756
-0.0637934
0.0633452
-0.214845
0.108699
-0.092293
-0.0492023
0.020334
-0.0873023
0.116477
-5.11635
-0.658733
-0.0246074
0.0164173
-0.0249618
0.0959399
-0.0658223
0.00893279
0.027556
0.0845621
0.0208821
-0.0322379
-0.100575
0.0759571
0.0340877
-0.108537
-0.115545
0.0612564
0.104022
-0.0996986
-0.035074
-0.0779087
0.0159286
0.0526004
-0.0518579
0.0650468
-0.145995
-0.43797
-0.373489
0.0923787
0.0334732
-0.082118
0.0334142
-0.0951185
-0.0467778
0.129623
0.0920529
0.181
1.01084
0.513511
-0.0379055
0.0037416
0.09746
0.0354438
-36.0793
0.0547484
-0.079455
0.0344388
0.403952
0.0221485
-0.0163654
7.62124
-0.0521393
0.0309363
0.00245789
0.0082779
0.0394482
0.0170356
0.268259
0.0317076
-1.48216
0.253658
-0.264389
0.0256835
-0.0212997
0.00766522
0.0900853
-0.0282176
0.0723935
0.116737
2.83267
1.24602
0.0710083
0.015228
0.0566793
0.0326022
-0.0330913
0.00261588
-0.0145288
0.07528
-0.022945
-0.0703383
0.128651
0.0781158
0.115049
0.0656796
0.0685999
-0.000666788
0.156619
-0.0160981
0.114046
0.0101414
0.213656
-0.0893553
-0.0745626
-0.0200555
0.203895
0.172927
-0.0566913
0.127506
0.0462919
0.0378043
0.099813
0.188861
0.118746
0.111465
0.0576703
0.018989
0.181874
0.899584
0.519432
0.00843562
0.119034
-0.00502266
2.36138
-0.00720822
0.0511551
0.0646832
-0.0514938
0.387816
0.301906
-0.161733
3.27563
0.13065
0.105017
0.00274323
0.00156727
0.0106088
0.0493381
-0.359741
-0.170423
1.33751
0.321221
0.0973831
0.0716457
-0.0179624
0.172254
-0.0386738
0.00798982
0.084302
0.00452288
19.5983
-1.06369
0.0400042
0.0429652
0.0677186
0.0916521
0.063247
0.0457425
-0.00442042
0.0312872
0.0691089
-0.182193
0.0498721
0.100794
-0.0659153
0.159626
0.146669
0.00777844
0.261996
0.0519038
0.0290641
0.151331
0.174285
-0.0660539
-0.02467
0.0539777
-0.0723912
-0.0151348
-0.295292
0.113371
0.213378
-0.0273804
0.0359714
-0.103925
-0.12538
0.064185
0.0323832
0.0209122
0.174178
0.125111
0.984934
0.609947
0.0887198
0.0440779
-0.777648
0.0118604
-0.0729474
0.000377993
-0.0123688
-0.0366496
0.298297
0.196875
0.396759
-1.13401
0.231661
0.0292659
0.0356953
0.0504629
-0.0427923
-0.109761
-0.145545
0.0530891
0.737417
0.31886
0.0822369
0.0570669
0.061173
0.0124459
0.00401038
0.0102619
-0.104367
0.00276379
2.26587
1.13112
0.109026
0.141099
0.0165404
-0.00340179
0.114885
0.010925
0.014749
-0.131439
0.0488623
-0.128491
0.0782813
0.0633689
0.103346
0.204804
0.0723299
-0.0643652
0.235347
0.0125287
-0.00101712
0.00497281
0.131539
0.0902789
0.134624
0.202394
0.150087
-0.00190736
-0.00778663
-0.142999
0.0780867
0.342944
0.0665465
0.156215
0.113661
0.0681328
-0.106095
-0.064613
0.0144916
-0.0666808
-0.329482
0.854237
0.738907
-0.134613
-11.9791
0.112272
0.0115773
0.129159
0.0428988
0.0565979
-0.197964
0.125021
-0.458462
-0.149934
-18.6097
-0.0606882
0.108745
0.0849726
-0.00219454
-0.00670612
-0.109553
-0.375676
0.0978369
0.444697
0.337452
0.0182698
-0.0370918
0.0419106
0.0238423
0.109285
-0.0411927
0.0097948
-0.156513
-3.70395
0.324044
0.069703
0.14917
-0.0637047
0.126527
0.0101258
0.010117
0.0867357
0.0153364
-0.106856
-0.0258688
0.30477
0.0971323
0.192074
0.0819571
-0.0313337
0.174343
0.083429
0.0157875
0.0645057
-0.00777693
-0.048409
0.117534
0.0902097
0.01534
0.0541735
-0.0870222
-0.261839
0.0793634
-0.116434
0.0331331
0.379587
-0.0591928
0.0768253
0.216418
0.0663683
0.189643
-0.182935
0.0295776
-0.0484333
-0.45088
1.1238
0.892351
-17.9183
0.235494
0.0428835
0.00246307
0.0465868
-0.00156478
-0.0648037
-0.261974
-0.283896
0.101079
-0.552946
4.10135
0.388258
-0.041738
-0.00482725
-0.00506344
-0.109124
-0.263031
-0.819573
0.0379523
0.141326
0.0351468
-0.0362951
0.169324
0.0501423
-0.00059101
0.0290952
-0.0681256
-0.0182779
0.141934
-25.1017
0.707333
0.165338
0.165954
0.178423
-0.0286072
0.0935031
0.00249045
-0.0259018
-0.229504
-0.114175
-0.150678
0.085837
-0.0620871
0.148778
-0.101406
0.156584
-0.186513
0.1105
0.130373
0.275891
0.143486
-0.215653
0.0765012
0.0843111
0.170266
-0.0599979
-0.00750163
0.410967
-0.312851
-0.0759757
-0.070867
-0.0948744
0.638979
0.09089
0.135606
0.0156671
-0.016544
0.324854
-0.137791
-0.225699
-0.240862
-0.365961
1.21947
60.5972
0.175217
0.224828
0.0938549
0.0811738
0.0430245
-0.0164924
-0.257331
-0.317369
-0.679333
0.503634
0.362103
1.55274
1.22467
-0.295943
0.0697506
-0.0590559
-0.153539
-1.69171
1.9757
0.280151
0.494032
0.313539
0.012369
-0.405918
0.500311
0.272089
-0.0820956
0.289808
-0.4059
-1.67618
6.76887
-2.04515
0.050249
0.178321
-0.0295391
-0.0961815
0.183377
-0.542361
-0.537799
0.890943
-0.253107
0.420762
-0.107497
2.88311
0.857944
-0.413
-0.221923
0.512169
0.356672
-0.311672
-0.197836
0.143369
0.293135
0.714066
2.59086
0.249332
-1.58053
-0.17245
-0.107084
-0.020597
-0.868151
-0.0841532
0.483624
-0.712376
-0.368987
2.82084
0.505575
0.672805
-0.604556
-0.151623
0.460019
-0.229507
-0.5218
-0.191808
52.9192
0.623043
-0.265944
-0.285036
0.310715
0.497705
0.367654
0.146896
0.212932
-0.369371
0.196477
0.255104
0.204155
-10.6364
0.0889012
-0.1136
0.0648897
-0.0217694
0.0597071
-0.000393639
-0.0399874
0.407406
2.21214
-0.0239798
0.132431
-0.346379
0.115283
0.0724382
0.11013
0.070058
-0.00897464
0.037924
-3.08684
-0.636341
0.031207
-0.0635206
-0.0846356
0.0813246
0.125845
-0.0883074
0.0724874
0.0378727
0.0249394
0.130002
-0.189106
0.00742331
0.00307382
-0.111032
-0.0296085
-0.0931311
0.0431764
0.0750198
-0.0177178
0.132846
0.0671614
0.0388231
0.0591977
0.0759473
0.05755
0.263953
0.487555
0.066042
0.114796
0.226999
0.139895
-0.145764
0.0861233
0.158998
-0.00674353
-0.15606
-0.338464
-0.0130052
-0.0392572
-0.0528742
0.0471217
-0.0192297
-8.59674
0.897728
-0.552205
-0.22425
0.0389674
-0.0224274
0.0603603
0.109673
-0.0429712
-0.111524
0.0470563
-0.957207
0.333706
-0.312828
15.4192
0.0610323
-0.0566854
0.0250531
0.0689749
0.0279442
0.101059
-0.511416
0.0457735
1.01706
-0.177815
0.0607685
-0.0990226
-0.0468288
0.0220796
0.200731
0.0499881
0.101171
0.0330097
17.714
-0.79168
0.0509062
0.0328009
-0.000540761
-0.0517383
0.0838061
0.0566765
0.10285
0.111054
0.151457
-0.126088
-0.350816
0.0458247
-0.0254072
0.0777035
0.0964619
0.00721042
0.0976311
-0.00325492
0.0701766
0.0509467
0.21098
-0.133175
0.0230895
0.0482583
0.0289542
0.136484
0.180343
0.0971005
0.0216424
0.166531
0.0643113
0.0118828
0.329783
-0.0771562
0.000121389
-0.164617
0.0814865
-0.134769
0.0677944
-0.0114158
-0.0180459
0.135318
15.5911
0.551202
0.817986
-0.485818
-0.211609
0.114227
0.058978
0.0539137
0.0575019
0.0651829
0.0106228
0.663753
0.0177963
0.199093
0.132274
-0.942788
0.149802
0.0342117
0.00544137
0.0444727
-0.0169878
0.0304181
-0.0647664
-0.249352
-0.671866
0.0241299
0.089569
-0.10262
0.0487879
0.0906819
-0.0078549
0.121158
0.130884
0.107101
-0.244798
-0.303688
0.0190509
0.0837811
-0.0103428
0.0441624
-0.0154867
-0.0519221
0.102231
0.0360664
0.0832226
0.0785355
-0.126849
-0.0239656
-0.0221233
-0.0516599
0.0132637
0.0812574
-0.179734
0.0601878
0.0663705
-0.0572002
0.118977
0.012073
-0.0230586
0.0600755
0.0565061
0.245531
-0.048931
-0.030529
-0.0171679
0.0308925
0.0599704
0.0282033
0.139367
0.050214
-0.069172
0.0348182
-0.0735501
0.20028
-0.00621435
0.0620158
0.0635239
0.0349435
11.4829
-0.0924375
0.291198
0.716926
-0.262079
-0.1321
0.0242653
0.0176738
0.0406979
0.0650907
0.111412
2.32932
-0.293996
0.154058
-0.626314
0.514963
-0.722601
0.0767523
0.095081
0.0846044
0.0565762
0.0138787
0.102578
-0.0457498
0.355788
-0.131763
-0.0108894
0.0270817
0.00612237
-0.0131831
0.00632608
0.0882385
0.159689
0.118792
0.00532239
0.176136
-1.13365
0.0267236
0.0440452
-0.0158755
0.0363268
0.0580806
0.166172
0.0992697
0.0256918
0.200537
-0.0244192
0.124762
0.00515091
0.0158153
0.0981597
-0.0206221
0.120828
0.169537
0.0724965
0.0352487
0.0404318
0.160827
-0.0483706
0.0804977
-0.0168294
0.0431904
0.319242
-0.380894
-0.00843979
-0.0449652
0.0547522
0.025258
0.0241618
0.0586532
0.0761948
-0.0351279
0.0333093
-0.0568996
-0.101612
-0.0266547
0.0533112
0.0466553
0.0633067
-10.6405
-0.0126492
-0.138464
0.245996
0.764416
0.186502
-0.000783512
0.0357256
-0.00694924
0.0703332
0.058562
2.59921
0.0916986
-0.139032
0.317895
-0.118621
-0.376333
6.89332
-0.0300834
0.0739188
0.00273388
0.0241158
0.0542612
0.0184565
-0.0773176
-0.169045
1.01783
0.464228
-0.088971
0.0492555
0.0949886
0.118155
-0.0499833
0.0651344
0.0795523
-0.0190683
-3.61324
0.00675425
0.0578839
-0.000233366
0.0531316
-0.034128
0.0664763
0.0853652
0.0787279
0.0212446
0.0609586
0.0340815
-0.0443192
0.044297
0.0562422
0.0126059
0.058066
0.0411682
0.158664
0.0562844
0.116909
0.023521
-0.0101321
0.131056
0.0466601
0.0670034
-0.0888202
-0.0744546
0.234663
-0.0405072
0.0359403
-0.0288014
0.0033406
-0.00201153
-0.10444
0.0345596
-0.0279246
0.0634019
0.380568
0.0493098
0.0893803
0.0587607
0.0371915
0.00794557
-1.90501
0.0482015
-0.032121
-0.0587589
0.190492
0.861171
0.455453
-0.0715784
0.0715891
0.0492531
-0.046454
-2.36233
-0.0485409
0.0873027
-0.135427
0.480771
-0.459354
-0.461198
2.7011
-0.000678763
0.0348192
0.0962975
0.0705848
0.0957202
0.135355
0.797932
-0.284664
-0.559908
-0.117542
0.160204
0.0147994
0.0825564
-0.0209309
0.0480584
0.0599218
0.000496163
0.0518106
-2.18442
-0.0879949
-0.0414788
0.12613
-0.0249923
0.0122493
0.15362
-0.0742987
0.0881439
0.014887
0.0401047
0.157944
0.171046
-0.0319333
0.0383026
0.145561
0.0982216
0.0616377
-0.115845
-0.0392938
-0.0450403
0.0835635
0.071698
0.0718111
0.13853
0.0161838
0.172279
0.14581
0.0836752
0.120604
0.0781639
0.0479142
0.0477835
-0.0399154
0.0299185
0.068555
-0.00109535
0.122497
-0.00249829
0.261527
0.0779898
0.00186278
0.00488225
-0.0823659
-5.37642
0.0102668
0.0592229
0.0832645
-0.00201047
0.137589
0.665608
0.454169
-0.0495005
0.0297428
0.157213
-0.692317
0.0785351
-0.0759174
-0.0539018
-0.0935182
0.399024
-0.299808
0.263848
11.1374
0.193082
0.0442663
0.0643072
0.0673504
0.0913208
-0.0147737
0.63743
0.0605822
0.783573
-0.0966645
0.0720872
-0.0660753
0.145229
0.128682
0.0579757
0.0772222
0.105099
0.0618982
4.63571
-0.0902683
0.0399332
-0.0314168
0.159285
0.0202056
-0.0159842
0.119733
-0.0209678
-0.087069
0.0403338
0.208091
0.0258251
0.133665
0.106013
0.115126
0.0376897
0.0333889
0.0512469
0.0791623
-0.00496765
-0.0752853
-0.0972924
0.0417973
0.0967899
-0.0497419
0.0871655
0.127059
0.214269
0.0647093
-0.0595996
-0.117045
-0.124949
-0.0563347
0.117472
-0.0343075
0.0796736
0.106988
0.181492
0.0215267
-0.156998
0.176191
-0.0457798
0.12214
1.23438
0.0296541
-0.0537172
0.0558498
0.0264811
-0.0432641
-0.200648
0.628411
0.655393
0.0158647
0.0692088
-0.883841
-0.0220873
0.0439484
0.0217387
0.0275729
-0.052157
0.286911
0.531135
0.449742
13.1497
-0.0383965
0.0115835
0.0999925
-0.000255639
0.099974
0.0694514
-0.130911
0.0603401
0.165752
-0.0167459
-0.00525694
0.17366
-0.071392
-0.0456314
0.0901091
-0.0558068
-0.120214
-0.0928489
-2.00812
0.944316
0.0565667
0.0358431
0.16996
0.00537337
0.168956
0.0156149
-0.0486593
0.0536851
-0.00760038
-0.0785707
0.189098
0.049384
0.126107
0.0396026
0.165034
0.0152252
-0.0307554
0.137789
-0.113548
-0.018812
-0.0950078
0.0299416
0.0632497
0.0344008
-0.0198277
0.0528467
0.037107
0.0667048
-0.0189851
0.0178052
0.0414088
0.0270816
0.0139626
-0.0630074
0.108023
-0.00878422
0.323913
0.19289
-0.150753
-0.0828398
0.277267
-0.00974491
11.6922
0.159341
-0.0251145
0.0893534
0.0279453
0.144884
0.0158187
-0.356748
0.764999
0.89746
-0.146627
0.588849
0.0589123
0.00786746
0.0178455
-0.0157394
0.060564
-0.209211
0.0778689
-0.0996104
-0.0930429
9.50945
0.224696
0.175224
-0.00596265
0.0250795
-0.00537519
0.120328
0.0484583
-0.124304
-1.61024
0.180125
0.24293
-0.0157399
0.0540485
0.0842741
-0.0761156
0.0327295
-0.1167
-0.180414
-5.61726
-0.170486
0.0497943
0.139987
0.213246
0.0163094
0.0568628
0.107114
-0.0511849
-0.00385102
-0.0504552
-0.371074
0.16644
0.170141
-0.0546097
0.105201
-0.0508008
-0.126439
0.164849
0.187515
0.0335991
-0.0268562
-0.156184
0.0160281
0.0631056
0.068072
0.0511532
-0.260765
0.216861
0.0374669
-0.0731323
0.215386
0.0547115
0.0236918
0.127387
-0.0859636
-0.0845321
0.247995
0.0695041
-0.140825
-0.0108908
-0.195377
-0.216193
0.435927
-8.36955
0.0507195
0.0991902
0.12027
0.106125
0.118773
-0.0328366
-0.0314404
-0.488459
0.854795
0.92696
-0.780709
0.101207
0.119402
0.143758
-0.0388052
-0.0199899
0.0779059
-0.29594
-0.185119
0.22928
0.012287
-0.599191
-0.0676964
0.121222
0.043664
-0.0234945
-0.102267
0.025631
0.848059
0.173964
0.779374
0.43571
0.257515
-0.0552091
-0.151351
-0.0293628
-0.0312952
-0.118013
0.0122544
-0.203076
-6.62366
-0.192403
-0.122904
0.0179773
0.00110181
0.0490098
0.0627406
-0.0575747
0.10587
-0.0145447
0.104541
-2.65592
0.068986
0.103923
0.0779735
-0.101404
-0.217369
0.151386
0.099405
0.00609098
0.00177247
-0.0461534
0.119039
0.282532
0.139555
0.0925611
-0.068875
-4.26974
-3.53282
0.547074
0.22611
0.297173
0.169619
-0.106346
-0.104648
0.0590017
0.109784
0.669794
-0.157662
0.125166
-0.142036
0.28038
-0.150693
-0.334075
17.0276
0.219691
-0.102022
0.0680365
-0.00535804
0.0331454
0.0872982
-0.192143
-0.131335
-0.624113
1.67478
4.84398
-0.0242278
0.0680628
-0.0399794
0.0960806
-0.050357
0.00725053
0.120691
-0.19532
-0.0925578
0.503858
0.66244
8.38524
0.0103024
1.88365
-0.354752
0.278574
-1.9619
0.404689
1.9635
0.281296
-0.0500369
-1.11832
-0.949802
0.046879
-0.288363
0.0236246
-0.0645748
0.360346
-2.86878
0.819232
8.27704
-4.51642
0.330995
-0.0257697
0.350773
-0.263547
0.644601
0.946071
-0.453071
-0.594797
-1.94042
4.4008
0.47687
2.59533
0.646006
0.300146
-1.62516
-2.03304
0.598055
0.504811
-0.0520245
-0.0176367
2.65398
0.889204
1.9292
-0.0816356
-0.103795
0.727196
3.0501
2.2141
-0.207965
-0.156778
-0.614252
-0.941798
-2.71597
2.18784
0.362854
-1.65783
2.55754
2.37136
-0.724334
0.794834
0.805489
0.978136
49.3402
1.23889
1.44839
1.08531
-2.08036
-1.64404
-1.79139
-2.16944
-0.44078
0.550685
-0.433503
2.15833
1.21754
0.0061871
2.14123
0.407394
0.443236
-2.36814
0.0626292
-0.998199
-0.358305
-0.187699
0.329152
0.273039
1.4416
-0.156273
-0.225873
0.2085
0.0266799
-0.0636937
0.123341
0.0558446
0.091689
0.0609309
0.530116
-0.185632
0.147542
-0.116775
0.0226825
-0.100398
0.0927765
0.469615
0.108857
0.08678
-2.15211
-0.268443
-0.1015
-0.176497
-0.0261904
0.0728937
0.229994
-0.019486
0.20925
0.321574
-0.0694929
0.235186
-0.0237821
-0.0653859
0.109388
-0.135653
0.0815649
0.258447
0.175142
0.181944
0.182439
-0.0988029
-0.281551
-0.0322594
-0.0446271
-0.0776089
0.179154
0.0434777
0.19178
-0.0417213
0.0667445
-0.0902819
0.12034
0.187535
0.219657
0.019296
0.219704
0.295098
0.112076
-0.000972324
0.233574
0.0201102
0.0494048
-23.8472
0.229759
0.142039
-0.0650168
-0.344206
0.0842393
0.0236069
-0.0543403
0.202256
0.129562
0.181739
0.58411
0.652738
-0.687725
-0.293066
-0.056811
-0.0178882
-0.16693
0.0319634
-0.0549325
0.0714072
0.40464
0.346414
-0.282852
-0.116356
-0.380585
0.146076
0.0401624
0.0858432
-0.0109016
0.114991
0.121666
0.588887
0.134249
-1.19022
0.171124
0.0897314
0.0838492
-0.0517536
0.0977139
-0.0251624
0.104726
0.201169
0.179064
4.76766
0.118426
-0.0621873
-0.0397159
-0.0935921
-0.0182281
0.0457249
0.0958659
0.180174
0.063656
0.184109
0.302604
-0.0865155
-0.0448088
0.04596
0.0192155
-0.0427582
-0.0100707
0.136058
0.0669287
0.0489217
0.0700726
0.0860965
-0.3012
0.0285944
0.172812
0.152692
0.314059
-0.38032
-0.000335427
0.105796
0.00072789
0.141085
0.0246164
0.0352265
0.0641201
-0.0793777
0.0691335
0.0588622
0.104644
0.0241527
0.0684759
0.23486
0.186567
7.08756
0.248829
-0.154518
-0.15827
-0.151803
0.0674682
0.00992208
0.0111708
0.124772
-0.0345267
-0.0115318
-1.79413
0.703384
0.815834
-0.608087
-0.14718
-0.0215763
-0.10947
0.0664595
0.0129827
0.155557
-0.282831
0.441004
0.866756
-0.249417
0.0660974
-8.42186
0.0626396
0.179544
-0.00411408
0.0621033
0.171622
0.0974559
0.492927
0.0362108
-0.618326
0.136457
-0.124909
0.0188096
0.0750883
-0.05496
0.0936642
0.214456
0.193709
0.0705497
4.62481
0.0181509
-0.0366894
-0.0023224
0.0375334
0.0572028
0.0369919
0.144876
0.0854945
0.136562
0.123634
0.20109
0.0476397
-0.122726
-0.0759487
-0.0103949
0.077702
0.0720107
0.0763052
0.0656377
0.0169056
0.27668
0.174567
-0.0211724
-0.0206497
0.0233866
-0.0368486
-0.146462
-0.101051
0.0397795
0.0566574
0.0120623
0.00992113
-0.0415792
-0.0201339
-0.0269994
0.0391563
0.0625993
-0.108166
0.178652
0.0123226
0.00177335
0.058873
-0.0215629
-16.4987
0.0362535
0.104897
-0.0953808
-0.188869
0.0411538
0.0830781
-0.00978162
0.00696676
0.0356016
0.0610329
1.35815
-0.101983
0.445558
0.592818
-0.497348
-0.00823783
0.0309781
-0.00713768
0.0455753
0.0415076
-0.00662559
0.111422
-0.21162
0.269993
0.358337
-0.00709299
-0.559684
0.126042
0.0563916
0.0969667
0.0658524
0.0791057
0.0734436
0.20909
0.0176434
0.804793
0.225569
0.0144215
0.0306794
0.0879423
0.0829623
0.0733295
0.140159
0.0682104
0.144771
-3.11196
0.0474967
-0.00195403
-0.000721665
-0.00415895
0.0891054
0.0382227
0.154391
0.193248
0.0943722
0.114656
0.339895
-0.0376405
0.0633999
0.0181947
0.00563011
0.0455278
-0.195572
-0.0199836
-0.0804996
0.0275353
0.026803
-0.113187
-0.0546561
0.0299507
0.0133224
0.119013
0.301243
-0.121739
0.0678594
0.140583
-0.0239579
0.0096514
0.159987
-0.0616841
-0.040274
-0.111397
-0.0602281
0.142213
-0.0943539
-0.0395625
0.0341136
-0.0250966
0.088795
-3.71385
-0.0719367
-0.0441598
0.07341
-0.135594
-0.142882
-0.063066
0.0151104
0.0627635
-0.0151512
0.00579676
-0.852063
-0.014317
-0.188129
0.258848
0.446879
-0.00708511
0.0101439
0.00724675
-0.0197689
-0.0681273
-0.00150605
0.388054
0.0819134
-0.176325
0.322539
-1.00027
0.110194
-0.674916
-0.146527
0.0800323
0.0515946
-0.0130671
0.168844
0.213288
-0.0897266
0.00783022
0.380916
-0.0368204
0.0083662
0.151044
-0.043979
0.137418
0.0932259
-0.0199623
0.000215234
0.0574248
7.85958
0.03566
0.121562
0.00805855
0.038359
-0.00799522
0.102846
0.0273393
0.0104135
0.0515846
0.070906
0.0807253
0.0264557
0.0626908
-0.0226375
-0.0175096
-0.0396093
0.0107986
0.0568832
0.0977812
-0.0332405
-0.0291753
0.079567
0.0195969
0.0260087
0.0632555
-0.0384435
-0.0367495
-0.0630101
0.0282439
-0.00433187
0.0205773
0.1243
-0.0197149
-0.0377803
0.0129469
0.0450859
0.0104905
-0.114276
0.10021
0.198756
0.0165582
-0.0525384
0.0486764
-0.818272
0.124733
0.00636199
0.00201865
0.0393344
-0.226604
-0.0316918
-0.0273938
0.0481879
0.0208254
-0.0811369
1.45924
-0.132664
0.0755149
-0.064851
0.144429
0.275603
0.289397
-0.0142217
-0.0856313
0.0818591
0.00777518
0.0484048
-0.124842
-0.0195948
-0.0748769
0.446722
-0.0317456
0.209184
-4.47128
0.178052
0.173262
0.0414937
0.113135
0.124443
0.187942
0.642718
-0.0158295
0.608265
0.443249
0.217461
0.113617
0.062973
0.0309884
0.0551382
0.0759838
0.154503
-0.123955
-14.8604
-0.295001
-0.0586687
0.0898346
0.0146315
0.236276
0.163955
0.074059
0.0570626
0.0766649
0.0368856
-0.112515
0.211678
0.0206314
0.0555606
-0.0758768
-0.00672793
-0.165233
0.0250104
0.00280124
0.0759663
-0.0447467
0.00465313
0.0409763
-0.0680182
0.0614103
0.0384132
-0.12719
-0.00817249
-0.0594575
0.0949781
-0.027685
0.0384664
0.121065
0.0892069
0.0749562
0.0520702
-0.0209212
0.246412
-0.108261
-0.0584002
-0.0247974
0.021352
-0.0104898
-2.11417
-0.0323504
-0.0493469
-0.0175991
0.103706
-0.0347234
-0.0764684
0.125236
-0.044174
-0.0791554
0.0455942
-1.1837
-0.0498089
0.0547165
-0.00915375
-0.0263694
-0.106773
0.362466
0.539652
0.053128
0.00188415
0.0346837
-0.174289
-0.0947056
-0.0263399
-0.0917625
-0.104957
0.51699
0.320752
0.231207
5.17663
0.216665
0.107433
0.1277
0.0775148
0.0497414
0.113997
0.147295
0.0451615
0.61187
0.225336
0.00390636
0.0661035
0.143868
0.141878
-0.010056
0.0593872
0.083507
0.0800569
1.43874
-1.06898
0.0394587
0.160337
0.159075
0.0256287
0.114453
0.0628426
0.051302
-0.0548494
-0.0498726
0.0414435
-0.126877
0.185361
0.0677316
-0.0286495
-0.0677354
0.192118
0.161509
-0.136162
0.015094
0.00185063
-0.039599
0.083724
-0.0938744
0.0203737
0.0354892
-0.0436892
0.157236
-0.0390957
0.0542449
0.0992291
-0.113986
-0.217613
0.08046
0.0486647
0.0389928
0.150749
-0.201702
0.0685647
0.0700485
0.0648465
-0.132109
-0.0223681
3.33499
-0.0927413
0.0942414
0.000300682
-0.0509264
-0.0918596
-0.0801907
-0.167848
0.140013
0.0212993
-0.175201
-0.374628
0.00959051
0.016266
0.0190915
-0.027411
-0.0325062
-0.171123
0.435036
0.761008
0.0378824
0.136943
-0.0676811
0.0150092
0.0619422
-0.00584879
-0.0364132
-0.132855
0.412796
0.191018
-0.132389
-12.4644
0.218825
0.125124
0.0351597
0.0527172
0.152756
0.176974
0.367783
-0.172909
1.48766
0.134435
0.0821875
0.157478
0.0997389
0.076061
0.0967765
0.0108724
0.0611388
-0.0723999
-9.83895
1.68534
0.0568043
0.0539445
0.0493709
0.0461906
0.042708
-0.00609198
0.0651647
-0.206401
0.0309388
0.152775
0.321406
0.00767761
0.0231368
0.0720219
0.194339
0.362404
0.144422
0.0143222
0.00221121
-0.121637
0.0412666
0.158781
0.0783854
0.0776345
-0.00504507
0.148374
0.104085
0.0789398
0.0342633
-0.129444
-0.0319717
0.0487803
0.0939986
0.0157125
0.020472
0.0474236
0.251614
-0.118225
0.0596573
0.0920365
0.187045
-0.0146482
-7.15161
-0.0126243
0.0440561
0.0739837
-0.0240547
-0.0945211
0.00814832
-0.116085
-0.235115
0.203986
0.104187
3.57135
0.0392135
0.123798
-0.0788795
0.0193259
-0.0062589
-0.143892
-0.445392
0.522206
0.771535
-0.0709226
-0.842294
-0.00657206
-0.0247093
-0.0548355
0.0171807
-0.0287429
-0.0530797
0.221689
0.105961
0.104172
15.2174
0.110267
0.0346872
0.0344867
-0.00189484
0.104608
0.275597
-3.43657
0.0952359
0.468311
0.263807
0.0827184
0.259017
0.0712426
0.0444747
0.0604876
0.220511
-0.0469914
-0.09239
24.6553
-0.155579
0.0304433
0.0537166
0.0401703
0.220816
0.0193623
0.0629011
-0.0193797
-0.0482671
-0.0779422
0.379183
0.137176
0.160118
-0.0243634
0.14256
-0.00249554
0.0414498
0.114783
-0.027947
-0.0635118
-0.13152
-0.0653891
0.00567727
0.145909
0.115113
0.327095
-0.69104
-0.672733
-0.397836
0.140796
0.0398631
-0.109374
-0.227051
0.07501
0.058895
0.0136892
-0.303756
-0.058367
0.342451
0.158803
0.0169981
-0.0905926
0.225488
-8.84195
0.0504204
0.0405805
0.0140607
0.00151322
-0.028515
-0.159642
0.185594
-0.272814
-0.06652
0.408762
1.27704
-0.0342038
0.0111443
-0.0540184
-0.126945
-0.0240155
-0.0419019
0.0226806
-0.526401
0.684288
0.992458
0.350529
-0.0346392
0.0218739
0.0114048
-0.0184737
0.0333717
-0.125979
-0.0483805
0.222171
0.35498
0.67959
5.81133
0.180183
0.144514
-0.0548915
-0.0214794
-0.0241643
0.540203
-3.10693
0.244541
0.588793
0.12617
0.170956
0.0328971
0.600379
0.482394
-0.0347425
-0.0759506
-0.028237
-0.82065
5.29527
0.0199544
0.144561
-0.0858589
0.0537709
-0.0425866
0.15861
0.176196
-0.196303
-0.144073
-0.287388
-0.991768
0.236767
0.329145
0.22012
0.271782
0.317219
0.473661
-0.00540711
0.199586
-3.95159e-05
0.0977654
-5.11042
-0.270365
0.39546
0.0103388
0.507288
1.17885
-1.29002
-3.85874
0.0139486
0.0118689
-0.0407771
0.98479
0.283997
0.17993
-0.378425
-0.387242
-3.77838
-2.97167
-0.184987
-0.046199
0.134582
0.536278
-0.582193
-0.0120914
0.272654
0.0148527
-0.127377
-0.0649534
0.109433
-0.452744
-0.200135
-0.351583
-0.93658
3.7861
0.0981262
0.0486772
0.265249
0.105205
0.00265439
0.0147168
-0.49658
-0.218576
-0.786285
1.76217
2.2464
0.41219
-0.275897
0.217118
0.201884
0.238236
0.22017
-0.0917899
0.241146
0.362454
0.539842
0.370135
9.61693
1.31864
1.50757
1.79599
3.97267
3.9641
2.47191
2.24498
0.287787
0.506566
0.160511
1.85283
-0.102317
-1.5252
-1.94858
-0.924899
-1.70908
-0.0232494
0.86896
8.69724
3.13778
1.01617
0.765024
-0.347727
0.877549
-1.25217
1.70663
0.236855
-0.564815
0.165265
5.1869
0.656317
0.386656
-0.285616
0.911761
2.21554
1.89486
0.580146
0.321352
-1.85644
0.298786
7.81731
0.410447
-3.74674
-1.18942
0.742831
1.61198
3.472
2.99124
1.78365
-2.68472
-0.127513
2.5795
0.51048
-8.60664
0.22648
1.92194
5.74457
3.63745
2.89966
-3.58425
-0.726982
0.167053
20.493
0.471805
-5.47262
-2.08283
2.69032
2.59881
3.4028
0.385233
-0.075275
1.06447
1.47759
1.17969
3.35194
-1.07236
-0.723849
0.00190977
2.18343
3.15269
0.141148
-3.39042
0.876304
1.84216
0.456982
8.91324
1.40554
-1.54348
-4.14165
-1.58823
-2.66706
-0.73834
-0.0950845
1.43487
22.1492
0.470302
0.355133
8.89853
-1.03546
-1.95389
-0.00554751
0.0382661
-0.0504771
0.0314175
-3.16219
0.269321
0.408742
-1.15621
0.0452254
0.117312
-0.164375
0.153624
0.024837
0.839958
-0.0269043
0.184762
-15.0074
2.21104
0.704962
-0.0450734
0.135467
-0.332479
-0.244834
-0.0662452
0.107399
-0.0194497
0.0271196
0.260288
-0.275769
-0.335283
-0.0693401
0.0248516
-0.0273888
0.0841761
-0.021121
0.276744
-0.0961403
-0.289087
0.259186
-0.935925
0.0994221
0.0461206
0.161262
0.261592
0.763827
-0.315933
0.0489628
-0.0108338
-0.0167036
0.767415
-0.486437
-0.263576
-0.217877
-0.101316
-3.04076
-0.328912
0.221343
0.207429
0.286023
0.13543
18.9036
-0.112603
-0.136566
-0.118561
-0.0579518
0.128605
0.0656023
-0.257095
-0.0021281
0.0519465
0.374827
1.10036
-0.0693906
0.230305
-0.0907333
-0.125211
-0.0492357
-0.0293542
-0.184658
0.145449
-0.10491
-4.13262
0.442494
0.7399
-0.770457
-0.220606
-0.117645
-0.100142
0.115518
0.0278727
0.164967
0.365764
11.4924
0.276107
0.10016
0.165281
-6.49542
-0.013065
0.293788
-0.0593671
-0.000234171
0.164621
0.118015
0.0218505
0.540213
-0.23054
-0.254087
-0.0881105
0.0502068
0.0490471
0.0759096
0.0283964
0.227748
-0.0987083
0.171943
-2.322
-1.02025
0.0832575
-0.0146479
-0.0704384
0.0431424
-0.0635195
0.0209084
0.140426
0.0174537
0.113262
-0.000327141
-0.292504
0.0260003
0.0159408
0.0681681
0.0592949
0.151574
0.0866591
-0.0702368
0.0503716
0.104393
0.084216
-0.0399715
-0.186088
0.0480903
0.103925
-0.0304844
-0.10535
0.0841751
0.0174836
0.0291791
0.158468
0.229418
-0.304481
0.0166556
0.0993414
0.121687
-0.255969
-0.0595016
0.0447151
-0.0751755
0.0888885
-0.0532097
-30.6195
-0.229168
0.137542
-0.0322625
-0.107136
-0.162228
-0.0609404
-0.0397637
-0.0689385
0.08088
0.152793
0.230837
0.0664155
-0.164752
-0.245675
-0.170045
-0.042075
0.119299
0.114772
0.126283
0.0730395
-0.154543
0.264001
0.665977
0.525716
-0.672253
0.031104
0.00520634
-0.0514128
-0.063699
-0.0380007
-0.192253
30.4933
0.182065
1.7964
-0.453492
-0.191031
25.3799
-0.0460967
0.101988
0.0844507
0.153551
0.0901893
0.189188
0.178585
0.232911
0.244292
-0.258163
-0.0533441
-0.0137681
-0.0268893
0.215554
0.0329414
0.0464277
0.108295
0.0396576
-10.0977
-0.143429
-0.0206559
0.0353599
0.073514
0.0918914
0.12446
0.033756
0.00430106
0.112685
0.0925953
0.270493
0.0289382
0.0145865
-0.034634
-0.0344222
0.0640172
0.0872601
0.138111
-0.00684261
0.0999547
0.0535951
-0.0110702
0.0584532
-0.00922136
-0.071394
0.0621866
-0.0774452
0.127902
0.0386158
0.0495819
0.0639288
0.011109
0.0215974
-0.129067
-0.0623563
0.117802
-0.0147403
-0.0852566
0.0995834
0.0290118
-0.0105239
-0.0140898
0.0345352
8.16018
-0.033222
-0.0251504
-0.00137343
-0.0151931
-0.180581
-0.0430338
0.0296268
0.0245138
0.0767238
0.0839424
-0.638768
-0.00187259
0.112277
-0.231189
-0.200375
0.0230149
0.0453929
-0.0121784
0.0215308
0.0797293
-0.112688
-0.678057
-0.0310213
0.581842
0.244775
-0.386401
0.0101671
-0.0223855
-0.044242
-0.0385753
-0.128469
18.5472
0.0363879
-0.165007
0.712937
-0.253631
0.780169
2.75707
0.0584534
-0.0347809
0.171203
0.122557
0.214637
0.178526
-0.236034
-0.415283
-0.173567
0.0369335
0.0835735
0.018575
0.0541624
0.0939998
0.0895894
0.204169
0.0640947
0.103581
14.2549
0.133785
0.0691964
0.0867237
0.0274092
0.102879
0.031243
0.00283112
0.0288766
0.00169373
-0.0175376
-0.184307
-0.106359
-0.0121832
0.0327554
-0.0845962
-0.0200445
0.106988
0.0932674
0.106262
0.094821
-0.0301771
-0.0710487
-0.0324546
-0.0207516
0.00351433
0.048056
0.110204
-0.310026
0.143989
0.000311676
-0.054448
0.0590521
-0.101329
-0.041893
-0.0153466
-0.0272036
0.0686708
0.218115
-0.0315633
0.0316085
0.10576
0.0975646
0.11926
1.22331
-0.097054
0.0120839
-0.00699109
-0.0372548
-0.0108254
0.0228194
0.00486594
-0.0173073
0.0966988
0.0305989
-0.339052
-0.116539
0.00442262
-0.0303967
-0.235456
-0.179235
-0.00492907
-0.0298082
-0.0578254
-0.0187091
0.237514
0.0673361
-0.21445
-0.0753296
0.319826
0.0626645
-0.228902
-0.00325177
-0.0333858
-0.0494352
0.0405551
6.00771
-0.0577216
-0.0155002
-0.210255
0.789009
0.305752
-0.0553371
11.4669
0.169504
0.152051
0.238769
0.124485
0.176787
0.0607544
-0.0854776
0.0861772
-0.511942
0.210821
0.127363
0.143742
0.160183
0.211324
0.0933289
0.118043
0.169527
0.119355
-2.10683
-0.968915
-0.0155797
0.0133908
0.0515473
-0.00711489
0.00661443
0.0137768
0.121977
0.165087
0.0948667
0.158808
0.0676941
-0.0175375
-0.00397056
0.120451
0.0140475
0.0338023
0.136726
0.0706964
0.00417492
0.107262
0.193511
0.134075
0.00573806
-0.0218435
0.00533947
0.110285
0.426913
0.027581
0.00571116
-0.00627967
-0.131804
-0.0978343
-0.0239996
-0.00897091
-0.0638847
0.0487346
0.278119
-0.168513
-0.00456989
0.0838429
0.0525378
-0.0110582
2.21388
-0.0416914
-0.00612108
0.0358281
-0.074208
-0.0754026
-0.0128624
-0.113916
0.00704783
-0.0921029
0.0831277
-0.917899
-0.135299
-0.100339
-0.0185107
-0.0901461
-0.253743
-0.190052
0.0627367
0.0791815
-0.124568
-0.243185
0.623739
-0.22666
-0.0383434
-0.0826824
0.0836676
0.0877361
0.22417
-0.0793412
-0.020586
-0.00135044
-4.55174
-0.0824099
-0.439828
-0.162958
-0.158826
0.695546
0.426706
0.212297
16.906
0.0256683
0.193456
0.157397
0.14308
0.0984467
0.026938
-0.0868042
0.182748
-0.914922
0.09938
0.0848444
0.110465
0.0885991
0.0739705
0.125184
0.160724
0.0319497
-0.00252899
5.21063
0.575642
0.244884
0.0815323
0.0481516
0.0324567
-0.00857597
0.0718445
0.066041
-0.0315588
-0.00379871
-0.025228
-0.00130296
-0.0648397
0.072292
0.158936
0.0424877
-0.00966477
-0.113335
0.0273842
0.034556
-0.0251539
0.0652248
-0.0819283
0.109454
0.151873
-0.00641244
0.242492
-0.00570782
0.0982071
-0.0216089
-0.0241205
-0.0900787
0.0143846
0.00838547
0.0673624
-0.0858426
0.063103
0.0327679
0.131169
-0.0508642
0.0667098
0.103441
0.076235
-27.2199
-0.0562693
-0.0312665
0.00878704
0.0658521
0.0777806
-0.108862
-0.0270003
0.00596986
-0.0608227
-0.096131
1.05703
0.00745726
0.0403542
-0.0500627
-0.0116361
-0.120066
-0.292817
-0.0638237
-0.0923365
0.0628616
-0.0423959
-0.533935
-0.203443
-0.0911481
0.0123907
-0.103399
-0.178591
0.0974388
0.548054
0.0167808
-0.133694
-1.84943
-0.0468871
-0.615198
-0.14033
-0.133105
-0.249626
0.653852
0.958581
-0.000464945
11.0371
0.274086
0.100273
0.0999458
0.1101
0.0612288
-0.114089
-0.0356441
-0.101025
0.485239
0.190384
0.144858
0.0259448
0.0675922
0.247056
0.106179
0.104233
0.0536501
0.0373184
-2.2405
0.273611
-0.0659526
0.137018
-0.00695755
0.0142475
0.0351986
0.129524
0.0635362
0.0520746
-0.0560874
-0.0269712
0.139504
0.166073
0.0508093
0.00554616
0.0529782
-0.173531
0.0960418
0.0589362
0.0456225
0.00748073
-0.113636
-0.015428
0.0551138
0.0616858
0.115799
0.192475
0.105519
0.0317346
0.0358888
0.0340316
0.027405
0.0377951
-0.0926633
0.0868543
0.083829
-0.0116943
0.0138177
-0.26432
-0.0572114
-0.0162573
-0.0632837
-0.123039
10.6296
0.0860493
-0.0902753
-0.00658971
-0.0306637
-0.152943
0.100299
-0.176178
0.0352285
-0.0137574
-0.171622
0.238062
-0.161868
-0.0448307
-0.00309802
-0.0305882
-0.148228
-0.14498
-0.0984411
0.133397
-0.0850169
-0.241308
-1.16953
0.0567713
-0.0212879
-0.0100518
-0.0273001
0.0388411
-0.360518
0.0557717
0.654633
0.0362203
-20.9687
0.0487208
0.706379
-0.0789403
-0.0483808
-0.0819794
-0.22303
0.597141
-0.0258656
0.110957
6.02862
0.0425866
0.163363
0.12447
0.0485484
0.0361936
-0.0956679
1.47591
0.0943941
1.33668
0.203297
0.0849193
0.16533
0.21615
0.125648
0.0402205
-0.0549382
0.0996745
0.136093
-8.57665
0.863398
0.210849
0.162548
0.00622786
0.0603817
0.136731
0.0268618
0.135709
-0.0745327
-0.0531186
-0.537453
0.0149983
0.146128
0.196301
0.0559293
0.0749232
0.177254
-0.0922673
0.0463298
0.0566563
-0.137499
-0.322196
0.0862454
-0.0647477
-0.0128763
-0.141032
-0.410096
0.616144
0.0842839
0.0292208
0.00198399
0.00118042
-0.0429009
0.185427
0.0284575
-0.0359238
0.122236
0.215512
-0.00154654
0.167731
-0.00495229
0.106331
-0.227012
-37.2609
-0.0629382
-0.0538231
0.0336587
-0.0723479
-0.0457211
-0.270775
-0.0994402
0.00941401
0.0857432
-0.100753
0.713289
0.162816
0.0862488
0.00952144
-0.0111765
-0.0950632
-0.122679
-0.190759
-0.290914
0.188516
0.0694436
-0.105475
-0.292183
-0.0539854
0.0225095
-0.00924716
-0.0118467
-0.034187
-0.515919
0.224264
0.769136
4.76401
0.146822
1.30779
-0.117818
-0.0738085
-0.135326
0.0523325
-0.160823
0.54506
0.322696
0.671377
2.99272
0.0816929
0.0525586
0.0398067
-0.0583085
0.169682
-0.496043
-0.83901
0.224507
0.195528
0.0778605
0.0887739
-0.0300629
0.245171
0.0737504
0.39348
-0.116748
-0.108193
-0.253529
4.38157
0.598048
0.0566149
0.0504563
0.455014
-0.0877775
0.0600176
-0.024156
0.0705233
0.162328
0.0973124
-1.89723
0.403763
0.130344
-0.0113178
0.114937
0.0927404
0.155656
-0.223233
-0.0283211
-0.281864
-0.168121
-1.11101
0.110363
-0.0609514
0.0387666
-0.198759
1.31615
0.952873
0.19386
-0.0815525
0.201049
-0.0273575
-1.68142
-0.0979585
-0.0739139
0.17227
-0.141452
-0.406888
-0.206614
-0.247125
-0.260869
0.232577
-0.208188
-14.5856
0.149467
0.067137
0.0545899
0.0405307
-0.134342
-0.132682
0.180994
0.0245318
0.154004
0.241271
-0.562945
0.0470104
-0.0172838
-0.128718
0.083292
-0.121251
-0.202572
-0.219816
-0.125778
-0.398382
0.378267
0.835964
0.659135
-0.0575424
-0.0304781
0.0394493
-0.0198166
0.0495651
0.010281
-0.72211
0.76088
35.1786
0.224258
-2.50329
-0.152391
0.0393084
-0.114418
-0.0770205
-0.0275682
-0.0191783
0.756626
0.440089
0.656618
30.2183
-0.512908
-0.500725
0.195922
-0.0181305
0.056066
-2.25016
2.12519
0.266419
0.54309
0.453817
0.478103
0.039987
0.0481519
-0.356974
0.237375
0.0818294
-0.362649
-2.44315
7.55924
1.32509
-0.274568
0.513978
0.0813782
0.239679
0.389642
-0.243217
0.147671
-0.281005
0.211208
-1.04609
-0.122797
-0.0885785
0.283305
0.154827
0.613384
-1.03971
0.311181
0.120014
-0.478722
-0.323471
2.06876
-0.142264
-0.126103
0.466097
0.270336
0.0811654
0.0900774
-0.0144493
0.354556
0.616855
-0.769473
-1.21129
0.20911
-0.399209
0.464388
1.26953
0.849932
-0.284424
-0.352085
-0.0958256
0.423598
0.484404
-56.7148
-0.290135
0.103546
-0.210202
0.0798922
-0.339036
0.224557
-1.15818
0.136827
-0.0330087
-0.147036
2.05656
-2.5489
0.0926402
0.206218
-0.488039
0.0954286
-0.21287
0.130605
-0.05083
0.129785
-0.473451
1.39526
-4.48781
0.330784
-0.435403
-0.157322
-0.459098
0.347974
-0.307132
-0.655228
-0.602122
87.7546
0.254999
-0.480572
-2.53156
0.157582
-0.354091
0.074903
-0.270665
0.0161304
-0.201609
0.781712
0.538181
0.370055
9.61279
1.26121
1.2395
-0.246391
-1.04499
-0.565042
2.08921
2.24402
0.287628
0.506456
0.150035
1.24506
-0.74645
2.15301
1.39028
0.67943
0.216761
3.06738
0.82103
8.6898
3.12588
0.956431
-1.6212
0.0198713
1.08048
1.53833
-1.54325
2.08706
-0.0505403
-1.90564
2.67729
0.629473
-1.62626
0.242706
1.59796
-1.66905
1.79353
0.408
-1.1884
0.486719
-1.41356
-2.50568
-0.102172
1.87077
0.375621
0.266
1.57464
0.757284
-0.0393767
-3.02952
-1.29642
-0.293459
2.4852
2.17373
2.87059
-1.73932
-0.452449
-1.04288
-0.637265
-0.357199
0.828047
0.715627
-0.0755899
20.4831
2.95332
2.00066
-2.12313
-0.299779
0.367859
-0.722827
4.17498
-0.0497252
-2.37505
1.20353
1.17932
0.131103
-0.56781
-3.15699
-0.161911
-1.0139
-1.7776
0.308109
2.21377
-0.176606
1.79197
0.456882
3.82301
2.07593
1.64023
-4.61694
-2.51049
1.05689
0.834229
-0.484308
1.17315
21.6474
0.289808
3.50559
0.022858
2.62152
-1.50663
-2.76253
1.73973
-1.65252
0.561153
0.455755
6.93628
0.53679
0.368293
9.5261
0.768881
-0.182148
-1.34704
-0.0197927
-0.874289
-0.284147
1.90645
0.286715
0.48541
0.0635381
-0.0810129
-1.86732
0.0414924
-0.401665
2.06336
1.3051
2.12527
-0.836302
8.16772
2.45504
-0.390028
-1.16667
-0.0711324
0.339281
2.91366
-0.878227
-0.707502
-0.615327
-0.158659
-2.41018
0.326411
-1.99138
-0.17978
0.31518
-0.232699
-0.0624181
-1.51868
-2.86959
0.231338
0.164237
-1.3922
0.194903
0.271253
-0.168539
-0.35615
1.33665
-1.21126
-1.45904
-0.15376
2.30163
-0.208082
-1.17617
-0.785592
-0.00758095
-0.65544
0.37344
0.970882
-1.81385
-0.288339
1.59077
-0.0118425
-0.788821
20.3541
-1.79093
0.940574
0.806698
0.139995
-2.03344
0.336903
2.88253
-0.160614
-2.33798
0.478401
1.17435
-2.58128
0.194634
-0.490265
-0.457399
-0.0049209
4.69668
0.181939
0.661036
-0.642447
1.77615
0.45603
-0.509738
0.339328
0.370339
0.183377
3.19916
-0.194253
-3.13442
-0.770748
-0.143152
21.8289
0.288598
1.98536
0.286012
0.0755625
0.0116183
-0.179823
-3.60911
-0.426121
-0.704886
0.384512
0.615037
0.392145
0.470108
0.354552
9.05862
-1.13305
-1.78834
0.177925
-0.0498532
0.0561035
0.177037
-0.972274
0.274859
0.425525
-0.496482
-0.00125905
0.135958
0.197863
0.161424
0.525257
2.7734
1.0359
0.0219735
6.70927
1.58221
-0.224976
-0.308797
0.10161
0.222934
0.0469205
0.0738124
0.121808
0.217286
0.823107
0.457676
-0.97189
-0.119734
-0.294148
-0.0581475
0.119916
-0.0196635
0.217366
0.223108
0.0179215
-0.0488571
0.195538
-2.26568
-0.0324303
-0.178204
-0.020212
-0.553242
-0.939118
0.0448697
0.0757872
0.312013
0.11204
-0.0124339
0.0473946
-0.164882
0.261056
-0.0602967
-0.168656
0.0665448
-0.0347179
0.0536598
0.0718402
-0.089204
19.2583
-0.498977
-0.16663
-0.034593
-0.232845
-0.304436
0.228589
-0.189485
-0.145754
0.0530114
-2.35508
1.11547
-0.0225041
-0.00494951
0.0284998
-0.122276
0.0530259
-0.195956
-0.0169664
-0.231896
0.430883
-0.604566
0.440981
0.0911028
-0.382854
-0.268913
0.138979
-0.0446337
-0.0707792
0.0452003
-0.557528
-2.42826
-29.4188
0.273036
0.537224
0.931519
-0.176082
-0.0565717
-0.13926
-0.735984
-2.25423
-2.59362
-0.608886
0.266291
0.357943
4.64982
0.29362
0.291865
5.17637
-0.191601
-0.322064
-0.111129
-0.0461363
-0.0122496
-0.00631518
0.170452
0.217242
0.255636
-1.68937
0.0571935
-0.0123623
0.0264056
-0.0256043
0.456608
1.02926
0.145573
0.100606
-10.2772
1.44851
0.00371508
0.108863
0.177008
0.0669778
0.168006
0.137366
-0.00365711
0.103989
0.0233571
0.129617
-3.16482
-0.0460458
0.0770933
-0.0863656
0.0763083
0.165898
0.152099
-0.0956503
-0.0045297
0.0912162
0.148731
-0.0764973
0.0546092
0.0716379
-0.0609457
-0.00459656
0.669092
-0.0529172
0.136154
0.125388
-0.0186878
0.253345
0.00157505
-0.0904876
-0.15086
-0.0604891
-0.000498502
-0.433543
-0.026557
0.167243
0.0218905
-0.118546
-14.1185
-0.144284
-0.155545
0.193612
-0.0815256
-0.0469753
0.0607548
0.0795989
0.00877213
0.00600905
-0.108514
0.846528
-0.165944
0.00911645
0.00270501
-0.110336
-0.0801882
-0.0713665
-0.0755223
-0.0090206
-0.122207
0.78578
0.394228
-0.161451
0.0116592
-0.23205
-0.230955
0.149509
-0.0822573
-0.176035
-0.106608
0.0786922
32.9197
0.245552
-0.628592
0.47931
0.327623
0.107386
0.0325056
-0.0871105
-0.101673
-0.288961
-3.17466
-1.83658
0.199239
-1.1551
0.382755
0.0162844
0.218096
5.30266
-0.423711
-0.0360922
-0.0888269
-0.0789771
0.0266667
-0.101523
-0.128528
0.172905
0.0214077
-0.224117
0.0491454
0.055434
0.124114
0.190642
0.234699
0.16453
0.214157
0.0759221
6.32764
-4.89261
0.240901
0.0819836
-0.010476
0.0821181
0.131038
0.018483
0.0661113
0.0889218
0.035275
0.103562
0.149377
0.0030078
0.154761
0.0831435
-0.0214963
0.108477
-0.0915683
-0.0308304
0.0908106
0.0129752
-0.0453039
-0.0813152
-0.0350246
0.0395643
0.0392883
0.223905
-0.604134
-0.084053
0.101111
0.15176
0.0480121
-0.0534644
0.0341672
-0.0332848
0.0610986
0.0250651
-0.354259
0.144507
0.0602434
-0.0159372
-0.0247599
0.0423371
-6.0864
-0.133527
-0.11713
-0.113601
0.0433352
-0.111825
0.0247306
-0.0214652
0.0365493
-0.0406361
-0.242866
0.890954
-0.232022
-0.0510172
0.0889679
0.00251262
-0.104945
-0.0152524
0.0336951
0.047831
0.0562142
0.323638
0.26139
-0.192867
-0.11743
-0.0338032
-0.28466
-0.19508
0.10272
-0.0222388
0.13614
0.0218986
-45.1747
0.219969
0.0458417
0.0675465
0.415631
0.121973
0.210994
-0.028852
-0.0895824
-0.172656
0.367232
-5.09265
0.0234166
-0.418648
-0.576415
0.245553
-0.262011
0.145457
-17.5072
-0.130581
-0.152694
-0.0521854
-0.0447083
-0.0665
-0.161895
0.300849
0.159101
1.23446
0.484612
0.0611665
0.0878797
0.15853
0.330254
0.168277
0.0579013
0.0118826
0.0852995
-11.4518
-0.599992
0.0574673
-0.0461539
0.0242544
0.0738813
0.106049
0.0198031
0.01915
0.121134
0.142711
0.233508
0.0890724
0.0713422
0.0772796
-0.0158882
0.0679307
0.0230398
-0.0975467
-0.0383445
0.0325611
0.0612865
-0.00802457
0.0795894
0.0238264
0.0130494
-0.0644164
0.16822
-0.454912
0.0099475
0.0730215
0.0159625
0.00655283
0.106842
-0.00589465
0.0403076
-0.0245245
0.0379889
0.294433
0.00997473
0.0449835
0.0252876
0.0446496
-0.0881686
-3.36497
-0.0177511
0.0343119
0.0198355
-0.0195231
-0.0444278
-0.0289868
0.0327956
0.0405639
-0.00626023
0.136731
-0.7655
-0.218593
-0.0762981
-0.0298776
0.00997876
-0.110388
-0.120795
0.0144417
-0.00191171
-0.0597495
-0.0548616
0.635091
-0.0954142
-0.0925063
-0.0345736
-0.0794773
-0.254325
-0.0796473
-0.0009548
-0.104243
-0.0952528
-61.9872
0.202982
0.0136669
-0.188612
0.0253147
0.223034
-0.0790601
0.318306
-0.00573267
-0.128265
-0.841568
2.13892
-0.0122244
0.280778
0.413513
-0.190289
0.226571
-0.163179
0.182322
-2.43205
-0.246632
-0.0669191
-0.0464634
-0.0477141
-0.0805478
-0.284843
-1.91439
0.206557
1.93599
0.364473
0.142767
0.222229
0.203486
0.146383
0.0899986
0.0656088
-0.0101283
-0.0419321
-8.3404
-0.594557
0.0655232
0.0931864
0.120932
0.176393
0.0273257
0.12496
-0.0315366
0.0222006
0.0167264
0.0977675
-0.0677292
0.0642302
-0.0601717
-0.0328254
0.1204
0.192353
0.00404997
0.0728531
0.0219863
-0.0139661
0.129504
-0.0587608
0.223158
0.0170888
0.0164543
-0.503543
0.280079
-0.029652
-0.00395331
0.0928715
0.0655826
-0.3451
0.0139268
-0.0415333
0.0159189
-0.00235896
0.104833
-0.178882
0.10173
-0.0449043
-0.0294125
-0.00516795
1.1825
-0.127045
0.0540728
0.0458979
0.0808608
-0.00256714
-0.244457
0.179498
0.154599
-0.0199551
-0.101518
-0.986206
-0.0623812
0.025609
-0.0416164
-0.0194367
-0.03504
-0.00477963
-0.0784243
-0.0221573
-0.0320037
-0.0789496
0.628922
-0.0217001
-0.0294779
0.0132352
0.00260741
-0.137691
-0.251646
-0.192468
-0.0822841
-0.155686
17.9134
0.234159
0.220862
0.0591601
-0.123187
-0.0379891
0.0272326
0.1129
0.435514
0.0509839
-0.0656077
0.625168
0.183728
0.656144
-1.45411
0.0865399
-0.0642792
0.179851
0.298106
0.227203
-8.00751
-0.0497266
-0.107443
-0.039794
-0.0647697
-0.0218757
-2.20835
0.376564
0.24657
-0.793133
0.240057
0.0673964
0.444917
0.252865
0.0298503
0.0958669
0.126887
0.0401363
0.07531
5.67324
-0.328
-0.00397695
0.16578
0.023588
-0.0902508
0.362089
0.125646
-0.0255626
-0.00481452
0.0915509
0.467758
0.0872314
0.0808039
-0.00303088
-0.0527704
-0.0256025
-0.261891
0.242668
0.202824
-0.00707629
0.0184203
-0.753784
0.0981598
0.0736292
0.09529
0.17994
-0.348968
-0.03074
0.0379742
0.0910008
0.11098
0.0123035
-0.081536
-0.144767
-0.0414345
0.0451607
-0.0906922
-0.404736
-0.293806
-0.287461
0.0638318
-0.0695786
-0.313941
15.5066
-0.0568698
-0.0559203
-0.0605256
0.0841424
-0.00197017
-0.606434
-0.125111
0.127313
0.0513741
-0.0717854
0.127595
-0.235504
-0.0431056
0.011922
-0.104348
-0.0616651
-0.0986219
-0.0868614
0.0267527
-0.0522845
-0.0996179
-0.0046409
-3.30594
0.0360459
-0.177531
-0.0628907
0.00924776
-0.136465
-0.075067
-0.117811
-0.00076901
1.46614
0.258408
-2.07079
-0.375103
-0.123419
-0.0970509
-0.0356259
-0.101187
0.108152
0.49663
0.097977
-4.70011
0.311087
0.706418
0.550973
-2.68151
-0.244726
-0.28735
0.250243
0.4459
0.153808
-15.0514
0.117775
-0.166582
-0.118658
-0.0894937
0.319133
-1.11564
1.73216
0.267444
0.87925
-0.253279
-0.284934
0.476231
0.258862
0.701339
-0.332883
0.00656615
0.0697324
-2.81421
6.95573
0.284461
0.298528
-0.234585
0.126804
0.252442
0.0198922
0.431847
0.0300756
-0.54319
0.126781
-1.60107
0.03198
-0.0184098
-0.03548
0.13399
0.0695891
-0.407873
0.541351
0.0769239
-0.017152
-0.0733062
-1.94395
-0.273497
0.165786
0.0960283
-0.150399
1.76832
-2.62702
0.158603
-0.0871446
-0.304523
-0.0069083
-1.90504
0.0489014
0.198568
0.0183024
0.763104
-2.65124
0.148833
-0.653327
0.459583
0.110559
-0.296413
-2.43294
0.0412553
0.276117
0.018869
-0.0334173
0.395148
0.303243
-0.21553
-0.370244
0.168973
-0.549719
0.908401
0.230445
-0.142047
0.0647338
-0.0464724
-0.0683479
-0.0500182
-0.222242
-0.157709
0.281767
-0.290913
-0.33202
-1.94041
0.0198394
-0.238404
-0.170507
-0.142516
0.216693
0.0760361
-0.0630876
0.0767351
4.88682
0.263952
-3.49265
0.395231
-0.0865589
0.0450215
-0.0827044
-0.185659
-0.457905
1.43239
0.558473
-1.78594
0.343095
0.795973
0.782491
-1.17181
0.454972
0.469426
-0.200017
0.417868
0.503358
0.175393
-17.8422
0.0698886
-0.262803
-0.189133
-0.0945018
-1.93642
1.20571
2.19965
0.278642
1.00845
1.86547
-0.911967
-0.0316996
1.76905
1.6763
-0.794187
0.544353
-0.308855
0.414034
7.83505
-3.14453
0.421043
0.877325
0.423876
1.19348
0.0309681
0.217123
-0.889134
0.106465
-0.164877
4.63456
-0.0843004
-0.214016
0.327901
0.204157
-0.997583
-0.858237
0.980741
0.333342
-0.307861
0.0339485
0.778604
-0.217116
2.60933
-0.108344
0.34056
0.389646
-1.57965
-0.983325
0.566054
0.455549
0.725013
1.09001
-0.0258954
2.32062
-0.330972
-3.197
0.131714
-0.602823
-0.636641
0.321947
0.435689
-0.305461
17.8277
0.333168
-0.570248
0.181362
-0.0047719
-2.05152
-1.5537
-1.63228
-0.104634
-0.113365
1.04671
0.727465
-2.69939
-0.388832
-0.0878795
0.134968
0.116121
-2.30179
-2.41375
-0.148527
3.54208
0.803847
-0.058394
-1.91458
-1.92756
-0.485332
2.29544
0.155814
-0.305994
-0.57709
-0.529185
-1.18502
-32.5071
0.273258
2.90318
-0.637767
-1.55907
-0.104474
-0.040464
2.38594
0.430883
3.73151
4.84099
6.64906
0.374375
0.861172
1.12544
3.22806
-1.16059
-1.74851
-1.69489
-2.05711
1.13636
0.539871
0.36987
9.61446
1.14634
-0.842581
-1.31384
-1.15823
-0.662009
0.155013
2.24464
0.28774
0.50651
0.151857
-1.40461
1.56027
-0.334924
0.883467
0.134282
-0.0522988
1.4601
-1.12221
8.69142
3.09544
-1.42745
0.964676
0.707719
-2.17472
-1.40146
-1.24486
2.10327
-0.302507
2.37545
-1.40441
0.623689
2.58337
0.357913
-1.2293
0.315017
-0.213863
0.527258
-0.505723
1.06027
0.590858
-1.76621
-0.807523
1.13806
0.768946
0.666337
0.853298
0.0214291
-0.055127
-1.34264
0.124872
1.16019
0.906163
-1.22391
0.402114
1.48403
0.427601
0.229642
-0.0509022
0.793539
1.46163
-0.60595
-2.31127
20.4799
-0.676642
1.65865
2.10072
-0.314971
0.431587
-0.1612
-1.81839
0.095458
2.31991
1.13791
1.17865
-0.0330727
1.69353
1.03657
-1.56613
-1.10531
-1.51333
1.34019
-0.797719
-1.60855
1.79098
0.456753
0.341667
-1.42726
0.48864
1.95003
1.82399
1.12409
0.180859
2.63142
0.360825
22.1405
0.289814
3.44849
0.287714
-1.37073
2.02444
0.273817
1.22748
-2.03321
-0.589593
0.499197
0.648497
0.396459
0.916345
1.51251
-1.39716
-0.87427
-1.06478
-0.237309
0.232065
2.44611
0.924293
0.539842
0.370135
9.61693
1.31864
1.50757
1.79599
3.97267
3.9641
2.47191
2.24498
0.287787
0.506566
0.160511
1.85283
-0.102317
-1.5252
-1.94858
-0.924899
-1.70908
-0.0232494
0.86896
8.69724
3.13778
1.01617
0.765024
-0.347727
0.877549
-1.25217
1.70663
0.236855
-0.564815
0.165265
5.1869
0.656317
0.386656
-0.285616
0.911761
2.21554
1.89486
0.580146
0.321352
-1.85644
0.298786
7.81731
0.410447
-3.74674
-1.18942
0.742831
1.61198
3.472
2.99124
1.78365
-2.68472
-0.127513
2.5795
0.51048
-8.60664
0.22648
1.92194
5.74457
3.63745
2.89966
-3.58425
-0.726982
0.167053
20.493
0.471805
-5.47262
-2.08283
2.69032
2.59881
3.4028
0.385233
-0.075275
1.06447
1.47759
1.17969
3.35194
-1.07236
-0.723849
0.00190977
2.18343
3.15269
0.141148
-3.39042
0.876304
1.84216
0.456982
8.91324
1.40554
-1.54348
-4.14165
-1.58823
-2.66706
-0.73834
-0.0950845
1.43487
22.1492
0.289861
3.5107
0.464393
0.540068
0.16295
-0.815666
-2.72752
1.63465
1.06132
0.540348
0.650877
0.396518
0.915978
1.56786
9.6517
5.33946
4.95082
4.59046
11.176
2.47979
0.92447
0.559671
