0000000000000000000000000000000000000000000000000000000000000000000000000000000000001000000001010000000110100000011101000
0000000000000000000000000000000000000000000000000000000000000000000000001000000000110000000010100000001001000000100010000
0000000000000000000100000000000100000000001000000000010000000000100000000000000000000000000000000000000000000000000000000
0001000000000000000000000000000000000000000000000000000000000000000000000000000000000000000000000000000000000010000000000
0000000000101000000000000000000000000000000000000000000000000000000000000000000000000000000000000000000000000000000000000
0000000000000000000000000000000000000000000001000000000110000000001100000000001100000000000000000000000000000000000000000
0000000000000000000000000000000000000000000000000000000000111100000011110000000011000000000000000000000000000000000000000
0000000000000000000000000000000000000000000000000000000000000000000000000000000000000000011100000000110000000001000000000
0000000000000000000000000110000000011110000000111000000001000000000000000000000000000000000000000000000000000000000000000
0000111000000000000000000000000000000000000000000000000000000000000000000000000000000000000000000000000000000000000000000
0000000000000100000000000000000000000000000000000000000000000000000000000000000000000000000000000000000000000000000000000
0000000000000001110000000001100000000000000000000000000000000000000000000000000000000000000000000000000000000000000000000
0000000001000000000000000000000000000000000000000000000000000000000000000000000000000000000000000001000000000000000000000
0000000000000010000000011000000001100000000010000000000000000000000000000000000000000000000000000000000000000000000000000
0000000000000000000000000000000000000000000000000000000000000000000000000000100000000001000000000010000000000100000000000
0010000000010000000000000000000000000000000000000000000000000000000000000000000000000000000000000000000000000000000000000
0000000000000000000010000000000010000000000100000000000000000000000000000000000000000000000000000000000000000000000000000
0000000000000000000000000000000000000000000000000000000000000000000000000000010000000000100000000000000000000000000000000
0100000010000000000000000000000000000000000000000000000000000000000000000000000000000000000000000000000000000000000000000
0000000000000000000000000000000000000000000000000001000000000011000000000110000000000100000000001000000000010000000000100
0000000100000000000000100000000000000000000000000000000000000000000000000000000000000000000000000000000000000000000000000
1000000000000000000001000000000000000000000000000000000000000000000000000000000000000000000000000000000000000000000000000
0000000000000000000000000000000000000000000000000000000000000000000000000001000000000010000000000100000000001000000000011
0000000000000000000000000000000000000000000000000000001000000000010000000000000000000000000000000000000000000000000000000
0000000000000000001000000000011000000001110000000110100000000000000000000000000000000000000000000000000000000000000000000
