0100000000001000000000010000000000100000000000000000000000000000000000000000000000000000000000000000000000000000000000000
0000000000000000000000000000000000000000000000000000000000000000000000000000010000000000100000000000000000000000000000000
0000000000000000000000000000001100000000111100000000000000000000000000000000000000000000000000000000000000000000000000000
0000000000000000000000000000000000000000000000000000000000000000000000000000000000000000000000000000000000000010010000000
0000000000000000000000000000000000000000000000000000000000000000000000000010000000000100000000011100000011110000000000000
0000000000000000000000000000000000001000000000010000000000110000000001100000000010000000000100000000000100000000000000000
0000000000000000000000000000000000000000000000000000000000000000000000000000000000000000000000000010000000001000000000100
1000000000000000000000000000000000000000000000000000000000000000000000000000000000000000000000000000000000000100000000000
0000000000000000000000000000000000000000000000100000000001000000100010000001000100000010001000000000001000000000000000000
0000000000000000000000000000000000000000000000000000000000000000000000010000000001111000000011100000000000000000000000000
0000000000000000000000000000000000000000000001000000001010000000010100000000101000000001000000000000000000000000000000000
0000000000000000000000000000000000000000000000000011110000001111000000001100000000000000000000000000000000000000000000000
0000000111000000001100000000110000000001000000000100000000000000000000000000000000000000000000000000000000000000000000000
0000000000000000000000000000000000000000000000000000000000000000000000000000000000000000000000000000000000000000001111000
0000000000000000000000000000000000000000000000000000000000000000001000000000000000000000000000000000000000000001000000000
0000000000000000000000000000000000000000000010000000000000000000000000000000000000000000000000000001000000000000000000000
0000011000000001110000000011000000000110000000001000000000000000000000000000000000000000000000000000000000000000000000000
0000000000000000000000000000000000000000000000000000000100000000000000000000000000000000000000000000000000000000100000000
0011100000000110000000001100000000010000000000000000000000000000000000000000000000000000000000000000000000000000000000000
0000000000100000000011000000000000000000000000000000000000000000000000000000000000000000010000000000010000000000000000000
0000000000000000000000100000000001000000000000000000000000000000000000000000000000000000000000000000000000000000000000000
0000000000000000000000000000000010000000000000000000000000000000000000000000000000000000000000000000000000000000000000000
0000000000010000000000000000000000000000000000000000000000000000000000000000000000000000000000000000100000000000000000000
0000000000000000000000000000000000000000000000000000000000000000000000000000000000000000000000000000000000000000000000011
