0000000000000000000000000000000000000000000000000000000000000000000000011011000000000010000000000100000000001000000000000
0000000000000000000000000000000000000000000000000000000000000000000000000100000000011100000000111000000000110000000001000
0000000000000000000000000000000000000000000000000000000000000000000000000000000000100000000001000000000111000000111110000
0000000000000000000000000000000000000000000000000000000000000000000001100000000111000000001110000000011000000000000000000
0000000000000000000000000000000000000000000000000000000000000000000110000000001000000000010000000000100000000001000000000
0000011110000000000000000000000000000000000000000000000000000000000000000000000000000000000000000000000000000000000000000
1000000000010000000000000000000000000000000000000000000000000000000000000000000000000000000000000000000000000000000000001
0000000000000000000000000000000000000000000000000000001000000000110000000000100000000001000000000010000000000000000000000
0000000000000000000000000000000000000000000000000000000000000000000000000000000000000000100000000001000000000000000000000
0000000000000000000000000000000000000000000000000000000000000000001000000000010000000000000000000000000000000010000000000
0000000000000000000010000000000110000000001100000000110000000011000000000000000000000000000000000000000000000000000000000
0000000000000000000000000000001000000001110000000111000000011100000000000000000000000000000000000000000000000000000000000
0011100000000000000000000000000000000000000000000000000000000000000000000000000000000000000000000000000000000000000000000
0000000000000010000000001100000000011100000000111000000000100000000000000000000000000000000000000000000000000000000000000
0000000000000100000000010000000000100000000001000000000011000000000000000000000000000000000000000000000000000000000000100
0000000000000000000000000000000000000000000010000000000100000000000000000000000000000000000000000000000000000000000000000
0000000000000001111100000011110000000010000000000000000000000000000000000000000000000000000000000000000000000000000000000
0000000000001000000000000000000000000000000000000000000000000000000000000000000000000000000000000000000000000100000000010
0000000001100000000001000000000000000000000000000000000000000000000000000000000000000000000000000000000000000000000000000
0100000000000000000000100000000001000000000000000000000000000000000000000000000000000000000000000000000000000000000000000
