0000000000000000000000000000000000000000000000000000000000000000001000000000010000000000100000000000000000000000000000000
0000000000000100000000010000000000100000000001000000000010000000000000000000000000000000000000000000000000001000000000100
0000000000000000000000000000000000000000000000000000000000000000000000000010000000000110000000001100000000110000000011000
0000000000000000000000000000000000000000000000000000000000000000000000000000000000000000000111000000001111000000011100000
0000000000000000000000000000000000000000000000000000000000000000010000000000100000000001000000000010000000000000000000000
0000000000000000000000000000000000000000000000000000011000000000000000000000000000000000000000000000000000000000000000000
0000000000000000000000100000000001000000000000000000000000000000000000000000000000000000000000000000000000000000000000000
0000000000000000000000001110000000011100000000110000000001000000000000000000000000000000000000000000000000000000000000000
0000000000000000000000000000000000000000000000000000000000000110000000011100000000111000000000110000000000000000000000000
0000000000000000000000000000000000000000000010000000000100000000000100000000000000000000000000000000000000000000000000000
0000000000000000000000000000000000000000000000000000000000000000000000000000001100000000011000000000110000000001100000000
1100000000100000000000000000000000000000000000000000000000000000000000000000000000000000000000000000000000000000000000000
0000000000000000000000000000000000000000000000001111100000000001100000000001000000000000000000000000000000000000000000000
0011000000001000000000000000000000000000000000000000000000000000000000000000000000000000000000000000000000000000000000000
0000000000000000000000000000000000000011111100000000000000000000000000000000000000000000000000000000000000000000000000000
0000000000000000000000000000000000000000000000000000000000000000000000000000000000000000000000000000000000000100000000011
0000000000000000000000000001111110000000000000000000000000000000000000000000000000000000000000000000000000000000000000000
0000000000000000000000000000000000000000000000000000000000111000000011100000000011000000000000000000000000000000000000000
0000000000010000000000000000000000000000000000000000000000000000000000000000000000000000000000000001000000000010000000000
0000000000000011111111000000000000000000000000000000000000000000000000000000000000000000000000000000000000000000000000000
0000111111000000000000000000000000000000000000000000000000000000000000000000000000000000000000000000000000000000000000000
