0000000000000000000000000000000000000000000000000000000000000000000000000110000000001100000000011000000000110000000001000
0000000000000000000000000000000000000000000000000000000000000000000000001000000000110000000001100000000011000000000110000
0000000000000000000000000000000000000000000000000000000000000000000000000000000110000000001100000000011000000000111000000
0000000011000000000000000000000000000000000000000000000000000000000000000000000000000000000000000000000000000000000000000
0000000000000000000000000000000000000000000000000000000000000000000000000000000000000000000000000000000000000010000000001
0000000000000000000000000000000000000000000000000000001000000100110000000000000000000000000000000000000000000000000000000
0000000000000000000000000000000000000000000000000000000100000000000000000000000000000000100000000001000000000000000000000
0000000000000000000000000000000000000000000000000000000000011000000001110000000001000000000010000000000100000000000000000
0100000000010000000000000000000000000000000000000000000000000000000000000000000000000000000000000000000000000000000000000
0011100000000000000000000000000000000000000000000000000000000000000000000000000000000000000000000000000000000000000000000
0000000000000000000000000000000000000000000000000000000000000000000000000001000000000010000000000100000000001000000000110
0000000000000000000000000000000000000000000000000000000000000000000110000000001000000000010000000000100000000001000000000
0000000000000000000000000000000000000000000000000000000000000000000000000000100000000001000000000010000000000100000000000
0000000000000000000000000000000010000000011100000001110000000011000000000000000000000000000000000000000000000000000000000
0000000000000000001110000000011100000001100000000010000000000000000000000000000000000000000000000000000000000000000000000
0000000000000011000000001100000000011000000000110000000000100000000000000000000000000000000000000000000000000000000000000
0000000000000100000000010000000000100000000001000000000011000000000000000000000000000000000000000000000000000000000000000
0000000000000000110000000011100000000110000000001100000000000000000000000000000000000000000000000000000000000000000000000
0000000000100000000001000000000000000000000000000000000000000000000000000000000000000000000000000000000000000000000000000
0000000000000000000000000000000000000000000010000000000000000000000000000000010000000000000000000000000000000000000000000
1000000000000000000000000000000000000000000000000000000000000000001000000000000000000000000000000000000000000000000000000
0000000000001000000000100000000001000000000000000000000000000000000000000000000000000000000000000000000000000000000000000
0000011100000000000000000000000000000000000000000000000000000000000000000000000000000000000000000000000000000000000000000
