0000000000000000000000000000000000000000000000000000000000000000000000000000000000000000000001100000000111100000001110000
0000000000000000000000000000000000000000000000000000000000000000000000000000000000000000011110000000111000000000110000000
0000000000000000000000000000000000000000000000000000000000000001000000000011000000000110000000001100000000010000000001000
0000000000000000000000000000000000000000000000000000000000001110000000011100000000011000000000010000000000000000000000000
0000111111000000000000000000000000000000000000000000000000000000000000000000000000000000000000000000000000000000000000000
0000000000000000000000000000000000000000000000000000000000000000000000000000000000000000000000000001000000000001000000000
0000000000000000000000000000000000000000000000000000000000000000000000000000001111100000000000000000000000000000000000000
0000000000000000000000000000000001000000000000000000000000000000000000000000000000000000000000000000000000000000000000000
0000000000000000000000000000000000000000000000000000000000000000001000000000010000000000000000000000000000000000000000000
0000000000000000000000000000000000000000000000000000000000110000000111100000000000000000000000000000000000000000000000000
0000000000000100000000000000000000000000000000000000000000000000000000000000000000000000000000000000000000001100000000110
0000000000000000000000000000000000000000000000000000000000000000010000000000100000000001000000000010000000000000000000000
0000000000000000000000000000000000000000000000001111100000000000100000000000000000000000000000000000000000000000000000000
0000000000001000000000010000000000100000000001000000000010000000000000000000000000000000000000000000000000000000000000000
0000000000000000000000001110000000011100000000110000000001000000000000000000000000000000000000000000000000000000000000000
0011000000000000000000000000000000000000000000000000000000000000000000000000000000000000000000000000000000000010000000000
0000000000000000000000000000000000000011111100000000000000000000000000000000000000000000000000000000000000000000000000000
0000000000000000000000100000000000000000000000000000011000000000000000000000000000000000000000000000000000000000000000000
0000000000100000000000000000000000000000000000000000000000000000000000000000000000000000100000000000000000000000000000000
0000000000010000000000000000000000000000000000000000000000000000000000000000000000000000000000000000000000000000000000001
0000000000000000000000000001111110000000000000000000000000000000000000000000000000000000000000000000000000000000000000000
0000000000000011111111000000000000000000000000000000000000000000000000000000000000000000000000000000000000000000000000000
0000000000000000000000000000000000000000000010000000000100000000000000000000000000000000000000000000000000000000000000000
1100000000000000000000000000000000000000000000000000000000000000000000000000000000000000000000000000000000000000000000000
