0000000000000000000000000000000000000000000000000000000000000000000011100000001110000000011100000000000000000000000000000
0000000000000000000000000000000000000000000000000000000000000000000000000000000000000000000011111110000000000000000000000
0000000000000000000000000000000000000000000000000010000000001110000000011100000001100000000000000000000000000000000000000
0000000011000000000010000000000000000000000000000000000000000000000000000000000000000000100000000001000000000000000000000
0000000000000000000000000000000000000000000000000000000000000000000000000000000000000000000000000000000000000011000000000
0000000000000000000000000000000000000000000000000000000000000000000000000000000000000000000000000000111111100000100000000
1000000000100000000000000000000000000000000000000000000000000000000000000000000000000000000000000000000000000000000000000
0011100000001100000000010000000000100000000000000000000000000000000000000000000000000000000000000000000000000000000000000
0000000000000000000000000000000000000110100000011101000000000000000000000000000000000000000000000000000000000000000000000
0000000000000000000100000000001100000000011000000000110000000001000000000000000000000000000000000000000000000000000000000
0000000000000000000000000000000000000000000000000000000100000000000000000000000000000000000000000000000000000000000000000
0000000000000011100000001110000000011000000000000000000000000000000000000000000000000000000000000000000000000000000000000
0000000000000000000000000000000000000000000000000000000001110000001100000000010000000000000000000000000000000000000000000
0000000000000000000000000000000000000000000000000000000000000000000000000000000000000000000000000000000000011100000000110
0000000000000000000000000000000000000000000000000000000000000000000000000000000000000000000000000000000000000000000000001
0000011100000000011000000001110000000001000000000000000000000000000000000000000000000000000000000000000000000000000000000
0000000000000000000001000000000010000000000000000000000000000000000000000000000000000000000000000000000000000000000000000
0000000000000000000000000000000000000000000011100000000010000000000000000000000000000000000000000000000000000000000000000
0000000000000000000000000000000000000000000000000000000000000000000000000011100000011111000000000000000000000000000000000
0000000000000000000000100000000001000000000000000000000000000000000000000000000000000000000000000000000000000000000000000
0000000000000000000000000000000000000000000000000000000000000000000000000000000000000000000000000000000000000000011111000
0000000000000000000000000000000000000000000100000000001000000000110000000000000000000000000000000000000000000000000000000
0100000000010000000000000000000000000000000000000000000000000000000000000000000000000000000000000000000000000000000000000
