0000000000000000000000000000000000000000000010000000000100000000001000000000010000000000100000000000000000000000000000000
0000000000000000000000000000000000000000000000000000000000000000000000000000000000000100000000010100000001010000000111000
0000011100000000000000000000110000000000000000000000000000000000000000000000000000000000000000000000000000000000000000000
0000000000000000000000000000000000000000000000000000000000000000000000000000000000000000000000000000111110000000111000000
0000000000000000000000100000000000000000000000000000000000000000000000000000000000000000000000000000000000000010000000000
0000000000000001000000000100000000010000000001000000000000000000000000000000000000001010000000101000000000100000000000000
0000000011000000000011000000000010000000000000000000000000000000000000000000000000000000000000000000000000000000000000000
0000100000000110000000011000000000100000000000000000000000000000000000000000000000000000000000000000000000000000000000000
0000000000000000001100000000001100000000011000000000010000000000100000000001000000000000000000000000000000000000000000000
0000000000100000000000000000000000000000000000000000000000000000000000000000000000000000000000000000000000000000000000000
0000000000000000000000000000000000000000100000000001000000000010000000001100000000110000000011000000000000000000000000000
0100000000000000000000000000000001000000000000000000000000000000000000000000000000000000000000000000000000000000000000000
0000000000000000000000000001000000000100000000010000000001000000000010000000000100000000001000000000000000000000000000000
0000000000000000000000000000000000000000000000100000000010100000000101000000001010000000010100000000000000000000000000000
0000000000000000000000000000000000000000000000000000000000000000000000000000000000000000000000000010000000001000000000110
0000000000000000000000000000000000000000000100000000101000000001010000000010100000000001000000000000000000000000000000000
0000000000000000110000000010000000001011000000001100000000010000000000000000000000000000000000000000000000000000000000000
0000000000000000000000000000000000000000000000000000000000000000000000000000000000000000000000000000000000000100000000001
0000000000000000000000000000000000000000000000000010000000001100000000110000000001000000000000000000000000000000000000000
0011000000001000000000000000000000000000000000000000000000000000000000000000000000000000000000000000000000000000000000000
0000000000000000000000000000000000000000000000000000000000000000000000000000000000000000000000000001000000000001000000000
1000000000010000000000000000000000000000000000000000000000000000000000000000000000000000000000000000000000000000000000000
