0100000000000000000000000000000000000000000000000000000000000000000000000000000000000000000000000000000000000000000000001
0000000000000000000000000000000000000000000000000000000000000000000000000000000000000000000000000000000000000010000000010
0000000000000100000000010000000000000000000000000000000000000000000000000000000000000000000000000000000000000000000000100
0000000000000010000000001000000000000000000000000000000000000000000000000000000000000001000000000100000000010000000001000
0000000000000000000000000000000000000000000000000000000000000000000000000000000000000000000000000000001111000000001110000
0000000000000000000000000000000000000000000000000000000000000000000000000000000000000000000000000000000000000001110000000
0000000000000000000000000000000000000000000000000000000000000000000000000000000000000000000000000010000000001100000000000
0000000000000000000000000000000000000000000000000000000000000000000000000000000000001010000000101000000000100000000000000
0000000000000000000000000000000000000000000001000000000010000000000100000000001000000000010000000000110000000000000000000
0000000000000000000000000000000000000000000000000000000000000000000000000000010000000000100000000001000000000000000000000
0000000000000000000000000000000000000000001000000000010000000000100000000001000000000100000000010000000000000000000000000
0000000000000000000000000000000000000000000000000000000000000010000000000100000000110000000011000000000000000000000000000
0000000000000000000000000000000000000000000000000000000001000000000010000000000110000000001100000000000000000000000000000
0000000000000000000000000000000000000000000000000000000000000100000000101000000001000000000000000000000000000000000000000
0000000000000000000000000000000000000000000100000000101000000001010000000010100000000000000000000000000000000000000000000
0000000000000000000000000000000000000000000000000000000000001000000000010000000000000000000000000000000000000000000000000
0000000000000000000000000000000000000010000000011000000000110000000001000000000000000000000000000000000000000000000000000
0000000000000000000000000000000000000000000000000000000100000000001000000000000000000000000000000000000000000000000000000
0000000000000000000000000000010000000001100000000111000000000000000000000000000000000000000000000000000000000000000000000
0000000000000001100000000110000000011000000000100000000000000000000000000000000000000000000000000000000000000000000000000
0000000000000000000000000000000000100000000010000000000000000000000000000000000000000000000000000000000000000000000000000
0000000000000000001110000000001100000000010000000000000000000000000000000000000000000000000000000000000000000000000000000
0000000000000000010000000001100000000100000000000000000000000000000000000000000000000000000000000000000000000000000000000
0000000000000000000000100000000001000000000000000000000000000000000000000000000000000000000000000000000000000000000000000
0000000000000000000001000000000010000000000000000000000000000000000000000000000000000000000000000000000000000000000000000
0000000000011000000000000000000000000000000000000000000000000000000000000000000000000000000000000000000000000000000000000
0010000000100000000000000000000000000000000000000000000000000000000000000000000000000000000000000000000000000000000000000
0000000111000000000000000000000000000000000000000000000000000000000000000000000000000000000000000000000000000000000000000
0000111000000000000000000000000000000000000000000000000000000000000000000000000000000000000000000000000000000000000000000
1001000000000000000000000000000000000000000000000000000000000000000000000000000000000000000000000000000000000000000000000
