0000000000000000000000000000000000000000000000000000000000000000000000000000000000000000000000000000000000000000000000011
0000000000000000000000000000000000000000000000000000000000000000000000000000000000000000000000000000000000000000000011100
0000000000000000000000000000000000000000000000000000000000000000000000000000000000000000000000000000000000000000011100000
0000000000000000000000000000000000000000000000000000000000000000000000000000000000000000000000000000000000000001100000000
0000000000000000000000000000000000000000000000000000000000000000001000000000000000000000000000000000000000000010000000000
0000000000000000000000000000000000000000000000000000000000000000000000000000000000000000000000000000000000011100000000000
0000000000000000000000000000000000000000000000000000000000000000000000000000000000000000000000000000011111100000000000000
0000000000000000000000000000000000000000000000000000000000000000000000000000010000000000100000000001100000000000000000000
0000000000000000000000000000000000000000000000000000000000000000000000000000000000000000000001111110000000000000000000000
0000000000000000000000000000000000000000000000000000000000000000000100000000000001100000000110000000000000000000000000000
0000000000000000000000000000000000000000000000000000000000000000000011100000001110000000011000000000000000000000000000000
0000000000000000000000000000000000000000000000000000000000000000000000000110000000011111000000000000000000000000000000000
0000000000000000000000000000000000000000000000000000000000000000010000000001100000000000000000000000000000000000000000000
0000000000000000000000000000000000000000000000000100000001111000000000001000000000000000000000000000000000000000000000000
0000000000000000000000000000010000000001100000000011000000000110000000010000000000000000000000000000000000000000000000000
0000000000000000000000000000000000000000000100000000001000000000100000000000000000000000000000000000000000000000000000000
0000000000000000001100000000001000000000010000000000100000000001000000000000000000000000000000000000000000000000000000000
0000000000000000000000000000000000000000000001100000000010000000000000000000000000000000000000000000000000000000000000000
0000000000000000000000000000000000000000000010000000000100000000000000000000000000000000000000000000000000000000000000000
0000000010000000000010000000000100000000001000000000010000000000000000000000000000000000000000000000000000000000000000000
0000000000000000000000000000000000001110000000011000000000000000000000000000000000000000000000000000000000000000000000000
0000000000000100000000011100000000110000000000000000000000000000000000000000000000000000000000000000000000000000000000000
0000000000010000000000000000000001000000000000000000000000000000000000000000000000000000000000000000000000000000000000000
0000000001000000000001000000000010000000000000000000000000000000000000000000000000000000000000000000000000000000000000000
0000111100000000000000000011100000000000000000000000000000000000000000000000000000000000000000000000000000000000000000000
0000000000001000000000100000000000000000000000000000000000000000000000000000000000000000000000000000000000000000000000000
0000000000000011110000000000000000000000000000000000000000000000000000000000000000000000000000000000000000000000000000000
1000000000100000000000000000000000000000000000000000000000000000000000000000000000000000000000000000000000000000000000000
0111000000000000000000000000000000000000000000000000000000000000000000000000000000000000000000000000000000000000000000000
