0000000000000000000000000000000000000000000000000000000000000000000000000000000000000000000000000000000000000000000000011
0000000000000000000000000000000000000000000000000000000000000000000000000000000000001000000000000000000000000000000000100
1000000000000000000000000000000000000000000000000000000000000000000000000000000000000000000000000000000000000000000001000
0000000000000000000000000000000000000000000000000000000000000000000000001000000000010000000000100000000001000000000010000
0000000000000000000000000000000000000000000000000000000000000000000000000000000000100000000001000000000010000000010100000
0000000000000000010000000000100000000001000000000010000000000100000000000000000000000000000000000000000000000000001000000
0000000000000000000000000000000000000000000000000000000000000000000000000000000000000000000000000000000000000000100000000
0000000000000000000001000000000000000000000000000000000000000000000000000000000000000000000000000000100000000001000000000
0000000000000000000000000000000000000000000000000000000000000000000000000000000000000000000000000000000000000110000000000
0000001100000000000000000000000000000000000000000000000000000000000000000000000000000000000000000000000000001000000000000
0000100000000000000000000000000000000000000000000000000000000000000000000000000000000000000000011000000000010000000000000
0000000000000001000000000010000000000100000000001000000000000000000000000000000000000000000000000000000000100000000000000
0000000000000000001000000000010000000000100000000000000000000000000000100000000001000000000010000000000100000000000000000
0000000000000000000100000000001000000000000000000001000000000000000000000000000010000000000100000000011000000000000000000
0000000000000000000000000000000000000000000000000000000000000000000000000000000000000000000000000011000000000000000000000
0000010000000000000000000000000000000000000000000000000000000000000000000000000000000000000000000100000000000000000000000
0000000000000000000010000000000100000000010000000000000000000000000000000000000000000000001000000000000000000000000000000
0000000000000000000000000000000000000000000000000000000000000000000000000000000000000000110000000000000000000000000000000
0000000000000000000000000000000000000000000000000000000000000000000000000000000000000011000000000000000000000000000000000
0000000000000000000000000000000000000000000000000000000000000000000000000000001000000100000000000000000000000000000000000
0000000000000000000000000000000000000000000000000000100000000000000000000000000100000000000000000000000000000000000000000
0000000000000000000000000000000000000000000000000000000000000000000000000000110000000000000000000000000000000000000000000
0000000000000000000000000000000000000000000000000000000000000000000000000011000000000000000000000000000000000000000000000
0000000000000000000000000000000000001000000000000000000000000000000000000100000000000000000000000000000000000000000000000
0000000000000000000000000000000000000000000000000000000000001000000000010000000000000000000000000000000000000000000000000
0000000010000000000000000000000000000000000000000000000000010010000001000000000000000000000000000000000000000000000000000
0000000000000000000000000000000000000000000000000000000000000000000110000000000000000000000000000000000000000000000000000
0000000000000000000000000000000000000000000000000000000000000000011000000000000000000000000000000000000000000000000000000
0000000000000000000000000000000000000000000000000000000000000001100000000000000000000000000000000000000000000000000000000
0000000000000000000000000000000000000000000000010000000001100000000000000000000000000000000000000000000000000000000000000
0000000000000000000000000000000000000000000000000000000110000000000000000000000000000000000000000000000000000000000000000
0000000000000000000000000000000000000000000000000000011000000000000000000000000000000000000000000000000000000000000000000
0000000000000000100000000001000000000010000000000100000000000000000000000000000000000000000000000000000000000000000000000
0000000000000000000000000000000000000000000001100000000000000000000000000000000000000000000000000000000000000000000000000
0000000000000000000000000000000000000000000110000000000000000000000000000000000000000000000000000000000000000000000000000
0000000000000000000000000000000000010000001000000000000000000000000000000000000000000000000000000000000000000000000000000
0000000000000000000000000000000001100000000000000000000000000000000000000000000000000000000000000000000000000000000000000
0000000000000000000000010000000010000000000000000000000000000000000000000000000000000000000000000000000000000000000000000
0000000000000000000000001100000000000000000000000000000000000000000000000000000000000000000000000000000000000000000000000
0000000000001000000000100000000000000000000000000000000000000000000000000000000000000000000000000000000000000000000000000
0000000000000110000000000000000000000000000000000000000000000000000000000000000000000000000000000000000000000000000000000
0000000000110000000000000000000000000000000000000000000000000000000000000000000000000000000000000000000000000000000000000
0001000001000000000000000000000000000000000000000000000000000000000000000000000000000000000000000000000000000000000000000
0110000000000000000000000000000000000000000000000000000000000000000000000000000000000000000000000000000000000000000000000
