2.072150945663452
2.0675950050354004
2.0671730041503906
2.125546932220459
2.076072931289673
2.1724212169647217
2.064988136291504
2.092655897140503
2.0975539684295654
2.0584640502929688
2.0780296325683594
2.0921828746795654
2.0838210582733154
2.093467950820923
2.1000070571899414
2.0989837646484375
2.0630228519439697
2.096618890762329
2.094954013824463
2.0842232704162598
2.0852510929107666
2.0888500213623047
2.007133960723877
2.0756030082702637
2.0638132095336914
2.0416760444641113
2.0824649333953857
2.1107850074768066
2.095989942550659
2.0686211585998535
2.1229188442230225
2.0674049854278564
2.0661842823028564
2.0933098793029785
2.11031436920166
2.0478720664978027
2.1352832317352295
2.074282169342041
2.0729150772094727
2.1177380084991455
2.080463171005249
2.064706802368164
2.113460063934326
2.084146022796631
2.0766539573669434
2.0832290649414062
2.1062262058258057
2.1466822624206543
2.2227210998535156
2.0772669315338135
