0000000000000100000100011000001000110000010001000000100010000011000100111110001111100100000000001100000000011000000000010
0000000000000001000000000110001000001100110000011001000000110011000000111110000001111000000000110000000001100000000010000
0000000000000000000000000110011000001100100000011001100000111111000001111100000011011000000100110000000001100000000001000
0000000000000001000000000011110000001001100000010011000000100100000001111110000001110000000001000000000010000000000100000
0000000000000000000100000010010000000100100000010001000000100110000000111000000000010000000000100000000001000000000010000
0000000000000000001000000010010000000101100000010011000001111110000000001000000000110000000001000000000110000000001000000
0000000000000000010000000000100000001001000000011010000001111100000001101000000000010000000000100000000011000000000110000
0000000000000000010000000000100000100001100001000011000011111110000001000100000000001000000000011000000000110000000000100
0000000000000000000010000000001100001000111000011001100011100011001111111110011011111000000001100000000110000000000100000
0000000000000001000000000010010000001000100000010001000000100110000001001000000011110000000000100000000001000000000010000
