2.2935800552368164
2.2850658893585205
2.265536069869995
2.292421817779541
2.3392739295959473
2.2786271572113037
2.2778501510620117
2.2782609462738037
2.3054096698760986
2.306748867034912
2.356048107147217
2.3189878463745117
2.3056838512420654
2.3078861236572266
2.2900421619415283
2.4177956581115723
2.389397144317627
2.545135021209717
2.269665002822876
2.268688917160034
2.3266818523406982
2.269573211669922
2.3847551345825195
2.3622987270355225
2.2751827239990234
2.513329267501831
2.2715871334075928
2.2677760124206543
2.3081440925598145
2.266216993331909
2.273483991622925
2.34199595451355
2.3533849716186523
2.4066150188446045
2.295530080795288
2.282006025314331
2.3053269386291504
2.299570083618164
2.3203928470611572
2.613192081451416
2.5672152042388916
2.8806278705596924
2.578839063644409
2.261133909225464
2.3897881507873535
2.3203649520874023
2.289170742034912
2.3035988807678223
2.2626953125
2.2812397480010986
