0000000000000000000000000000000000000000000000000000000000000000000000000000000000000000000000000000000000000000000000011
1000000000000000000000000000000000000000000000000000000000000000000000000000000000000000000000000000000000000000000000100
0000000000000000000000000000000000100000000000000000000000000000000000000000000000000000000000000100000000010000000001000
0000000000000000000000000000000000000000000000000000000000000000000000000000000000001010000000101000000000100000000110000
0000001000000000110000000010000000001000000000000000000000000000000000000000000000000000000000000000000000000000001000000
0000000000000000000000000000000000000000000000000000000000000000000000000000000000000000100000000000100000000001110000000
0000000000000000000000000000000000000000000000000000000000000000000000000000000000000000000000000001000000000010000000000
0000000000000000000000010000000000000000000000000000000000000000000000000000000000000000000000000000000000000100000000000
0000000000000000000000000000000000000000000000000000000000000000000000000000000000000000000000000010000000001000000000000
0000000000000000000000000000000000000000000000000000000000000000000000000000000000000100000000010000001111000000000000000
0000000000000000000000000000000000000000000000100000000011000000000100000000001000000000010000000000010000000000000000000
0000000000000000000000000000000000000000000000000000000000000010000000000100000000010000000011000000000000000000000000000
0000000000000000000000000000000000000000000000000000000000100000000011000000000110000000001100000000000000000000000000000
0000000000000000000000000000000010000000000100000000001000000000010000000000100000000001000000000000000000000000000000000
0000000000000000000000000000000000000000000000000000000000000100000000011000000000100000000000000000000000000000000000000
0000000000000000000000000000000000000000000000000000000000001000000000100000000001000000000000000000000000000000000000000
0000000000000000000000000000000000000000000000000000000100000000001000000000010000000000000000000000000000000000000000000
0000000000000000000000000000000000000000100000000001010000000000100000000001000000000000000000000000000000000000000000000
0000000000000000000000000000000000000000010000000000100000000001000000000010000000000000000000000000000000000000000000000
0000000000000000000000000000000000000011000000001110000000010000000000000000000000000000000000000000000000000000000000000
0000000000000000000000000001110000000100000000010000000000000000000000000000000000000000000000000000000000000000000000000
0000000000000011000000001100000000010000000001000000000000000000000000000000000000000000000000000000000000000000000000000
0000000000000000000001000000000000000000000010000000000000000000000000000000000000000000000000000000000000000000000000000
0000000000000000001110000000001100000000001000000000000000000000000000000000000000000000000000000000000000000000000000000
0000000000000000000000100000000001000000000000000000000000000000000000000000000000000000000000000000000000000000000000000
0011000000000100000000000000000000000000000000000000000000000000000000000000000000000000000000000000000000000000000000000
0000000000011000000000000000000000000000000000000000000000000000000000000000000000000000000000000000000000000000000000000
0100000000100000000000000000000000000000000000000000000000000000000000000000000000000000000000000000000000000000000000000
0000000111000000000000000000000000000000000000000000000000000000000000000000000000000000000000000000000000000000000000000
0000110000000000000000000000000000000000000000000000000000000000000000000000000000000000000000000000000000000000000000000
