0000000000000000000000000000000000000000000000000000000000000000000000000000000000000000000000000000000000000000000000011
0000000000000000000000000000000000000000000000000000000000000000000000000000000000000000000000000000000000000000100000100
0000000000000000000000000000000000000000000000000000000000000000000000000000000000000000000000000000000000000000000111000
0000000000000000000001000000000000000000000000000000000000000000000000000000000000000000000000000000000000000000011000000
0000000000000000000000000000000000000000000000000000000000000000000000000000000000000000000000000000000000000011000000000
0000000000000000000000000000000000000000000000000000000000000000000000000000000000000000000000000010000000001100000000000
0000000000000000000000000000000000000000000000000000000000000000000000000000000000000000000100000000000111110000000000000
0000000000000000000000000000000000000000000000100000000001000000000010000000000100000000001000000000001000000000000000000
0000000000000000000000000000000100000000000100000000000000000000000000000000000000000000010000000000010000000000000000000
0000000000000000000000000000001000000000000000000000000000000000000000000000000000000000000000000000100000000000000000000
0000000000000000000000000000000000000000000000000000000000000000000000000000000000000000100000000001000000000000000000000
0000000000000000000000000000000000000000000000000000000000000000100000000001100000000011000000001100000000000000000000000
0000000000000000000000000000000000000000000000000000000000000000000000000000000000111000000001110000000000000000000000000
0000000000000000000000000000000000000000000000000000000000000000000000000000000001000000000010000000000000000000000000000
0000000000000000000000000000000000000000000000000000000000100011000001000010000010000100000000000000000000000000000000000
0000000000000000000000000000000000100000000001000000000010000000000100000000001000000000000000000000000000000000000000000
0000000000000000000000000000000000000000000000000000000000000000001000000000010000000000000000000000000000000000000000000
0000000000000000000000000000000000000000000000000100000000011100000000111100000000000000000000000000000000000000000000000
0000000000000000000000010000000000000000001000000000001000000000010000000000000000000000000000000000000000000000000000000
0000000000000000000000000000000000000000000010000000000100000000000000000000000000000000000000000000000000000000000000000
0000000000000000000000000000000000000000110000000011110000000000000000000000000000000000000000000000000000000000000000000
0000000110000000011000000001100000000010000000001000000000000000000000000000000000000000000000000000000000000000000000000
0000011000000001100000000010000000001100000000010000000000000000000000000000000000000000000000000000000000000000000000000
0000000001000000000110000000010000000001000000000000000000000000000000000000000000000000000000000000000000000000000000000
0001100000000110000000001100000000010000000000000000000000000000000000000000000000000000000000000000000000000000000000000
0000000000000000000000000000000011000000000000000000000000000000000000000000000000000000000000000000000000000000000000000
0000000000010000000000100000000000000000000000000000000000000000000000000000000000000000000000000000000000000000000000000
0110000000001000000000000000000000000000000000000000000000000000000000000000000000000000000000000000000000000000000000000
1000000000100000000000000000000000000000000000000000000000000000000000000000000000000000000000000000000000000000000000000
