0000000000000000000000000000000000000000000000000000000000000000000000000000000000000000000000000000000000000000000000111
0000000000000000000000000000000000000000000000000000000000000000000000000000000000000000000000000000000000000000000001000
0000000000000000000000000000000000000000000000000000000000000000000000000000000000000000000000000000000000000000011110000
0000000000000000000000000000000000000000000000000000000000000000000000000000000000000000100000000001000000000001100000000
1000000000000000000000000000000000000000000000000000000000000000000000000000000000000000000000000000000000000010000000000
0000000000000111100000000000000000000000000000000000000000000000000000000000000000000000000000000000000000001100000000000
0000000000000000000000000000000000000000000000000000000000000000000000000000000000000000000000000000001111110000000000000
0000000000000000000000000000000000000000000000000000000000000000000011000000001100000000011000000000110000000000000000000
0000000000000000000000000000000000000000000000000000000000000000000000000000000000000000000011111110000000000000000000000
0000000000000000000000000000000000000000000000000000000000000000000000110000000011000000000100000000000000000000000000000
0000000000000000000000000000000000000000000000000000000000000000000000000110000000011111000000000000000000000000000000000
0000000000000000000000000000010000000000100000000001000000000110000000001000000000100000000000000000000000000000000000000
0000000000000000000000000000000000000000000000000000000001111000000100000000010000000000000000000000000000000000000000000
0000000000000000000000000000000000000000000000000000000000000000110000000001100000000000000000000000000000000000000000000
0000000001000000000000000000000000000000000000000000000010000000001000000000000000000000000000000000000000000000000000000
0000000000000000000100000000001000000001010000000010100000000001000000000000000000000000000000000000000000000000000000000
0000000000000000000000000000000001000000000000000000000100000000000000000000000000000000000000000000000000000000000000000
0000000000000000000000000000000010000000000100000000001000000000000000000000000000000000000000000000000000000000000000000
0000000010000000000010000000000100000000001000000000010000000000000000000000000000000000000000000000000000000000000000000
0000001100000000011000000000100000000000000000000100000000000000000000000000000000000000000000000000000000000000000000000
0000000000000000000000000000000000000000000000111000000000000000000000000000000000000000000000000000000000000000000000000
0000000000000000000000000000000000000000000011000000000000000000000000000000000000000000000000000000000000000000000000000
0000000000000000000000000111000000001110000000000000000000000000000000000000000000000000000000000000000000000000000000000
0000000000000000000000011000000000110000000000000000000000000000000000000000000000000000000000000000000000000000000000000
0000000000011000000000100000000000000000000000000000000000000000000000000000000000000000000000000000000000000000000000000
0000000000100000000001000000000000000000000000000000000000000000000000000000000000000000000000000000000000000000000000000
0011110000000000000000000000000000000000000000000000000000000000000000000000000000000000000000000000000000000000000000000
0100000000000000000000000000000000000000000000000000000000000000000000000000000000000000000000000000000000000000000000000
