0000000000000000000000000000000000000000000000000000000000000000000000000000000000000000000000000000000000000000000000011
0010000000000000000000000000000000000000000000000000000000000000000000000000000000000000000000000000000000000000000000100
0000000000001000000000010000000000100000000000000000000000000000000000000000000000000000000000000000000000011000000001000
0000000000000000000000000000000000000000000000000000000000000000000000000000000000000000000000000000000000000001111110000
0000000000000000000000100000000001000000000000000000000000000000000000000000000000000000000000000000000000000010000000000
0000000000000000000000000000000000000000000000000000001000000000000000000000000000000000000000000000000000000100000000000
0000000000000000000000000000000000000000000000000000000000000010000000000010000000001100000000111000000000100000000000000
0000000000000111100000000000000000000000000000000000000000000000000000000000000000000000000000000000000001000000000000000
0000000000000000010000000000000000000000000000000000000000000000000000000000000000000000000000000000111110000000000000000
0000000000000000000000000000000000000000000000000000000000000000000000000000011000000000100000000001000000000000000000000
0000000001000000000000000000000000000000000000000000000000000000000000000000000000000000000000000010000000000000000000000
0000000000000000000000000000000000000000000000000000000000000001100000000101000000000010000000000100000000000000000000000
0000000000000000000000000000000000000000000000000000000000000000000000000000000000000000011111000000000000000000000000000
0000000000000000000000000000000000000000000001100000000000000000000000000000100000000001000000000000000000000000000000000
0000000000000000000000000000000000000000000000000000000000000000000000000000000001110000000000000000000000000000000000000
0000000110000000000000000000000000000000000000000000000000000000000000000000000110000000000000000000000000000000000000000
0000000000000000000000000000000000000000000000000000000000000000000011111000000000000000000000000000000000000000000000000
0000000000000000000000000000000000000000000000000000000010000000000100000000000000000000000000000000000000000000000000000
0000000000000000000000000000000000000000000010000000000100000000001000000000000000000000000000000000000000000000000000000
0100000000000000000000000000000000000000000000000000000000000000010000000000000000000000000000000000000000000000000000000
0000000000000000000000000000000000000000000000000000000001111100000000000000000000000000000000000000000000000000000000000
0000000000000000000000000000000000000000001000000000110000000000000000000000000000000000000000000000000000000000000000000
0000000000000000001110000000001100000000010000000001000000000000000000000000000000000000000000000000000000000000000000000
0000000000000000000000000000010000000000100000000010000000000000000000000000000000000000000000000000000000000000000000000
0000000000000000000000000000000000001111000000011100000000000000000000000000000000000000000000000000000000000000000000000
0000000000010000000000000000000000000000000100000000000000000000000000000000000000000000000000000000000000000000000000000
0000000000000000000000001111100000010000000000000000000000000000000000000000000000000000000000000000000000000000000000000
0000000000000000000001000000000010000000000000000000000000000000000000000000000000000000000000000000000000000000000000000
1000000000100000000000000000000000000000000000000000000000000000000000000000000000000000000000000000000000000000000000000
0001111000000000000000000000000000000000000000000000000000000000000000000000000000000000000000000000000000000000000000000
