0000000000000001111000000111010000011000000000110011000011100110000011111110000011001100000000011000000000110000000001000
0000000000000000011000000001111000000010010000001101100000011110000000111000000000110000000011000000001100000000011000000
0000000000000000001000000011110000001100100000001001000000011110000000001100000000010000000001100000000110000000001000000
0000000000000000110000000011110000001110011000110000110001111111000011111110000000011000000000110000000001000000000110000
0000000000000000010000000011110000001000100000110001000001100110000011011100000011101000000000010000000001100000000010000
0000000000000000110000000111110000001001110000011111100000011011000000000100000000011000000001110000001110000000011000000
0000000000000000000000000000110000000000100000001011000000011100000000001000000000010000000001000000000010000000001000000
0000000000000000000000000011001000001101110000010011000000011110000000001000000000010000000001100000000010000000000100000
0000000000000000000110000001111110000110001000010000110001000011100011111100000001110000000011000000001100000001100000000
0000000000000000000000000001111000000111110000001111000000000110000000011000000000100000000011000000001100000000110000000
