10.267667293548584
10.410926103591919
10.153615713119507
10.421247243881226
11.493993997573853
10.241315841674805
10.397459268569946
10.23428988456726
10.217486143112183
10.742058038711548
10.17851209640503
10.182522773742676
10.230637073516846
10.229801893234253
10.130061149597168
10.427003860473633
10.87908411026001
11.176087141036987
10.702659130096436
10.749986171722412
10.902259111404419
10.437602043151855
10.138514995574951
10.125509977340698
10.611800909042358
10.232578039169312
10.519914150238037
10.15788221359253
10.363927125930786
11.017425298690796
10.167587995529175
10.56066370010376
10.438358783721924
10.360620975494385
10.14302110671997
10.273782968521118
10.326142072677612
10.421034812927246
11.256688117980957
10.221528768539429
10.145396947860718
10.174273014068604
10.243466854095459
10.883890867233276
10.252810955047607
10.532987833023071
10.223129987716675
10.309434175491333
10.190331935882568
10.089019060134888
