1.5807201862335205
1.5562119483947754
1.6418380737304688
1.564154863357544
1.557626724243164
1.6275379657745361
1.552541971206665
1.5729238986968994
1.587636947631836
1.5661389827728271
1.615082025527954
1.568709135055542
1.6167521476745605
1.5864229202270508
1.6225459575653076
1.6362497806549072
1.605881929397583
1.5851619243621826
1.5709171295166016
1.5721678733825684
1.5957868099212646
1.6330008506774902
1.602513074874878
1.5901999473571777
1.674104928970337
1.605870246887207
1.5761010646820068
2.017219066619873
1.57625412940979
1.5938961505889893
1.6085586547851562
1.5977742671966553
1.5637567043304443
1.5777931213378906
1.6663310527801514
1.5839259624481201
1.6023309230804443
1.583956003189087
1.604863166809082
1.5924582481384277
1.6104850769042969
1.6160190105438232
1.6021881103515625
1.6471779346466064
1.6160261631011963
1.5820841789245605
1.596161127090454
1.5986297130584717
1.6303019523620605
1.6372060775756836
