0000000000000000100000000111110000011001100000100011100001111110000001101100000000011000000001100000000011000000000110000
0000000000000000000000000011100000001000110000110011000001001110000001100100000000010000000000100000000001000000000100000
0000000000000000110000000010010000000100100000010000000000100001000001000100000001111000000000100000000001000000000010000
0000000000000000000000000011100000001100100000110011000001001110000011100100000000001000000000010000000000100000000001000
0000000000000000000000000001111000000100010000010011000000111010000000001000000000010000000001000000000010000000001000000
0000000000000000000000000011110000001110110000110001100001111110000011111100000000011000000000110000000001100000000001100
0000000000000000000000000000111000000010010000001001000000011100000000010000000001100000000110000000001000000000100000000
0000000000000000000000000011110010011100011100110011110001111111000000001100000000110000000011000000000110000000011000000
0000000000000000111000000111111000011000111001100000110011111111000011111100000000011000000000110000000011100000001110000
0000000000000000010000000011011000001000010000110001100000100111000000110100000000011000000001100000000110000000001000000
