0011110000000000000000000000000000000000000000000000000000000000000000000000000000000000000000000000000000000000000000000
1000000000000000000000000000000000000000000000000000000000000000000000000000000000000000000000000000000000000000000000011
0000000000001000000000011000000000110000000000000000000000000000000000000000000000000000000000000000000000000000000000000
0000000000000000000000000000000000000000000100000000001000000000000000000000000000000000000000000000000000000100000000000
0100000000100000000000000000000000000000000000000000000000000000000000000000000000000000000000000000000000000000000000000
0000000000000000000000000000000000000000000000000000000000000000000000000000000000000000000000000000001111111000000000000
0000000000000000000000000000000000000000000000000000000000000000000000000000000000000000000000000000000000000010000000000
0000001110000000001010000000000000000000000000000000000000000000000000000000000000000000000000000000110000000000000000000
0000000000000000000000000000000000000000000000000000000000000000000000001100000000111111000000000000000000000000000000000
0000000000000000000100000000001100000000011000000000110000000001000000000000000000000000000000000000000000000000000000000
0000000000000000000000000000110000000001100000000011000000000110000000000000000000000000000000000000000000000000000000000
0000000000000111110000000111000000000000000000000000000000000000000000000000000000000000000000000000000000000000000000000
0000000000000000000000000000000000000000000010000000000010000000001000000000000000000000000000000000000000000000000000000
0000000000000000000000000000000000001110000000111000000000000000000000000000000000000000000000000000000000000000000000000
0000000000000000000000100000000001000000000001000000000000000000000000000000000000000000000000000000000000000000000000000
0000000000000000000000000000000000000000000000000000000000000000000100000000010000000000100000000001000000000000000000000
0000000000000000000000000000000000000000000000000000000000000000110000000011100000000000000000000000000000000000000000000
0000000001000000000001000000000010000000000000000000000000000000000000000000000000000000000000000000000000000000000000000
0000000000010000000000000000000000000000000000000000000100000000000000000000000000000000000000000000000000000000000000000
0000000000000000000000000000000000000000000000000000000000000000000000000000000000000000000000000000000000000000001111100
0000000000000000000000000000000000000000000000000100000001111000000000010000000001000000000000000000000000000000000000000
0000000000000000000000000000000000000000000000000000000000000000000011100000001110000000011100000000000000000000000000000
0000000000000000000000000000000000000000000000000000000000000000000000000000000000000000000011111110000000000000000000000
0000000000000000000000000000000000000000000000000000000000000000000000000000000000000000000000000000000000000001110000000
