0000000000010000000000000000000001000000000000000000000000000000000000000000000000000000000000000001000000000000000000000
0000000000000000000000000000000000000000000000000000000000000000000000000000000000000000000000000000000000000000000010010
0000000000000000000011000000000000000000000000000000000000000000000000000000000000000000000000000000000000000000000100000
0000000000000000000000000000000000000000000000000000000000100000000001000010000010000100000000010000000000000000000000000
0110000000000100000000000000000000100000000000000000000000000000000000000000000000000000000000000000000000000000000000000
0000000000000000000000000000001000000000111100000000000000000000000000000000000000000000000000000000000000000000000000000
0000000000000000000000000000000000000000000000000000000010000000000100000000001000000000010000000000000000000000000000000
0000000000000000000000000000000000000000000001000000001000000000010000000000100000000001000000000100000000000000000000000
0000000000000000000000000000000000000000000000000000000001000000100010000001000100000010001000001000000000000000000000000
0000000000000000000000000000000000000000000000000000000000000000000000000000000000000000000001100000000011110000000000000
0000000000000000000000000000000000000000000000000000000000001000000000111100000001111000000000000000000000000000000000000
0000000000000000000000000000000000000000000000000000000000000000000000000000010000000000000000000000000000000001000000000
0000000000000000000000100000000000000000000010000000000000000000000000000000000000000000000000000000000000000000001000000
0000000000000000000000000000000000000000000000000011110000000111000000000000000000000000000000000000000000000000000000000
1000000000000000000000000000000000000000000000000000000000000000001000000000000000000000000000000000000000000000000000000
0000000000000000000000000000000000000000000000000000000000000000000000000000000000000000000000000000000000000000000001001
0000000001000000000100000000010000000001000000000100000000010000000000000000000000000000000000000000000000000000000000000
0000010000000001000000000011000000001100000000011000000000000000000000000000000000000000000000000000000000000000000000000
0000000000000000000000010000000000000000000000000000000000000000000000000000000000000000000000000000000000000000100000000
0000000000000000000000000000000000000000000000000000000000000000000000000000000000000000000000000010000000001010000000000
0000000000000000000000000000000000000000000000000000000000000000000000000000000000000000000110000000011100000000000000000
0000001110000000111000000000100000000010000000000000000000000000000000000000000000000000000000000000000000000000000000000
0001100000000010000000001100000000010000000000100000000000000000000000000000000000000000000000000000000000000000000000000
0000000000000000000000000000000000000000000000000000000000000000000000000000000000000000100000000000100000000000000000000
0000000000000000000000000000000110000000000000000000000000000000000000000000000000000000000000000000000000000100000000000
0000000000000000000000000000000000000000000000000000000000000000000000000000000000000000000000000000000000000000000000100
0000000000001000000000000000000000000000000000000000000100000000000000000000000000000000000000000000000000000000000000000
0000000000100000000000000000000000000000000000000000000000000000000000000000000000000000000000000000000000000000010000000
