0000000000010000000000100000000000000000000000000000000000000000000000000000000000000000000000000000000000001000000000100
0000000000000000000000000000000000000000000000000000000000000000000000000000000000000010000000001100000000110000000011000
0000000000100000000000000000000000000000000000000000000000000000000000000000000000000000000000000000000000000100000000000
0000000000000000000000000000000000000000000000000000000000000000000000000000000000000000000111000000000000000000111100000
0000000001000000000000000000000000000000000000000000000100000000001000000000000000000000000000000000000000000000000000000
1000000000000000000000000000000000000000000100000000000000000000000000000000000000000000000000000000000000000000000000000
0000000000000000000000000000000000000000000000000000000000000000000000000000100000000001000000000010000000000000000000000
0000000000000000000000000000000000000000000000000000000000000000000000000000000000000000000000000000000000000011000000000
0000000000000000000000000000000000000000000000000000000000000000000000000000000111100000000000000000000000000000000000000
0000000000000000000000000000000000000000000000000000000010000000000100000000011000000000000000000000000000000000000000000
0000000000000000000000000000000000000111000000001111000000000000000000000000000000000000000000000000000000000000000000000
0000000000000000000000000000000000000000000000000000001000000000000000000000000000000000000000000000000000000000000000010
0000000110000000000000000000000000000000000000000000000000000000000000000000000000000000000000000000000000000000000000000
0000000000000000000000011000000000111000000000000000000000000000000000000000000000000000000000000000000000000000000000000
0000000000000000011100000000011000000000110000000000000000000000000000000000000000000000000000000000000000000000000000000
0000000000000000000000000000000001000000000011000000000000000000000000000000000000000000000000000000000000000000000000000
0000000000000000000010000000000100000000001000000000110000000000100000000000000000000000000000000000000000000000000000000
0000000000000000000000000000000000000000000000000000000000000000000000000000000000000000000000010000001111000000000000000
0111000000000000000000000000000000000000000000000000000000000000010000000000000000000000000000000000000000000000000000000
0000000000001111100000000000000000000000000000000000000000000000000000000000000000000000000000000000000000000000000000000
0000111000000000000000000111100000000000000000000000000000000000000000000000000000000000000000000000000000000000000000000
0000000000000000000001000000000010000000000000000000000000000000000000000000000000000000000000000000000000000000000000001
0000000000000000000000000000000000000000000000010000000001111100000000000000000000000000000000000000000000000000000000000
0000000000000000000000000000000000000000000000100000000000000000000000000000000000000000000000000000000000000000000000000
0000000000000000000000000000000000000000000000000000000000000001000000000111000000011100000000100000000000000000000000000
0000000000000000000000000000000000000000000000000000000000000000000000000000000000000000111000000001110000000000000000000
0000000000000000000000000000000000000000000000000000000000000010000011111000000000000000000000000000000000000000000000000
