1000000000000000000000000000000000000000000000000000000000000000000000000000000000000000000000000000000000000000000000011
0000000000000000000000000000000000000000000000000000000000000000000000000000000000000000000000000000000000000001000000100
0000000000000000000000000000000000000000000000000000000000000000000000000000000000000010000000000100000000010000000001000
0000000000000000000100000000000000000000000000000000000000000000000000000000000000000000000000000000000000000000000110000
0000000000000000000000000000000000000100000000001000000000000000000000000000000000000000000000000000000000000000001000000
0000000000000000000000000000000000000010000000000000000000000000000000000000000000001000000000000000000000000000010000000
0000000000000000000000000000000000000000000000000000000000000000000000000000000000000000000000000000100000000000100000000
0000000000000000000000000000000000000000000000000000000000000000000000000000000000000000000000000000000000000110000000000
0000000000000000000000000000000000000000000000000000000000000000000000000000000000000000000000000001000000001000000000000
0000000000000000000000000000000000000000000000100000000000000000000000000000000000000000000000001000000000100000000000000
0000000000000000000000000000000000000000010000000000000000000000000000000000000000000000000000000000000001000000000000000
0000000000000001100000000100000000000000000000000000000000000000000000000000000000000000000100000000000010000000000000000
0000000000000000000000000000000000000000000000000000100000000000000000000000000000000000000000000000000100000000000000000
0000000000000000000000000000110000000000000000000000000000000000000000000000000000000100001000000000001000000000000000000
0000000000000000000000000000000000000000000000000000000000000000000000000000001000000000000000010000010000000000000000000
0000000000000000000000000000000000000000000000000000000000000000000000000000000000000000100000000010000000000000000000000
0000000000000000000000000000000000000000000000000000000000010000000000000000000000000000000001100000000000000000000000000
0000000000000000000000000000000000000000000000000000000000000000000000000000000000010000000010000000000000000000000000000
0000000000000000000000000000000000000000100000000000000000000000000000000000000000000000010000000000000000000000000000000
0000000000000000000000000000000000000000000000000000000000000000000000000000000000100001000000000000000000000000000000000
0000000000000000000000000000000000000000000000000000000000000000000000000000010001000000000000000000000000000000000000000
0000000000000000000000000000000000000000000000000000000000000000000001000000000010000000000000000000000000000000000000000
0000000000000000000000000000000000000000000000000000000000000000000010000010000100000000000000000000000000000000000000000
0000000000000000000000000000000000000000000000000000000000000000000000001000100000000000000000000000000000000000000000000
0000000000000000000000000000000000000000000000000000010000000000100000000001000000000000000000000000000000000000000000000
0000000000000000000000000000000000000000000000000001000000000010000000000100000000000000000000000000000000000000000000000
0000000000000000000000000000000000000000000000000000000000000000001000010000000000000000000000000000000000000000000000000
0000000000000000000000000000000000000000000000000010000000000000000000100000000000000000000000000000000000000000000000000
0000000000000000000000000000000000000000001000000000000000000000000100000000000000000000000000000000000000000000000000000
0000000000000000000000000000000100000000000000000000001000000000010000000000000000000000000000000000000000000000000000000
0000000000000000001000000001000000000000000000000000000000000001000000000000000000000000000000000000000000000000000000000
0000000000000000000000000000000000000000000000000000000000001100000000000000000000000000000000000000000000000000000000000
0000000000000000010000000000001000000000000000010000000000100000000000000000000000000000000000000000000000000000000000000
0000000000000000000000000010000000001000000000000000000001000000000000000000000000000000000000000000000000000000000000000
0000000000000000000000000000000000010000000001000000000010000000000000000000000000000000000000000000000000000000000000000
0000000000000000000000000000000000000000000010000000000100000000000000000000000000000000000000000000000000000000000000000
0000000000000000000000000000000000000001000000000100000000000000000000000000000000000000000000000000000000000000000000000
0000000000000000000000000000000010000000000100000000000000000000000000000000000000000000000000000000000000000000000000000
0000000000000000000000000000000001100000000000000000000000000000000000000000000000000000000000000000000000000000000000000
0000010000000010000000001000000000000000000000000000000000000000000000000000000000000000000000000000000000000000000000000
0000000000000000000000110000000000000000000000000000000000000000000000000000000000000000000000000000000000000000000000000
0000000000000000000011000000000000000000000000000000000000000000000000000000000000000000000000000000000000000000000000000
0000000000001100000000000000000000000000000000000000000000000000000000000000000000000000000000000000000000000000000000000
0000000000110000000000000000000000000000000000000000000000000000000000000000000000000000000000000000000000000000000000000
0000000011000000000000000000000000000000000000000000000000000000000000000000000000000000000000000000000000000000000000000
0000001100000000000000000000000000000000000000000000000000000000000000000000000000000000000000000000000000000000000000000
0001100000000000000000000000000000000000000000000000000000000000000000000000000000000000000000000000000000000000000000000
0110000000000000000000000000000000000000000000000000000000000000000000000000000000000000000000000000000000000000000000000
