1000000000000000000000000000000000000000000000000000000000000000000000000000000000000000000000000000000000000000000000011
0000000000000000000000000000000000000000000000000000000000000000000000000000000000000000000000000000000000000000000001100
0000000000000000000000000000000000000000000000000000000000000000000000000000000000000000000000000000000000000000000110000
0000000000000000000000000000000000000000000000000000000000000000000000000000000000000000000000000000000000000000011000000
0000000000000000000000000000000000001000000000000000000000000000000000000000000000000000000000000000000000000000100000000
0000000000000000000000000000000000000000000000000000000000000000000000000000000000000000000000000000000000000011000000000
0000000000000100000000010000000000000000000000000000000000000000000000000000000000000000000000000000000000000100000000000
0000000000000000000000000000000000000000000000000000000000000000000000000000000000000000000000000001000000001000000000000
0000001000000000000000000100000000000000000000000000000000000000000000000000000000000000000000000000000000110000000000000
0000000000000000000000001000000000000000000000000000000000000000000000000000000000000000000000000000000001000000000000000
0000010000000000000000000000010000000000000000000000000000000000000000000000000000000000000000001000000010000000000000000
0000000000000000001000000000000000000000000000000000000000000000000000000000000000000000000001000000000100000000000000000
0000000000000000010000000000000000000000000000000000000000000000000000000000000000000000000000100000001000000000000000000
0000000000000000000000000000000000000000000000000000000000000000000000000000000000000000001000010000010000000000000000000
0000000100000000000100000000000000000000000000000000000000000000000000000000000000000000000000000000100000000000000000000
0000000000001000000000000000000000000010000000000000000000000000000000000000000000000001000000000010000000000000000000000
0000000000000000000000000001000000000000000000000000000000000000000000000000000000000010000000000100000000000000000000000
0000000000000000000000000010000000000000000000000000000000000010000000000100000000000000000010000000000000000000000000000
0000000000000000000000000000000000000000000000000000000000000000000000000000000001000000000100000000000000000000000000000
0000000000000000000000000000000000000000000000000000000000000000000001000000000100000000010000000000000000000000000000000
0000000000000000000000000000000000000000000000000000000000000000000000000000010000000000100000000000000000000000000000000
0001100000000000000000000000000000000000000000000000000000000000000000000000001000000100000000000000000000000000000000000
0000000000000000000000000000000000000000000000000000000000000000000000000000000000011000000000000000000000000000000000000
0000000000000001000000000000000000000000000000000000000000000000000000000000000010100000000000000000000000000000000000000
0000000000000000000000000000000000000000000000000000000000000000000000000001100000000000000000000000000000000000000000000
0000000000000000000000000000000000000000000000000000000000000000100010000010000000000000000000000000000000000000000000000
0000000000000000100000000000000000000000000000000000000000000000000000001000000000000000000000000000000000000000000000000
0000000000000000000000000000000000000000000000000000000000000000000000110000000000000000000000000000000000000000000000000
0000000010000000000000000000000100000000000000000000000000000000000100000000000000000000000000000000000000000000000000000
0000000000000000000000000000000000000000000000000000000000000000011000000000000000000000000000000000000000000000000000000
0000000000000000000000000000001000000000010000000000100000000001000000000000000000000000000000000000000000000000000000000
0000000000000000000000000000100000000000000000000010000000000100000000000000000000000000000000000000000000000000000000000
0000000000000010000000000000000000000001000000000000000000001000000000000000000000000000000000000000000000000000000000000
0000000000000000000000000000000000000000000000000000000000110000000000000000000000000000000000000000000000000000000000000
0000000000000000000000000000000000000000000000000000000011000000000000000000000000000000000000000000000000000000000000000
0000000000000000000000000000000000000000000000000000001100000000000000000000000000000000000000000000000000000000000000000
0000000000000000000000000000000000000000001000000000010000000000000000000000000000000000000000000000000000000000000000000
0000000000000000000000000000000000000000100000000001000000000000000000000000000000000000000000000000000000000000000000000
0000000000000000000000000000000000000000000000001100000000000000000000000000000000000000000000000000000000000000000000000
0000000000000000000000000000000000000000000000110000000000000000000000000000000000000000000000000000000000000000000000000
0000000000000000000000000000000000000000000011000000000000000000000000000000000000000000000000000000000000000000000000000
0000000000000000000000000000000000000100000100000000000000000000000000000000000000000000000000000000000000000000000000000
0000000000000000000000000000000000110000000000000000000000000000000000000000000000000000000000000000000000000000000000000
0000000000000000000000000000000011000000000000000000000000000000000000000000000000000000000000000000000000000000000000000
0000000000000000000001100000000000000000000000000000000000000000000000000000000000000000000000000000000000000000000000000
0000000000010000000010000000000000000000000000000000000000000000000000000000000000000000000000000000000000000000000000000
0000000001100000000000000000000000000000000000000000000000000000000000000000000000000000000000000000000000000000000000000
0110000000000000000000000000000000000000000000000000000000000000000000000000000000000000000000000000000000000000000000000
