1000000000000000000000000000000000000000000000000000000000000000000000000000000000000000000000000000000000000000000000011
0000000000000000000000000000000000000000000000000000000000000000000000000000000000000000000000000000000000000001000000100
0000000000000000000000001000000000000000000000000000000000000000000000000000000000000000000000000000000000000000100001000
0000000000000000000000000010000000000000000000000000000000000000000000000000000000000000000000000000000001000000000110000
0000000000000000000000000000000000000000000000100000000000000000000000000000000000000000000000000000000000000000011000000
0000000000000000000000000000000000000000000000000000000000000000000000000000000000000000000000000000000000000110000000000
0000000000000000000000000000000000000000000000000000000000000000000000000000000000000000000000000001000000001000000000000
0000000000000001000000000000000000000000000000000000000000000000000000000010000000000100000000000000000000010000000000000
0000000000000000000000000100000000001000000000000000000000000000000000000000000000000000000000001000000000100000000000000
0000000000000000000000000000000000000000000000010000000000000000000000000000000000000000000000000000001110000000000000000
0000000000000000000000000000100000000000000000000000000000000000000000000000000000000000000000000000010000000000000000000
0000000000000000000000000000000000000000000000000010000000000000000010000000000000000000000000000000100000000000000000000
0000000000000000000000000000000000000000000000000000000000000000000000000000000000000000100000000010000000000000000000000
0000000000000000000010000000000000000000000000000000000000000000000000001000000000000000000000000100000000000000000000000
0000010100000000000000000000000000000000000000000000000000000000000000000000000000001000000000010000000000000000000000000
0000000000000000000000000000000000000000000000000100000000000000000000000000000000000000000001100000000000000000000000000
0000000000000000000000000000000000000000000000000000000000100000000000000000000000000000001110000000000000000000000000000
0000000000000000000001000000000000000000000000000000000000000000000000000000001000000000010000000000000000000000000000000
0000000000000000000000000000000000000000000000000000000000000000000000000000000000000011000000000000000000000000000000000
0000000000000000000000000000000000000011000000000000000000000000000000000000000000010000000000000000000000000000000000000
0000000000000000000000000000000000000000111000000000000000000000000000000000000000100000000000000000000000000000000000000
0000000000000000000000000000000000000000000000000000000001000000000001000000000001000000000000000000000000000000000000000
0000000000000000000000000000000000000000000000000000000000000000000000000000000110000000000000000000000000000000000000000
0000000000000000000000000000000000000000000000000000000000000000000000000000110000000000000000000000000000000000000000000
0000000000000000000000000000000000000000000000000000000000000000000100000001000000000000000000000000000000000000000000000
0000000000000000000000000000000000000000000000000000000000001100000000000100000000000000000000000000000000000000000000000
0000000000000000000000000000000010000000000000000000000000000000000000110000000000000000000000000000000000000000000000000
0000000000000000000000000000000000000000000000000000000000000000011000000000000000000000000000000000000000000000000000000
0000000000000000000000000000000000000000000000000000000000000001100000000000000000000000000000000000000000000000000000000
0000000000000000100000000000000000000000000000000000000000000010000000000000000000000000000000000000000000000000000000000
0000000000000000000000000000000000000000000000001000000000010000000000000000000000000000000000000000000000000000000000000
0000000000000000000000000000000000000000000000000000000110000000000000000000000000000000000000000000000000000000000000000
0000000000000000000000000000000000000000000000000000011000000000000000000000000000000000000000000000000000000000000000000
0000000000000000000000000000000000000000000000000001100000000000000000000000000000000000000000000000000000000000000000000
0000000000000000000000000000000000000000000011000000000000000000000000000000000000000000000000000000000000000000000000000
0000000000000000000000000000000000010000000100000000000000000000000000000000000000000000000000000000000000000000000000000
0000000000000000000100000001000000000100000000000000000000000000000000000000000000000000000000000000000000000000000000000
0000000000000000000000000000000001100000000000000000000000000000000000000000000000000000000000000000000000000000000000000
0000000000000000000000000000011100000000000000000000000000000000000000000000000000000000000000000000000000000000000000000
0000000000000000000000110000000000000000000000000000000000000000000000000000000000000000000000000000000000000000000000000
0000000000000000011000000000000000000000000000000000000000000000000000000000000000000000000000000000000000000000000000000
0000000000000110000000000000000000000000000000000000000000000000000000000000000000000000000000000000000000000000000000000
0000000000011000000000000000000000000000000000000000000000000000000000000000000000000000000000000000000000000000000000000
0000000001100000000000000000000000000000000000000000000000000000000000000000000000000000000000000000000000000000000000000
0000001010000000000000000000000000000000000000000000000000000000000000000000000000000000000000000000000000000000000000000
0001100000000000000000000000000000000000000000000000000000000000000000000000000000000000000000000000000000000000000000000
0110000000000000000000000000000000000000000000000000000000000000000000000000000000000000000000000000000000000000000000000
