0000000011000000001100000000110000000010000000000000000000000000000000000000000000000000000000000000000000000000000000000
0000000000000000000000000000000000000001000000000100000000010000000000100000000001000000000000000000000000000000000000000
0000000000000000000000000000000000001100000000011000000000100000000001000000000010000000000000000000000000000000000000000
0000000000000000000000000000000000000000000000000000000000000000000000000000000000000100000001111000000001100000000000000
0000011100000001110000000011000000000000000000000000000000000000000000000000000000000000000000000000000000000000000000000
0000000000000000000000000000000010000000000000000000000000000000000000000000000000000000000000000000000000000000010000000
0000000000000000000000000000000000000000000000000000000000001100000000011100000000111000000000000000000000000000000000000
0000000000000000000000000000000000100000000001000000001000000000010000000000100000000001000000000000000000000000000000000
1000000000000000000000000000000000000000000000000000000000000000001000000000000000000000000000000000000000000000000000000
0000000000000000000000000000000000000000000000000000000000000000000000000000000000000000000000000000000000000000100000100
0000000000000000000000000000000000000000000000000000000000000000000000000000000000000000000000000000000000000100000001000
0000000000000000000000000000000000000000000000100000000001000000100010000001000100000010000000000000000000000000000000000
0110000000001000000000010000000000000000000000000000000000000000000000000000000000000000000000000000000000000000000000000
0000000000000000000000000000000000000000000000000000000100000000000000000000000000000000000000000000000000000001000000000
0000000000000000000001000000000000000000000000000000000000000000000000000000000000000000000000000000000000000000001100000
0000000000000000000000000000000000000000000000000000000000000000000000000000010000000000100000000000100000000000000000000
0000000000010000000000100000000001000000000010000000000000000000000000000000000000000000000000000000000000000000000000000
0000000000000000000000000000000000000000000000000011110000000011000000000010000000000000000000000000000000000000000000000
0001100000000110000000001100000000010000000000000000000000000000000000000000000000000000000000000000000000000000000000000
0000000000000000000000000000000000000000000000000000000000000000000000000000000000000000001110000000001110000000000000000
0000000000000000000000000000000000000000000000000000000000000000000000000000000000000000000000000000000000000010000000001
0000000000000000000010000000001100000000000000000000000000000000000000000000000000000000000000000000000000000000000010000
0000000000000000000000000000000000000000000000000000000000000000000000000000000000000000000000000110000000011000000000000
0000000000000000000000000000000000000000000000000000000010000000000100000000001000000000010000000000010000000000000000000
0000000000000000000000000000000000000000111100000000000000000000000000000000000000000000000000000000000000000000000000000
0000000000100000000000000000000000000000000000000000000000000000000000000000000000000000000000000000000000000000000000000
0000000000000000000000000000000000000000000000000000000000000000000000000000000000000000000000000001000000000000000000010
