1000000000000000000000000000000000000000000000000000000000000000000000000000000000000000000000000000000000000000000000001
0000000000000000000000000000000000000000000000000000000000000000000000000000000000000000000000000000011111110000000000000
0000000000000000000000000000000000000000000000000000000011000000000100000000010000000000100000000000000000000000000000000
0000000000000000000000000000000001100000000000000000000000000000000000000000000000000000000000000000000000000000000000000
0000000000000000000000000000000000000000000000000000000000000000000000000110000000011111000000000000000000000000000000000
0000000000000000000000000000000000000000000000000000000000000000110000000001100000000000000000000000000000000000000000000
0100000000000000000000000000000000000000000000000000000000000000000000000000000000000000000000000000000000000000000000000
0000000000000000000000000000000000000000000100000000001000000000000000000000000000000000000000000000000000000000000000000
0000000011000000000010000000000000000000000000000000000000000000000000000000000000000000000000000001100000000000000000000
0000000000000000110000000000000000000000000001000000000000000000000000000000000000000000000000000000000000000000000000000
0000000000000000000100000000001100000000011000000000110000000001000000000000000000000000000000000000000000000000000000000
0000000000000000000001000000000000000000000000000000000000000000000000000000000000000000000000000000000000000001000000000
0000000000000000001000000000010000000001100000000011000000000110000000000000000000000000000000000000000000000000000000000
0000000000000000000000000000000000000000000000000000000000000000000000000000000000000000000000000000000000000000111100000
0000000000000111000000011110000000000000000000000000000000000000000000000000000000000000000000000000000000000000000000000
0000000000100000000000000000000000000000000000000000000000000000000000000000000000000000000000000000000000000010000000000
0000000000000000000000000000000000000000000000000000000000000000000000001000000001100000000111100000000000000000000000000
0000000000000000000000000000000000000000000000000000000000000000000000000000000000000000000000000000000000000000000011110
0000000000000000000000000000000000000000000000000000000000000000000011100000001110000000011000000000000000000000000000000
0010000000011000000000100000000000000000000000000000000000000000000000000000000000000000000000000000000000000000000000000
0000000000000000000000000000000000000000000000001100000000111000000000010000000000000000000000000000000000000000000000000
0001111100000000000000000001100000000000000000000000000000000000000000000000000000000000000000000000000000000000000000000
0000000000000000000000000000000000000000000000000000000100000000001000000000000000000000000000000000000000000000000000000
0000000000000000000000000000000010000000000010000000000000000000000000000000000000000000000000000000000000000000000000000
0000000000000000000000000000000000011110000000110000000000000000000000000000000000000000000000000000000000000000000000000
0000000000000000000000000000000000000000000000000000000000000000000000000000000000000000000000011110000000001100000000000
