0010000000010000000000000000000000000000000000000000000000000000000000000000000000000000000000000000000000000000000000000
0000000000000000000000000000000000000000010000000000100000000001000000000110000000001010000000001000000000000000000000000
0000000000000000000000000000000000000000000000000000000100000000001000000000000000000000000000000000000000000000000000000
0000000000000000000000000000000000000001000000000110000000010000000000100000000001000000000000000000000000000000000000000
1000000000000000000000000000000001000000000000000000000000000000000000000000000000000000000000000000000000000000000000000
0000000000000000000000000000000000000000000000000000000010100000000101000000001010000000010100000000000000000000000000000
0001000000000100000000000000000000000000000000000000000000000000000000000000000000000000000000000000000000000000000000000
0000000000000000000000000000000000000000000000000000000000000000000000000000000000000000000000000001000000000000000000000
0000000000000000000000000000000000000000000000000000000000000000000000000000000000000000000000000000000000000100000000010
0000111000000000000000000000000000000000000000000000000000000000000000000000000000000000000000000000000000000000000000000
0000000000000000000010000000000110000000000100000000001000000000010000000000100000000000000000000000000000000000000000000
0000000000000000000000000000000000000000000000000000000000000000000000000000000000000000000000000000111110000000110000000
0000000000001000000000000000000000000000000000000000000000000000000000000000000000000000000000000000000000000010000000000
0000000110000000011100000000000000000000000000000000000000000000000000000000000000000000000000000000000000000000000000000
0000000000000000000000100000000000000000000000000000000000000000000000000000000000000000000000000000000000000000000000001
0000000000000000000000000000000000000000000000000000000001000000000010000000010100000000101000000000000000000000000000000
0000000000000000000000000000000000000000000000000000000000001100000000011000000000100000000000000000000000000000000000000
0000000000000000000000000000000000000000000000000000000000000000000000000000000000010000000011100000000001100000001100000
0000000000000001100000000110000000001010000000101000000000000000000000000000000000000000000000000000000000000000000000000
0000000001000000000001000000000000000000000000000000000000000000000000000000000000000000000000000000000000000001000000000
0000000000000000000000000000001000000000101000000001010000000010100000000001000000000000000000000000000000000000000000000
0100000000100000000000000000000000000000000000000000000000000000000000000000000000000000000000000000000000000000000000000
0000000000000000000000010000000000000000000010000000000000000000000000000000000000000000000000000000000000000000000000000
0000000000000000000000000000000000000000000000000000000000000000000000000000000000000001000000000100000000010000000011000
0000000000000010000000001000000000110000000001000000000000000000000000000000000000000000000000000000000000000000000000000
0000000000000000000000000000000000000000000000000000000000000000000000000000000000000000000000000010000000001000000000100
0000000000000000000000000001110000000100000000010000000000000000000000000000000000000100000000010000000000000000000000000
