0
0
0
0
0
0
0
0
0
0
0
0
0
0
0
0
0
0
0
0
0
0
0
0
0
0
0
0
0
0
0
0
0
0
0
0
0
0
0
0
0
0
0
0
0
0
0
0
0
0
0
0
0
0
0
0
0
0
0
0
0
0
0
0
0
0
0
0
0
0
0
0
0
0
0
0
0
0
0
0
0
0
0
0
0
0
0
0
0
0
0
0
0
0
0
0
0
0
0
0
0
0
0
0
0
0
0
0
0
0
0
0
0
0
0
0
0
0
0
0
0
0.546774
0.440421
1.07022
0.229788
-0.0349139
19.4698
-0.000972449
-0.215128
3.77866
1.03585
-0.356526
-0.482616
-9.12492
0.367353
0.60958
-0.404689
-0.635045
-4.57959
0.0960904
0.205639
0.554719
-0.14412
0.444362
1.66124
-0.210942
0.0669022
0.0400673
0.509203
0.155608
0.191011
3.54683
0.210119
0.106906
0.12402
0.00235529
0.499026
0.480648
0.273796
1.43266
1.06427
0.257929
-0.161491
0.189254
-0.0992134
0.671114
0.572452
0.315199
2.51503
0.842191
1.27923
1.80709
3.87629
2.4749
1.90619
3.61713
0.542664
1.20426
10.2148
1.32713
-1.49618
-2.36692
-1.22919
-1.0492
0.960007
-0.0281711
0.28364
0.371975
0.800413
13.1337
0.767529
0.254017
-0.179605
-0.0719107
-0.23761
-0.524458
-1.50763
0.2135
1.37752
0.0415787
-0.50751
-3.08668
1.27095
0.456362
-0.0444503
-0.191145
-0.162578
-0.304349
-0.769342
0.119815
-0.794276
1.04539
-0.400102
-0.107667
-8.44893
-0.489349
0.681982
0.493885
-0.0268107
-0.230468
-0.0931799
0.485394
0.0154902
-0.462607
0.0706269
0.976344
-1.46684
-0.179106
-6.36839
-0.380327
-0.23182
0.560717
0.375086
0.0243751
-0.109908
0.577497
-0.0780366
0.00910544
0.366143
-0.19091
1.03471
0.273967
-0.342968
14.2001
-0.251232
-0.52259
-0.49815
-0.0516581
0.0892393
-0.00329937
0.518039
-0.136352
-0.574216
-0.793217
0.0775048
-0.226485
1.1179
-0.0243356
-0.418396
-7.74383
0.103361
0.163656
-0.204553
-0.435626
-0.538875
0.00719861
-0.95053
-0.171655
0.486348
-0.603574
0.0413953
0.132536
-0.0334304
1.043
-0.45264
-0.407887
3.70779
-0.369015
-0.15489
0.0958887
0.393694
0.319109
-0.597844
-0.434717
-0.153633
-0.681871
-0.256455
-0.158854
-0.108409
-0.171307
-0.0966929
0.878787
-0.491477
0.130271
7.93819
0.055526
-0.279558
-0.213103
0.199987
0.680593
0.87967
-3.32013
-0.0232019
-0.609938
0.0180527
0.194605
0.0794039
-0.0931776
0.00426683
-0.0150385
0.607841
0.0519207
0.023811
-1.46653
-0.0927807
-0.371086
-0.194767
-0.132005
0.114664
0.71404
8.47148
0.150978
0.0251421
-0.719376
-0.00640057
0.0383737
0.0197359
-0.202751
0.21065
-0.143889
0.382048
0.522296
0.296154
2.21195
-2.03129
-2.25721
-0.1648
-0.508092
0.0970214
-0.217324
2.29509
0.281286
0.419034
0.250978
-1.35405
0.409313
-0.15378
0.240973
-0.415188
-0.419315
0.0825895
0.131417
0.427586
0.464395
1.73629
-0.0526092
-0.0808308
0.0777617
-0.0313324
-0.103679
0.864077
-1.27432
0.231551
1.10557
0.809934
1.14815
0.314171
0.228498
0.0871353
-0.118747
0.0723366
0.236612
-0.5435
2.45296
0.070842
0.0346021
-0.272727
0.23929
-0.00622299
0.0609454
-0.00658123
-0.00633465
-0.105913
-8.05845
0.112782
-0.470918
0.81786
0.834676
0.379652
0.388125
0.138847
0.078065
0.0722372
-0.0469209
0.0622085
-5.28029
-1.6988
-0.314355
-0.379785
-9.62199
0.0209903
0.137351
-0.030948
-0.0137552
-0.0972555
0.0828631
-1.46881
0.0202832
-0.933965
-1.12792
0.0200683
0.906065
0.418477
0.143454
-0.135793
-0.0806
0.0979448
0.112753
4.01035
-45.01
-0.359015
0.515681
-0.297236
-9.55827
-0.322625
-0.159932
0.0410976
-0.0215451
-0.0126359
-0.020102
-0.00733028
-0.0498922
-0.974227
-0.386872
-0.553372
-0.20665
0.776965
0.286657
-0.0346684
0.0399288
0.119194
-0.108471
-5.34135
10.6719
-0.10408
0.305437
0.321684
-0.317952
-5.07973
-0.687502
-0.455316
-0.125529
0.0556455
0.146379
0.0133545
-1.55393
-0.0437803
0.00221402
0.136634
-0.305512
-0.324597
-0.384278
0.660308
0.379364
0.0352082
0.0029992
-0.0909876
7.70474
42.1479
-0.00397073
-0.088645
0.405563
0.839517
-0.249356
-1.24058
-0.00420871
-0.166888
-0.385785
-0.161108
-0.00711349
0.0189034
1.3718
0.00545977
-0.128949
0.565181
0.0835666
-0.193569
-0.415808
-0.351776
-0.178884
0.100281
0.204527
0.174572
4.21039
-32.9551
0.277281
0.0324263
0.00775654
0.916967
-0.550314
0.0335973
-4.33667
0.0204252
0.111744
-0.106018
-0.378833
-0.314635
-0.098265
-0.838346
0.00724834
0.411574
-0.0396064
0.0290917
-0.0524342
-0.0369459
-0.123532
-0.0746175
-0.539683
-0.348559
0.10985
0.792075
5.29163
0.0517937
0.013377
0.100701
0.164282
0.853725
0.0186027
-0.258051
-4.14252
0.148486
0.0249346
-0.0413997
0.000618902
-0.308134
-0.360413
-0.778216
-0.0754747
0.343588
0.181155
0.131719
0.0681585
0.0901663
-0.192347
0.169747
0.462839
-0.777283
-0.380059
1.02819
-29.4102
0.0172953
0.0779661
-0.0189293
0.0362808
0.193966
0.56164
0.0389865
-0.0408283
-9.59585
-0.11297
-0.206473
-0.125275
0.0807878
-0.0146687
-0.337581
-0.874624
-0.120889
0.153597
0.280668
0.0305622
-0.0217206
0.118032
-0.0632789
-0.267348
0.465358
0.727113
-0.750624
-9.04795
24.0643
0.0141675
-0.138191
0.032037
-0.0262495
-0.0302194
0.036034
0.143284
-0.165024
0.032677
-11.6863
-0.148614
-0.00904513
-0.0626359
-0.157648
0.064122
0.130729
-0.0462272
0.0333602
-0.0203917
0.528814
0.0719183
-0.0170435
-0.120063
0.0079458
-0.0784167
0.042553
0.616543
1.18283
-1.72861
3.7924
0.221134
-0.00066912
-0.0497181
-0.0615358
-0.121829
0.036021
-0.262406
0.108981
0.409105
0.253972
1.20431
0.0775959
-0.470714
-0.112023
-0.082807
-0.171654
0.149484
0.153783
0.256444
0.307067
-0.961407
-0.218325
-0.186219
-0.184191
-0.125418
-0.132574
0.345402
0.469376
0.720521
24.5365
15.1009
-0.0518696
0.0269006
0.103011
-0.0418859
0.135719
-0.160025
-0.0100066
-0.4078
-0.550337
0.253708
0.679261
6.12688
-0.427729
-0.11241
-0.0204412
-0.0807896
0.0178358
-0.00111146
1.82492
0.163759
0.205714
0.451269
0.0264521
-0.235602
-0.095893
-0.00252027
0.011832
-0.0906412
-0.0135637
0.229988
0.299547
93.4229
0.950714
-0.0104578
-0.115046
0.041726
0.0591151
0.0164362
0.0165014
0.0447909
0.0244183
-0.432408
-0.0914183
-0.333912
-2.86024
-0.43252
0.0888189
-0.0589391
-0.000721782
0.0136486
-0.198403
0.937199
0.034842
0.16017
0.370118
0.346805
0.15614
-0.085905
0.0744596
0.133495
0.122547
0.0746648
0.12755
1.2982
-14.3118
1.21169
0.831814
-0.064061
0.13655
0.0748176
0.116316
-0.107562
0.186436
-0.0808942
-0.00135642
-0.340127
0.605206
-0.186361
-0.557504
0.082327
0.174325
0.0511075
-0.0863624
-0.0154096
-0.0072667
-1.16309
-0.0281081
-0.793131
-1.49109
-0.18415
0.131552
-0.0224913
0.0629273
0.211512
-0.0112903
-0.0389593
0.0636432
0.818669
-20.9182
-0.681317
0.247016
0.739868
0.196932
0.134819
0.00239825
0.0423176
0.113322
0.139374
0.044429
-0.355084
-0.363609
0.40908
-0.153414
-2.62271
0.146338
0.14348
0.134546
0.0345162
-0.0061223
-0.180926
1.19693
0.00198641
0.109384
-0.661315
-0.252843
-0.351166
0.0559071
0.049685
0.0604708
-0.0640255
0.0196498
0.132812
-10.4511
-55.5316
-0.448231
-0.521068
0.210375
0.641967
0.364985
0.0829582
0.1437
0.157397
0.0326496
-0.0228759
-0.544711
-0.238372
-0.18619
0.429564
-0.00899151
-5.60077
-0.231515
-0.411669
0.0359294
0.0672469
0.0397129
0.189942
-0.37404
0.102393
0.469243
-1.09012
-0.579852
-0.256222
-0.108027
-0.161237
0.210173
-0.0282732
-0.120441
-0.0573078
-2.45024
-18.8891
0.0639144
-0.174598
-0.596938
-0.09367
0.817938
0.327219
0.0777836
0.00181675
0.155816
-0.181878
0.431013
-0.168673
-0.225722
0.294259
-0.0727168
0.0764341
5.26284
-0.478783
-0.200389
-0.321928
-0.242478
-0.0722355
0.129227
0.193302
0.173813
-0.407068
0.0397786
-0.579539
-0.19096
-0.405632
-0.504407
-0.424337
-0.0911756
0.0255746
0.0514893
1.62133
-15.4174
-0.0659447
0.107553
-0.149048
-0.395925
-0.0565989
0.43747
0.325841
0.193896
0.106083
0.092266
0.548735
0.220725
0.134742
-0.178034
1.01038
-0.25325
0.0640437
5.83924
0.552689
-0.0289161
0.0669413
-0.065445
-0.265462
-0.413248
-0.414782
0.160714
-0.29235
-0.575907
0.329391
0.0997208
0.121453
-0.0720489
-0.175328
-0.436056
-0.283382
-0.122486
-3.9507
54.2542
0.207521
-0.00934037
0.0795022
-0.127258
0.0392114
0.696169
-0.880924
-0.387833
0.176033
0.185098
-0.171193
0.137018
0.0227595
0.26423
0.0453331
0.883988
0.231911
-0.0908573
10.3258
0.0475833
0.0220699
-0.00406397
0.0312668
-0.0136887
0.164089
-0.28397
0.0200747
-0.723546
-0.234875
-0.00770545
0.0343272
0.0190893
0.222437
-0.134174
-0.306604
-0.228321
-0.268735
-6.17394
37.1186
0.0163176
0.0491916
0.0284751
0.054223
-0.0157644
0.0743786
0.791404
-0.513437
-0.502935
-0.177291
0.0878414
0.0277511
0.1135
0.163414
0.0809848
0.218648
0.645503
-0.347413
0.26379
-1.01934
-0.240959
0.0344402
-0.0116551
-0.0926301
0.00878101
0.107558
0.229398
-0.120552
0.775079
0.988153
0.0411457
0.00553243
-0.00937611
0.0731547
0.0789463
-0.10043
-0.058165
-0.268348
-2.20559
40.2238
0.0687568
0.25243
-0.016136
-0.00405998
0.182499
-0.123578
0.186785
0.846624
-0.404012
-0.358165
-0.211646
-0.200687
0.0225673
0.0156056
-0.0362582
0.0787817
-0.1582
0.136626
-0.2595
-0.165213
2.37041
-0.0257705
0.283452
-0.0928681
0.0904131
-0.15861
-0.225262
-1.22136
-0.0151906
0.140174
0.0423915
-0.256
0.000846593
0.0236747
-0.0684788
0.182335
-0.00220382
0.333343
0.073537
2.50762
-24.0484
-0.124721
-0.0268789
0.0027454
-0.0458419
0.0995165
0.0971405
-0.0158018
0.097165
1.03164
0.140984
0.253878
0.204553
0.0209039
0.0695027
0.0392862
0.10087
-0.0717982
-0.361342
-0.0566078
0.402426
0.250296
2.11067
-0.41234
0.162906
-0.10814
-0.138245
-0.0694469
-0.213589
-1.96457
0.244287
0.319198
-1.69286
-0.0748083
-0.0472932
0.141861
-0.0489502
-0.0154037
-0.0626823
0.284479
0.100697
-1.00416
34.5731
0.105346
-0.0092907
-0.00558392
0.0318578
-0.068659
0.130101
0.0618391
0.0251465
0.65095
0.754454
-0.284134
0.141716
-0.0981498
-0.222832
0.040654
0.0467695
0.265948
-0.104633
-0.445997
-0.716809
0.177247
0.713421
-1.28909
0.209001
-0.0818312
-0.0404448
-0.0381043
-0.0756222
-0.019833
1.37747
0.110582
2.08258
-0.572723
0.0250397
-0.106993
-0.0766103
-0.110442
0.0210883
-0.00691743
0.124049
0.0843384
-4.15351
2.16501
0.430874
0.0920236
0.355798
0.167444
-0.0469808
0.0702923
0.190634
0.0994128
0.0803854
-0.357287
1.10906
0.667245
-0.33163
-0.104617
0.0112831
-0.0152014
-0.0256105
0.0574047
0.112252
0.223751
0.0188742
-0.637657
0.0171525
9.30054
0.0172819
-0.139626
-0.043766
-0.00845928
-0.0276049
-0.11836
0.450023
-0.0281807
-0.390562
-0.180042
-0.0519383
-0.204826
0.0140545
-0.104374
-0.036226
-0.124609
0.12625
0.0433633
-3.97737
-27.3141
0.119348
0.178942
-0.0342595
0.106932
-0.00948396
0.0408028
0.0571575
0.0269265
0.0349268
0.174561
-0.47107
1.21686
0.604583
-0.107543
0.148918
0.000191349
-0.000477013
0.0258755
0.061881
0.110787
0.372369
-0.394843
0.150566
-0.221017
2.98217
0.0821508
0.0122634
-0.0779791
-0.0401617
-0.0858775
0.0929449
-0.236288
-0.0266167
0.0227458
0.14602
-0.0317744
0.143749
-0.00635778
-0.0354963
-0.199994
0.128427
0.173865
0.0426547
-3.80139
-30.4479
-0.340301
-0.198997
0.165307
0.0866739
-0.11837
0.200316
0.0329669
-0.0327629
-0.135027
-0.0633035
-0.43204
-0.524363
0.547644
0.713776
0.087359
0.328742
-0.109413
0.0647455
0.0657984
0.271485
0.159291
-0.31417
-0.279369
0.395918
0.00185714
0.0951008
0.487774
0.223553
0.0425685
0.00307874
0.0474065
0.0139153
0.402954
0.0981935
0.471264
-2.30101
0.16262
0.144369
0.125518
-0.144506
0.105734
0.129438
0.111101
0.0653702
2.09817
-10.4092
-0.219125
-0.231952
-0.0557734
0.210288
0.0435644
0.0310703
0.00858407
0.069782
-0.151874
0.00576637
-0.888527
-0.47027
-0.599415
0.788176
0.681748
0.391632
0.212772
-0.0902839
-0.0216189
0.0598974
0.0351096
-0.19502
-0.430391
-0.483556
0.254267
0.185744
-0.632631
0.133459
-0.0290962
0.0571293
0.0721895
0.170565
0.230583
1.84709
0.208475
-0.11194
0.816071
-0.355986
0.223601
-0.15941
0.310096
0.189585
0.729377
0.213431
-0.100387
-4.26989
20.7286
-0.61882
-0.0738863
-0.153377
-0.390141
0.439475
0.250978
0.0283721
0.108837
-0.0739929
-0.185716
0.0764674
0.0884316
-0.399054
-0.920561
0.450193
0.466779
0.370633
0.0307512
0.0790256
0.0882499
0.17079
0.590439
-0.0221439
-0.29178
0.613571
0.371915
0.261191
1.0106
0.164309
0.023957
0.0653718
0.184862
-0.0997628
-0.229992
-7.01991
0.241771
0.312054
-0.0339121
0.701062
-0.274943
0.146359
-0.181883
0.0213676
-0.0214661
0.235776
-0.152017
-0.0722742
-16.9471
0.397487
0.0400602
0.139163
0.0110244
0.0983636
0.00165142
-0.163067
-0.627861
-0.177721
0.157967
-0.171848
-0.325642
-0.287772
0.336001
-0.140998
1.11663
-0.106342
-0.30144
-0.0609769
0.0668937
-0.150575
0.161305
-0.134696
0.113882
-0.958212
1.3813
-0.0738397
0.164604
-5.56742
-0.336346
0.190471
-0.115858
0.0817399
0.243592
0.135971
-0.673098
0.17835
0.0923412
1.00616
-0.353275
0.130944
-0.0235967
0.102572
-0.133746
0.180669
0.0820157
0.0903612
2.51222
-25.6795
0.0964391
-0.159927
0.117634
0.126411
-0.092323
0.0123267
0.200169
-0.165618
-0.422334
-0.340852
0.579746
0.0420895
-0.0467459
-0.0566475
-0.0777961
-0.0943307
1.2186
0.0543558
-0.395419
0.0318929
-1.23251
-0.0800518
0.0723071
-0.143671
-0.190967
0.162817
1.50066
0.235333
0.10911
-9.7005
-0.256502
0.0479927
0.0342525
-0.0218708
0.133717
0.0237891
-0.371001
0.0138893
-0.0250598
0.206858
0.104303
0.101792
-0.0919367
0.0760672
0.170203
0.00527756
0.172049
-0.0559556
-2.0072
-59.7359
-0.122917
0.064603
0.0702066
-0.0934755
0.0524658
0.1141
0.0175426
-0.0267546
0.0359856
0.161551
0.197282
0.0660388
0.0131184
0.0875181
0.00717429
-0.110193
-0.165009
0.863421
0.0733213
-0.364061
-0.43099
0.15442
0.056182
0.0879415
0.0305827
-0.111044
-0.175547
0.56093
-0.200184
0.217263
2.508
0.361881
-0.0248004
0.0108558
-0.130196
-0.0109037
0.11179
-0.19313
-0.104025
0.726665
-0.481732
-0.102047
0.0754938
0.0281075
0.196485
-0.0265797
0.0417609
0.171162
0.169337
-0.65535
-17.2027
0.0589443
0.0212155
0.0182657
-0.0675217
-0.0985267
0.0787662
-0.0256308
0.0323943
-0.111302
-0.0884628
0.232216
0.159141
0.054616
0.0576916
0.192385
-0.0133405
0.0109344
-0.0879062
0.935324
0.0072642
-0.16728
-0.11232
0.163731
0.0365772
0.0670005
0.43274
1.03291
-0.182583
-0.131125
-0.142807
-0.220018
-5.49064
-0.182543
0.0601862
-0.0413361
-0.0567108
-0.0410288
-0.130503
0.549812
-0.0040311
-0.0819288
-0.576912
0.128768
0.0633659
0.137589
-0.0484415
-0.0610103
-0.089294
0.100031
0.0795795
-2.22154
-37.5876
0.33369
0.20212
0.0456521
0.108108
-0.0562798
0.105833
0.121707
0.0948394
0.172781
0.430943
0.0894041
-0.100107
0.0872958
0.105987
0.0453818
-0.0230675
-0.0977935
-0.0189877
-0.31777
1.04796
0.660672
0.221183
0.021755
0.0531149
0.0847088
0.0820747
0.00432733
0.00975156
-0.392537
-0.172962
0.413243
0.282676
1.10029
0.517894
0.00381174
-0.0168151
0.0574141
0.0913395
-0.206976
-2.06696
0.255457
0.397991
-0.673661
-0.178438
0.0689974
-0.13555
0.123045
-0.207386
-0.167727
-0.107582
-0.128339
0.0967456
12.695
0.141914
0.0963724
0.0637902
0.0501402
0.047067
0.12652
0.108591
0.00345382
0.512445
0.0766257
-0.165172
0.0796675
0.201362
0.206693
-0.287477
0.0866738
-0.0928019
0.0829316
0.11099
0.478627
0.99493
-0.0125987
0.286172
-0.01307
-0.248858
-2.14009
0.555028
0.214437
-0.342573
-0.55226
-0.971643
0.118517
-0.164454
-1.84382
-0.20102
-0.0137555
-0.140315
0.0655134
0.0721914
0.0979812
-0.395893
0.0868362
-0.589641
0.445511
-0.217928
0.0399261
-0.0329764
0.0400695
-0.0937908
0.0258434
-0.0510223
-0.0244889
1.949
18.8458
-0.321433
-0.109101
0.0824353
0.0408396
0.0999617
0.0652103
0.0171842
0.10887
0.137492
0.18964
0.195151
0.479351
-0.153976
0.0471423
0.0837945
0.054041
0.0982764
-0.0435858
0.186225
0.00813822
0.0825685
1.08858
0.0130269
-0.246503
0.0217254
-0.0694467
0.433444
0.286652
-0.124951
-0.0993963
0.103689
0.0252033
0.914274
0.258115
-2.14062
-0.300398
0.0643164
-0.043459
0.0456584
0.0104622
0.105849
1.41362
-0.0655434
-0.11458
0.0216953
0.229754
-0.0228012
-0.123442
0.0328128
0.0404315
0.149265
0.0155629
0.073135
1.64935
11.9937
-0.106456
0.0509944
0.14357
0.0945254
-0.0144115
-0.0377898
0.0970836
0.178231
0.0613399
0.341991
-0.0025466
-0.0151632
0.0836729
-0.114886
0.328887
0.0363897
0.0252711
-0.0538527
0.0985162
0.0540367
0.144653
-0.419584
0.96578
0.306652
-0.174446
0.00968615
0.0275322
-0.144684
-0.0602726
0.121252
0.154498
0.523839
-0.243872
0.257239
-0.366097
3.75327
0.0331157
-0.0354656
-0.00148799
0.0282457
-0.00429071
-0.0209924
0.188621
-0.00356081
0.121964
0.475037
0.133629
0.166448
-0.074006
0.091418
0.105132
0.136474
0.021368
-0.106912
-2.57941
46.0824
0.230612
0.056699
0.0484515
-0.153443
0.193837
-0.0104201
0.0367592
0.113082
0.237273
0.139792
0.105283
-0.0864573
0.0160189
0.0786549
0.220182
-0.0977354
-0.00459366
0.0947676
0.04738
-0.0980256
0.239173
-0.557664
-0.434343
1.06366
0.653781
-0.333108
-0.119246
-0.0861373
0.31763
0.142415
0.159854
0.0337705
-0.283216
-0.440561
-0.232844
0.0910759
-1.0032
-0.290325
0.0441456
0.0840728
0.119223
-0.0564221
-0.0508819
-0.332092
0.144502
0.874929
1.35651
0.0524923
0.0411281
0.0769116
0.0264837
-0.0169429
-0.0598464
0.14729
0.150529
-6.06834
29.6381
-0.0825999
-0.186825
0.132018
0.190567
-0.0210417
0.00235926
-0.0810959
-0.00170323
0.156783
0.0577806
0.217755
-0.0519235
-0.0929365
-0.120566
0.343499
-0.0425143
-0.11248
0.17943
0.123906
-0.079383
-0.0843213
-0.41507
-0.156092
-0.290821
1.26511
0.681037
0.499142
0.13653
-0.0161852
0.0781209
0.144655
0.189371
-0.0992163
-0.318954
-0.549551
0.340319
0.250745
-1.60386
-0.0347312
-0.0226952
0.0958074
0.0111198
-0.0679423
0.0153662
0.545901
0.234759
0.189598
-0.586469
0.192207
0.285796
0.00146767
0.560069
-0.034841
0.00799243
-0.0687945
0.198287
7.2148
47.0824
-0.885167
-0.173218
-0.11446
0.153251
0.0766242
-0.0672215
-0.161834
0.0513779
0.113815
-0.0607282
-0.805905
-0.100986
0.0814396
-0.11718
-0.0979516
0.222509
0.283839
-0.14022
0.042123
0.0735149
0.35658
-0.197954
-0.0641506
-0.0850612
-0.536718
1.92737
0.990139
-0.243356
0.256997
0.207843
-0.0220313
-0.208892
-0.314254
-0.147608
0.0184632
0.550991
0.283895
0.221447
-2.67033
0.0743016
-0.045046
0.135384
-0.0890587
0.0443729
0.046017
0.504263
0.208424
0.258705
1.16755
0.0912418
-0.140692
0.0682054
-0.00953659
-0.0271129
0.027341
-0.178761
0.063727
2.67497
10.6067
-0.136751
0.0268749
-0.022068
-0.105023
0.012431
-0.254579
0.00672003
0.224973
-0.0833649
0.224225
0.580268
-0.0638939
0.0292049
-0.0691043
-0.101162
-0.168709
0.0723822
0.23975
0.01421
0.0527619
-0.209302
-0.170716
-0.0206698
-0.0301925
0.133427
0.229278
2.284
0.420455
-0.363277
-0.10791
-0.262458
-0.0580842
0.0185986
0.0355375
0.0401985
-0.354642
0.670141
-0.363404
0.033345
-9.1282
0.0832681
0.0316309
0.07056
0.106045
0.0268349
0.0235526
0.844798
0.105997
-0.4491
-0.91138
0.221343
-0.131095
0.0348916
0.0237603
0.286541
-0.228446
0.0563871
0.127372
-0.920413
-7.60996
0.0495085
0.0759983
0.0880686
0.00873483
0.0584504
0.0452434
0.0262677
0.18989
0.207083
0.215446
-0.00275427
-0.0288738
-0.0560963
0.014808
0.0602155
0.179303
0.0376672
0.319
0.0892035
-0.0611506
0.138884
-0.21921
0.0585279
0.111674
0.0209775
0.462275
0.690839
0.950715
0.664843
-0.0694367
-0.0441402
0.385133
0.0237608
0.0299963
0.0305262
0.0131081
-0.0352838
0.449544
0.158504
-0.0573347
-5.27682
-0.0321207
0.0150409
-0.0182987
0.00302176
-0.11164
0.0129556
1.30915
-0.0369574
-0.644104
0.0224645
-0.108732
0.116575
0.128903
-0.149973
-0.0411984
-0.0640313
-0.000109855
0.12167
-4.26005
13.2961
0.152952
0.0393914
0.0832742
0.133604
-0.0268965
0.0734246
0.0569606
-0.0229274
0.00766059
0.168555
-0.00978568
0.008419
0.12922
0.019898
0.0218527
-0.000492186
-0.00290346
0.102351
0.165074
0.0675723
-0.117686
0.18982
0.0889457
0.222818
0.100026
0.0534811
0.202482
-0.130588
0.927059
0.631652
-0.265613
-0.00533387
0.142165
-0.0604539
-0.0277346
0.0272313
0.262198
0.0255747
-0.0421263
-0.974632
0.143453
-2.20222
0.133476
0.0110478
-0.0516698
0.00315764
-0.0583274
0.0294521
-0.894579
-0.0712582
0.981163
0.161261
0.222225
0.160378
0.0373822
0.00379354
0.00862622
-0.043003
0.0453621
-0.0499335
-9.43572
-36.2421
-0.0454801
-0.0452061
0.117138
0.026072
0.029395
0.0455506
0.0752321
0.0208474
0.112494
0.0470596
0.139901
0.181273
0.0305702
0.0766804
-0.0953826
0.210292
-0.0936717
-0.141034
-0.0709746
0.212121
-0.297088
0.249729
0.0496255
0.217861
-0.0859611
0.186059
0.0554712
-0.0665907
-0.413981
1.06453
0.619247
-0.478076
-0.0227888
0.145467
0.0806668
0.0142955
-0.114448
-0.0482415
-0.269746
-0.276318
-0.0278318
-0.310286
-2.86578
-0.00939796
-0.108708
0.0636599
-0.0714828
-0.126225
-0.101093
2.08785
0.0574484
0.0860038
1.12913
0.00769592
0.233711
-0.131651
0.209034
-0.254903
-0.107185
-0.199083
0.0519164
-14.8596
32.7957
0.136117
0.0513235
0.058289
0.0076971
0.0690343
-0.03867
0.0458385
0.179804
0.12802
-0.108989
0.277688
0.201064
0.173699
0.191896
0.0108936
-0.0409579
-0.0414666
-0.01339
-0.0671596
0.0864079
0.702344
0.175169
0.149304
0.174538
0.00877762
0.00132455
0.242947
-0.233652
-0.0977323
-0.631554
1.10437
1.36611
0.154307
0.0637614
0.0671785
0.0297182
-0.285909
0.129102
0.075633
-0.349402
-0.570402
0.497475
0.297872
1.30353
-1.97464
-0.0595863
-0.0953242
-0.374833
-0.303115
0.827357
3.24449
0.27597
0.466339
0.3049
0.338881
0.230347
-0.133688
-0.269114
0.571877
-0.416424
-0.0648225
-0.449064
2.82682
-12.1907
0.402814
-0.126432
0.0567899
0.072258
-0.115159
-0.110077
-0.0138996
0.0222244
0.0588671
-2.62741
-0.168711
0.222887
-0.0935836
0.418019
-0.963056
0.249465
-0.0874895
-0.176365
-0.0745781
0.19156
-0.0837835
0.0984324
0.097296
0.152358
0.151426
-2.38498
-1.04502
1.25847
0.563588
0.182701
-0.286005
1.0342
0.0136811
0.747827
-0.00186531
-0.25747
-1.77395
0.253807
-1.05523
-0.00834423
-0.5314
-0.61838
0.184892
-0.104802
-1.02343
-0.0422233
-0.0820651
0.0580179
-0.0460382
0.00746897
0.139957
0.0875299
0.12541
0.277186
0.134053
0.135496
-0.0249793
-0.142203
-0.125819
-0.0076431
0.100682
-0.0302318
0.0197363
-3.57678
1.00322
-0.0306101
0.013764
0.0880261
-0.0459462
-0.0446761
-0.0534463
0.133947
0.135322
0.1369
-0.0662584
0.210531
0.0783226
0.235961
0.0924422
0.112266
0.132139
-0.112427
0.068542
-0.0262785
0.034049
-0.132284
0.0463283
0.199701
-0.00245141
-0.140972
-0.489419
-0.0117316
0.0712116
0.171687
0.246065
0.201591
0.0361125
0.96472
-0.43031
-0.35592
-0.139352
0.435821
-0.0379167
0.0505595
0.0785855
0.103521
0.0227954
14.5616
0.731512
0.122814
2.61194
0.00812677
0.0222554
-0.0179773
-0.0727384
0.0597449
-0.0993909
2.04346
-0.0887491
-1.46651
0.0387599
-0.149049
0.0234727
0.0478316
0.0145592
-0.199201
0.0611383
0.0387516
0.164585
-5.66195
21.81
0.202209
-0.10999
-0.0410026
0.0276349
-0.0119718
0.0230792
0.0628518
0.0338013
0.109373
0.395463
-0.0123787
0.0137828
0.121641
-0.0639516
-0.101475
-0.00462363
0.0697219
0.071807
0.125658
0.0709646
0.475592
0.131167
0.0287168
0.121348
0.0897306
0.179683
0.211677
0.162843
0.135393
0.222687
0.204732
0.0802532
-0.0553911
0.933048
-0.167698
-0.237841
0.158183
0.0436839
-0.170493
0.0778453
0.0916738
-0.111243
6.48883
-0.442758
0.349005
0.450997
-0.600206
0.220339
-0.038828
0.0209221
0.0409345
0.118709
0.0306983
0.104115
-0.027503
0.782697
0.167618
0.0877463
0.0175516
0.0153951
-0.0504562
-0.00830937
0.0701571
-0.0177114
0.0790437
7.07625
46.5962
0.0850693
0.00877224
-0.0122245
0.165924
-0.0385438
0.0609783
0.0679222
0.0862539
0.0349957
0.0899725
0.260481
0.0919315
0.137994
-0.0286249
-0.00302415
0.145987
0.0300088
0.194073
0.0612472
0.111618
-0.255277
0.235542
-0.0759522
0.0318069
0.198398
0.473613
0.336648
-0.153399
-0.0279493
0.129466
0.01505
0.276553
-0.268056
-0.104482
1.02763
0.0993466
-0.216189
-0.115972
-0.0241349
0.000903741
0.0863948
0.128379
5.5196
-0.34221
-0.280767
-0.172292
-0.0708853
8.18084
0.241508
-0.11124
0.017733
-0.0487718
0.123411
-0.0859902
0.153117
0.128871
0.952297
-0.0282979
0.0521196
0.0605797
0.0524697
0.12908
0.0820492
0.0964617
0.0351068
0.032676
-4.53574
2.65546
-0.0133365
0.261566
0.0174602
-0.103403
-0.125773
-0.00267676
0.152451
0.0727277
0.00972469
0.114475
-0.209695
-0.0193797
-0.00584531
0.00549683
0.0398111
0.00754515
0.016214
0.114644
-0.145438
0.213118
0.123391
0.259219
0.0757479
0.109219
0.0871172
0.0228582
-0.292527
0.0585571
0.0411267
0.119837
0.0136705
-0.0302588
0.178288
-0.0902953
0.0920782
1.05711
0.559639
0.0983517
-0.0145414
0.0253558
0.00695111
0.0433467
-10.5469
-0.125751
-0.295487
-0.0156094
0.144687
0.308257
7.71283
0.38865
0.0326738
0.0678998
-0.0344914
0.0110552
0.0304305
1.29325
0.167135
0.0807083
0.0146156
-0.0446715
-0.250813
0.128388
-0.160802
-0.0616808
-0.00587482
-0.070931
0.147954
1.96122
-42.8904
0.168789
0.0776247
-0.0326377
0.00566392
-0.100707
-0.017131
0.120758
0.0544533
0.123723
-0.0721188
-0.0166615
0.105185
0.109384
-0.104196
-0.253236
0.00758624
0.152616
-0.158921
-0.00288674
-0.146397
0.0544513
-0.0612534
-0.00986719
0.0671937
-0.0884226
-0.419255
-0.737811
0.151852
0.102332
-0.121821
0.131883
0.0187315
0.0194791
0.00903284
0.132758
0.228073
1.02753
0.594418
-0.0271091
0.0899324
0.124846
-0.0235529
-19.7794
0.0827842
-0.109582
0.0122626
0.372386
-0.00412618
-0.000781446
3.04142
-0.302254
0.0248264
-0.0217575
0.0506062
0.0334006
0.0455959
0.742545
0.105906
-0.655421
0.0414321
-0.154411
0.0968768
-0.0179448
-0.00953057
0.142099
-0.00400354
0.102857
0.140876
-1.89803
44.6379
0.00906243
-0.0198326
0.0793151
0.0627868
-0.0588515
0.0618356
-0.00869615
0.0797264
0.0218888
-0.0300374
-0.0688041
0.0108275
0.185215
0.0963597
0.090242
0.0518989
0.0244279
-0.0719825
0.10295
0.0281277
0.0839407
0.00585962
-0.0914961
-0.00342013
0.232163
0.27652
-0.481966
0.0438606
0.0109674
0.0276247
-0.0117506
0.0616905
0.0773072
0.0441598
-0.00413475
0.00393276
0.331085
0.771967
0.523179
-0.0105918
0.0631074
-0.142076
-12.7176
-0.0638136
0.11137
0.0578641
-0.0702162
0.421527
0.280821
-0.116235
9.6645
0.0225943
0.0807277
0.0473395
-0.00506543
0.011599
0.095103
-0.652499
-0.00260852
0.367759
0.655041
0.0822012
0.105535
-0.0323212
0.196043
-0.0857193
0.0282681
0.0570412
-0.00894146
9.14819
-34.6101
0.114934
0.0962035
0.0487649
0.114106
0.104191
0.0291034
-0.0342337
0.0184565
0.0899933
-0.202056
0.142701
0.118651
0.0422989
0.219984
0.164782
0.130173
0.0760144
0.0840122
-0.0314367
0.149817
0.423908
-0.114028
-0.000908612
0.0335713
-0.11277
0.113374
-0.963849
0.0816226
0.215552
0.0364135
0.0268607
-0.176637
-0.0268462
0.129681
0.0319335
0.0150665
0.26695
-0.0111814
1.20975
0.579362
0.0916338
-0.0293781
-6.07012
0.00306351
-0.125409
0.0130395
-0.00231597
-0.0571325
0.333056
0.240865
0.262478
1.65662
0.160292
0.0715588
0.0122474
0.0568629
-0.0502571
-0.144857
-1.10968
-0.0460577
1.00115
0.386902
0.102907
0.0177356
0.0765615
0.0528184
0.0744868
0.028508
-0.143785
0.00695655
-6.61848
56.0173
0.165397
0.137524
0.0124822
0.0221595
0.104043
-0.0216989
-0.000472663
-0.0832167
0.129711
0.0231477
0.0235514
0.0235263
0.0677144
0.171878
0.0677809
-0.158821
0.310056
0.0950228
-0.0148388
0.0731227
0.143328
0.0689507
0.266429
0.243288
0.18963
-0.138973
-0.064708
-0.188697
0.178769
0.328583
0.0309086
0.17181
0.147807
0.119326
-0.0729029
-0.0403955
-0.0249708
-0.173894
-0.431419
0.895025
0.749354
-0.177245
-13.0321
0.0453838
-0.0527371
0.115199
0.0469935
0.0249254
-0.125129
0.118109
-0.501024
-0.178565
-6.31119
-0.0748056
0.154597
0.145545
-0.0399604
-0.00465176
-0.0525294
-0.710931
-0.0184148
0.296449
0.440847
0.0808462
0.00527168
0.053993
0.0571639
0.157832
0.00699653
-0.00342213
-0.240055
-3.06293
30.1069
0.152137
0.150014
-0.138454
0.164817
0.11443
0.0302674
0.106989
0.0285066
-0.129339
0.129522
0.254236
0.0292365
0.195852
0.046328
-0.103625
0.23248
0.0362012
0.0781002
-0.0191285
0.134726
-0.122549
0.256039
0.2069
-0.0156424
0.100566
0.385217
-0.295557
0.0571576
-0.104544
-0.0312305
0.292703
0.263951
0.204817
0.172885
0.0251953
0.0782454
-0.0615488
0.232416
-0.198733
-0.439441
1.11475
0.853601
-6.81611
0.157337
-0.0200367
0.00707754
0.0561108
0.042751
-0.107155
-0.267171
-0.345403
0.0882912
-0.297348
10.6893
0.280906
-0.0530726
-0.0040104
0.0296214
-0.125654
-0.187609
-0.996156
0.127939
-0.0282556
-0.202389
-0.0434781
0.263163
0.096251
-0.0763749
0.163006
-0.0245205
-0.0072988
0.0869649
-4.21182
5.7185
0.239242
0.105506
0.203254
-0.00147852
0.037867
-0.00259932
-0.00751528
-0.136942
-0.171421
0.0474291
0.186825
-0.0424274
0.122582
-0.197673
0.16511
-0.113437
0.140362
0.176858
0.277312
0.348532
-0.256297
0.0830382
0.197206
0.209528
-0.0317565
-0.0176268
1.1301
-0.489309
-0.188116
-0.0523478
-0.0440317
0.756673
0.0663087
0.148951
0.080114
-0.0461011
0.439959
-0.102222
-0.411811
-0.297154
-0.335109
1.37659
31.8569
0.17095
0.252252
0.0443761
0.114272
0.123211
0.073557
-0.171669
-0.280952
-0.642183
0.529445
0.306983
1.38849
1.28704
-0.0790665
0.16762
0.106379
-0.0169201
-2.05235
3.3993
0.28222
0.481341
0.824864
-0.0410238
0.0464237
-0.366737
0.279545
-0.141564
-0.00934667
-0.211478
-1.43281
3.23228
-5.47094
0.0793017
0.469697
0.0173752
0.257204
0.675308
-0.793393
-0.693673
0.871409
-0.620904
1.33868
-0.338018
2.27568
0.97966
-0.990663
0.627901
0.0411027
0.780768
-0.197239
-0.314414
0.00666753
0.409109
1.01633
2.08796
0.00240334
-1.40302
-0.136092
2.71644
-0.710492
-0.378258
-0.100619
0.548377
-0.83363
-0.37999
2.14487
1.51914
0.244166
-1.33382
-0.637193
0.138573
-0.159778
0.0669219
-0.159017
41.4203
0.350462
-0.136354
-0.564314
0.652913
0.619874
0.410155
0.0954599
0.020053
-0.366348
-0.34104
0.270392
0.175293
-4.58232
-0.0619955
-0.034383
-0.025503
-0.00411171
-0.024745
-0.0411468
-0.157498
0.182861
1.6505
-0.43415
0.198499
-0.325915
0.107374
0.0586739
-0.00161255
0.063957
0.0393782
0.0242547
-2.64836
4.03835
-0.0676062
0.0390124
-0.0875202
0.148085
0.11431
-0.0855021
-0.0454382
-0.135844
-0.012576
0.0276156
-0.0653266
-0.141949
-0.0278876
-0.0872086
-0.124089
-0.0954696
-0.0396332
0.0575826
0.115695
0.209682
0.223499
0.0782286
0.106356
0.151303
0.101715
0.446283
0.565683
0.0489231
0.0662464
0.119234
0.0366821
-0.0566117
0.131909
0.180297
-0.0255569
-0.138323
-0.0268079
0.0200742
0.0669595
-0.0704048
0.0978737
-0.0784048
-4.23855
0.884789
-0.483295
-0.216827
0.10185
-0.0287414
0.0768029
0.0794874
0.0204104
-0.0788338
0.136031
-0.157253
0.357476
-0.0400028
5.14843
0.149562
-0.216284
0.0337189
0.0656928
0.0525632
0.133201
0.183084
-0.0518854
0.507381
-0.415468
0.176787
-0.137939
-0.0165358
-0.0856629
0.221387
0.135416
0.0634772
-0.0585683
6.7256
5.67622
-0.0112201
0.0608084
-0.00174471
0.00765016
0.0943609
0.072961
0.00670835
0.0700818
0.198368
-0.0350103
-0.34129
0.0777012
0.037185
0.0776673
0.0280787
0.0860988
0.096121
0.0102788
0.126507
-0.0116205
0.0865251
-0.14636
0.00633206
0.0864693
0.0529507
0.111828
0.919781
0.106336
-0.0535972
0.208513
0.021232
-0.0147154
0.293028
-0.123682
-0.0630522
-0.263469
0.0654126
-0.156065
0.125811
0.00100032
-0.0265088
0.225704
-4.79832
0.589009
0.888904
-0.481834
-0.193907
0.0745841
0.0231114
0.0451708
0.0294073
0.0996209
0.0691642
0.725935
0.138173
0.22912
0.105589
0.487011
0.248951
-0.0265528
0.0446151
0.0458775
-0.0340473
-0.00136008
-0.835548
-0.0809347
-0.177117
0.0765988
0.0838758
-0.1811
-0.00238623
0.119961
-0.0248301
0.0709694
0.148786
0.128686
1.10199
-33.0519
-0.0378812
0.178269
-0.0832469
0.019915
-0.00842049
-0.0785086
0.17402
0.0769023
0.100077
0.0737324
-0.0665827
-0.0848034
-0.0490194
-0.0145524
-0.00807058
0.0351105
-0.248897
0.0414407
0.117001
-0.0827024
0.0990881
0.0172295
-0.0869208
0.0391554
0.0327172
0.360469
-0.33278
0.0604308
-0.0355227
0.040021
0.0649643
-0.0664814
0.118626
0.0728734
-0.115285
0.143411
0.0253258
0.178446
0.0856195
0.0923782
0.0617831
0.025554
7.58496
-0.119766
0.274681
0.626376
-0.281283
-0.154089
0.0607118
-0.0127655
0.0257718
0.0702387
0.192683
1.35422
-0.35597
0.122079
-0.660397
0.338892
-0.813547
0.0887073
0.0664538
0.0346601
0.0842871
0.0608767
0.103402
0.825786
-0.00205864
-0.0421849
0.3064
0.0896055
0.000299451
-0.0235136
-0.0273778
0.0617545
0.150448
0.155247
-0.0536064
2.38894
-46.3746
0.000314767
0.0323465
-0.0164018
0.0212217
0.0449322
0.181021
0.12383
-0.0403006
0.172897
0.000115356
-0.0481721
0.0276806
0.112911
0.0883859
-0.00697138
0.110109
0.164565
0.0489879
0.0791656
-0.0359615
0.22848
-0.0407163
0.0979563
-0.0173312
0.0719488
0.347217
-0.0590419
-0.093149
-0.0169062
0.0121471
0.0898032
0.0307156
0.073216
0.0543395
0.0140997
-0.0466048
-0.110512
-0.0845108
0.0185082
-0.0108865
0.056328
0.00890182
-2.91253
-0.0159845
-0.1313
0.259838
0.732138
0.221947
0.00936505
-0.0125967
0.0185135
0.127387
0.0563959
-0.807651
0.109532
-0.183947
0.31625
-0.129011
-0.28589
-0.243253
-0.17546
0.0336962
0.0328703
0.0467544
0.0594724
0.00509266
-0.77991
0.0268693
0.032803
0.337043
-0.150387
0.0725623
0.0735134
0.103804
-0.0433268
0.0996547
0.0195301
-0.0627366
-6.9228
4.55645
0.0736825
-0.0305134
0.0740376
0.0400567
0.0761809
0.0949569
0.0445653
0.0211414
0.0539783
0.00360502
0.0673826
0.0542641
0.0328044
0.0667788
0.0891029
-0.0519484
0.133651
0.0639871
0.124837
0.0927828
0.114866
0.0460151
0.0600196
0.0824246
-0.119941
-0.168228
0.587326
0.00275317
0.034249
-0.0380862
-0.0201954
0.0164424
-0.043069
0.0628909
0.0307411
0.158906
0.303372
0.202842
0.108363
0.100043
0.0924213
0.0529542
1.01257
-0.018338
0.0164754
-0.0628715
0.211373
0.813431
0.48621
-0.0992192
0.00853097
0.0721857
-0.110359
0.175189
-0.0555079
0.0646079
-0.150786
0.488444
-0.516315
-0.386019
-1.58716
0.0606214
0.0476334
0.12731
0.0203426
0.100852
0.0891672
1.25045
-0.0323067
-0.173785
-0.0744369
0.172392
-0.0435172
0.0908876
0.0443767
0.0404712
0.114805
-0.0256492
0.0418132
2.18657
4.11648
0.00213639
0.12031
-0.098655
-0.0451533
0.148965
-0.0492804
0.0739233
0.0462063
-0.0138907
0.138264
0.214303
-0.0610883
0.10717
0.104213
0.0894575
0.0236403
-0.0370383
-0.0755772
-0.0300679
0.104284
-0.029189
0.117204
0.0990035
-0.000935414
0.194706
0.0726207
0.000361742
0.176392
0.0818063
0.0192967
0.0938269
-0.0210339
-0.00920478
0.0400767
0.000180118
0.237844
0.0279608
0.400856
0.164781
0.087251
-0.0204213
-0.0379634
9.7012
0.0416591
0.0701596
0.0867789
0.0145266
0.0434579
0.6856
0.452884
0.0260452
-0.00323224
0.0630451
0.774512
0.117043
-0.0872287
-0.0487229
-0.0741383
0.398116
-0.243462
0.213337
4.03784
0.221545
0.0763626
0.0327405
0.0387337
0.110633
0.0973338
2.5647
-0.0526503
0.201634
-0.00560325
-0.010163
-0.0765618
0.219368
0.0185314
0.0646172
0.0610915
0.213301
0.0848919
0.17774
-6.48754
-0.0262129
-0.0343756
0.178272
-0.0211774
0.0140464
0.170658
-0.0592529
-0.160159
0.0204739
-0.126303
0.0180002
0.225692
0.0567392
0.115552
0.0460461
0.0465643
0.0357634
0.0358573
0.0214674
-0.1145
-0.234095
0.0181076
0.0386345
-0.0790591
0.112615
0.216944
-0.102722
-0.0658549
0.0142953
-0.120514
0.0272367
-0.329947
0.0357374
-0.0502689
0.0132528
-0.0730182
0.241743
0.175158
-0.281228
0.184739
-0.113913
0.19628
8.57461
0.0370409
0.00827344
0.0785126
-0.00772704
-0.039243
-0.197124
0.777368
0.67249
0.143795
0.0260961
-0.160357
0.00521405
0.0450488
0.0722435
0.00891343
-0.0364163
0.258038
0.559581
0.304854
11.4856
0.0426324
0.0364585
0.0396365
0.0495327
0.0789923
-0.0332467
-1.20783
-0.0304089
-0.0737853
-0.0890416
0.0375761
0.164771
-0.0202172
-0.111276
0.0484711
-0.0339139
-0.132015
0.0564114
-6.19707
3.78188
0.036796
0.084495
0.236894
0.03221
0.151442
0.0177431
-0.077747
0.0411841
-0.0519432
-0.232335
0.303931
0.0803967
0.221521
0.101948
0.256555
-0.0748976
-0.0656782
0.0936882
-0.0549615
-0.00724399
-0.134234
0.0539306
0.046287
0.0130081
-0.0401741
0.0636635
0.0366777
0.0752942
0.0215076
-0.0219393
0.0971385
-0.01122
0.0134561
-0.0457674
0.123649
0.00188426
0.301969
0.192424
-0.101598
-0.050182
0.189776
0.0371714
-1.526
0.173187
-0.065701
0.0662936
0.0642007
0.211082
0.071053
-0.388796
0.814756
0.914552
-0.325488
0.415799
0.0102829
0.0251822
0.0681392
-0.0264814
0.0645902
-0.185657
0.0433468
-0.155602
-0.381734
3.87031
0.123909
0.166444
-0.0483237
0.00445986
0.0160449
0.153034
0.711302
0.0548761
-0.96627
0.17966
0.235415
0.00468964
0.0681636
0.202095
-0.100574
0.0126835
-0.199614
-0.217151
-0.101112
-1.62708
0.0115958
0.115483
0.131037
-0.0212692
0.124825
0.108883
-0.0969404
-0.00773581
0.0346406
-0.49207
0.203256
0.221944
0.0279511
0.122997
-0.00403277
-0.2192
0.11361
0.140145
0.0750637
-0.0218432
-0.20693
0.0703585
-0.0302951
0.0725728
-0.0312172
-0.740179
-0.0524478
-0.0979893
-0.0652042
0.24463
0.0139733
-0.180092
0.150086
-0.0776322
0.0133991
0.118104
0.407097
-0.274565
0.143608
-0.233399
-0.215659
0.513981
-10.4666
0.00019786
0.0241647
0.119374
0.182504
0.0422656
0.0661702
-0.0341284
-0.527811
1.03696
0.944482
-1.70243
0.0659949
0.0441152
0.16442
-0.0378909
-0.0230828
0.0786495
-0.222497
-0.137268
0.26807
0.00806927
3.65798
0.0783464
0.0826608
0.0401332
-0.0663782
-0.0628042
0.10892
2.64666
0.204116
0.553979
0.357816
0.307411
-0.163131
0.0678312
-0.150054
-0.154937
0.000207177
-0.0928649
-0.150352
1.13924
-10.6412
-0.0882623
-0.0640253
-0.0306365
0.0486332
0.150057
-0.0162217
-0.0219547
-0.214268
0.00706626
-2.67193
-0.00324016
-0.0959836
0.194198
-0.182457
-0.418678
0.210005
-0.0519254
-0.147999
0.00923696
0.00361008
0.230954
0.332929
0.247071
0.0203449
0.0767808
-3.75496
-1.93402
0.626156
0.363397
0.320988
0.203664
0.0475757
0.110453
-0.122692
0.0296005
0.517665
-0.465956
0.401597
0.324304
0.523171
-0.143078
-0.502431
17.5423
0.261445
-0.0518562
0.05382
-0.0310605
-0.0644168
0.18027
-0.17425
-0.122235
-0.789162
1.32469
2.90617
0.0454737
0.064405
-0.14497
0.143554
-0.0745955
-0.0801635
0.138421
-0.0567592
-0.0862043
0.571759
0.315017
2.50054
0.31325
4.11828
3.13812
0.44536
-0.759532
1.59294
3.53421
0.288824
0.499066
0.300975
-2.03282
1.26925
0.850688
2.03313
0.642518
2.83457
-1.83749
0.942217
3.59475
20.6109
-1.70867
1.34914
1.64283
-3.06142
-2.08135
1.1177
2.13406
-1.23901
-0.979548
2.71033
1.04066
2.43338
0.445155
-1.28542
0.563597
-1.0711
-0.199242
0.111051
3.05383
0.314228
2.00569
-1.87864
-0.33314
-0.179447
0.589402
0.449586
1.95885
2.53735
-1.8646
-0.606061
-0.389351
-0.662823
-2.79008
1.51639
-3.16963
-1.21452
2.28358
1.73205
0.313119
-1.84192
0.195423
4.25837
18.9406
5.04863
1.08768
1.20153
-1.40669
-1.70261
-1.08884
-0.870562
-1.90638
0.558725
-0.956445
1.46314
2.34941
1.56795
1.23602
0.00816703
3.73335
-3.47514
-2.0393
-3.28556
-3.0535
-0.164517
0.318999
0.217379
-0.652797
-0.255864
-0.328377
0.0875472
0.0120304
-0.0335042
0.080641
0.225917
0.225007
0.0440454
0.281585
-0.12332
0.0149099
0.00470154
0.0612739
-0.142225
0.0999146
0.415616
0.164388
1.27878
-10.382
-0.458735
-0.168936
-0.241459
0.0335454
0.0567866
0.104228
0.00620044
0.28403
0.376636
-0.0373486
0.207192
-0.0616301
-0.0875032
0.105193
-0.202951
0.117926
0.388267
0.279477
0.146806
0.138543
-0.226024
-0.230561
-0.103737
0.0296547
-0.085832
-0.0264415
-0.0721825
0.189635
-0.000936595
0.258105
-0.00241006
0.139155
0.140921
0.240963
-0.199535
0.264318
-0.0531548
0.176609
-0.0400778
0.229217
-0.0324121
0.0461728
-10.9695
0.118814
0.0937595
0.00600269
-0.299987
0.0161502
0.0213581
0.00710819
0.226101
0.257478
0.150526
0.367023
0.581413
-0.702824
-0.356546
-0.074321
0.0244597
-0.254498
0.0241885
-0.0743903
0.174506
0.568814
0.279752
-0.329718
-0.0845682
3.07593
0.084501
-0.0118244
0.108625
0.00777388
0.0987857
0.0942673
0.359804
0.0302995
-0.787746
0.347077
0.0586566
0.00545114
0.0216228
0.160916
0.0786511
0.204761
0.256444
0.245293
6.02148
-8.08157
0.0640316
-0.0542136
-0.11533
-0.0701589
0.063219
0.132367
0.27856
0.11044
0.12825
0.239843
-0.279802
-0.200539
0.0758302
0.0316029
-0.0365554
0.00972431
0.176191
0.0931755
0.0187615
0.0834341
0.00347099
-0.341316
0.0981211
0.113194
0.146068
0.30962
-1.06232
-0.0837911
0.0945483
-0.00120715
0.235403
0.07445
0.165201
0.116305
0.000183521
0.198737
0.180192
0.122109
-0.0187533
0.0850075
0.266171
0.123556
13.5259
0.201053
-0.216758
-0.160139
-0.138158
0.0436031
0.0694473
-0.000948378
0.130455
-0.181954
0.0244097
-1.38463
0.754961
0.856537
-0.628489
-0.178896
-0.00954573
-0.141434
0.0628463
0.0306437
0.25711
-0.624597
0.268596
1.25932
-0.198371
-0.118207
-5.87903
-0.0389739
0.257928
-0.0176608
0.0707359
0.223716
0.0631555
2.9339
-0.0939936
-0.587046
0.478014
-0.168129
0.0138561
0.0889327
0.00852356
0.0704818
0.260684
0.195831
0.085081
0.678701
-19.7641
-0.0370943
0.0194565
0.0563837
0.0569426
-0.0169993
0.162056
0.0890051
0.118005
0.13672
0.304799
0.0656137
-0.176635
-0.0489296
0.067721
0.179187
0.165865
0.166572
0.0841419
-0.0114761
0.21253
0.378814
-0.0441291
0.0941489
0.0745577
0.0135659
-0.498572
-0.216813
-0.0340898
0.0998459
-0.0270806
-0.00678174
0.0789406
-0.0218151
-0.0973886
0.069087
0.0518191
-0.220271
0.248403
-0.0924979
0.0668738
0.0975571
0.128969
-3.34516
0.000732791
0.117132
-0.10277
-0.201203
0.0575299
0.0722631
-0.00302165
0.0104548
0.0657242
0.0386639
0.67211
-0.129653
0.494767
0.582532
-0.517107
0.001959
0.0222797
-0.0374273
-0.0578329
0.0398524
-0.0676132
0.137651
-0.260147
0.417671
0.370553
0.0448343
-7.86031
0.0560435
0.0379714
0.126739
0.040819
0.102962
0.0760516
-1.27397
-0.143944
0.227289
0.633314
-0.040323
-0.00182827
0.0779935
0.159631
-0.0156978
0.2213
0.0635846
0.140728
7.49043
-6.26833
0.00513244
-0.0063479
-0.0390018
0.0222088
0.0527383
0.178346
0.20569
0.095031
0.155763
0.276947
0.0274428
0.0510708
0.0651742
0.0530227
0.0124151
-0.134712
-0.0630898
-0.0971894
0.028404
0.0200019
-0.141213
0.0398687
0.0359584
-0.0112589
0.0991244
0.281819
-0.326588
-0.0187828
0.0982659
0.00428284
0.146101
0.0513893
-0.13216
-0.0674403
-0.102802
-0.0634673
0.0590247
-0.171934
0.102713
0.0819749
-0.00824239
-0.0346012
13.2715
-0.0692199
-0.03956
0.064796
-0.116424
-0.116479
-0.0629286
0.0265488
0.0681097
-0.0713192
0.040615
0.955172
0.0347592
-0.176527
0.239319
0.422714
-0.0470407
-0.0170121
-0.0130582
-0.0115132
-0.0180668
-0.0186118
0.0187071
0.103078
-0.230219
0.286629
-1.03867
0.162224
3.69212
-0.044099
0.0781589
0.0641462
-0.0254403
0.12335
0.270134
-0.301304
-0.134636
0.080558
0.204621
0.0395621
0.162475
0.0149414
0.168042
0.134363
-0.032085
-0.0746506
0.147323
7.54456
13.2715
0.0296576
0.0303539
0.109984
0.0511796
0.150255
-0.0372132
-0.0145068
0.0629134
0.0354322
-0.151744
-0.0525301
0.0314857
-0.0930411
-0.00358505
-0.1242
0.134391
0.0892571
0.0398304
-0.0372017
-0.032406
0.194272
0.017637
0.0536131
0.0123458
0.00714914
-0.0648472
-0.119005
0.0467539
0.0452472
0.0447863
0.09992
0.107246
-0.124545
0.0273488
0.0773067
-0.114268
-0.194239
0.194825
0.143336
-0.000327238
-0.0266484
0.0724771
3.29283
0.117811
0.0169093
-0.0106
0.0374859
-0.220263
0.0550853
-0.0347577
-0.00996722
0.00478143
-0.0687196
1.43445
-0.227271
0.0579109
-0.0529942
0.163585
0.299708
0.278878
-0.0249565
-0.0750289
0.0308403
0.150929
0.105078
-0.27885
-0.0198806
-0.0490015
0.476252
0.049291
0.242285
-5.99321
0.215502
0.15723
0.0263142
0.173023
0.121884
0.0468704
1.59064
-0.106053
-0.0268514
0.182351
0.142321
0.13213
0.0181078
0.0844701
-0.00646242
0.021496
0.212148
-0.188616
0.699437
-9.54007
0.0380296
0.0631167
-0.053305
0.2557
0.151092
0.0680808
0.130244
0.114644
0.0662735
0.118335
0.242431
-0.0402997
0.127038
-0.0980038
0.031135
-0.00670204
-0.0203618
0.0159229
0.0723306
-0.0474895
0.120422
0.0778667
-0.018541
0.0730739
-0.0134982
-0.0891207
0.204261
-0.00933296
0.0899007
-0.0349495
-0.0260635
-0.044188
0.217067
0.000172786
0.0688083
0.110117
0.156612
-0.296189
0.071603
-0.0505762
0.0936411
0.0577228
-5.87918
-0.0174297
-0.055738
-0.0611042
0.106061
0.0174244
-0.120543
0.109666
0.0284865
-0.110345
0.228263
-0.374083
-0.0719631
0.0858161
-0.0382197
-0.0622108
-0.132677
0.333707
0.592694
-0.052924
0.0545893
-0.250208
0.29649
-0.116837
-0.0687719
-0.0923488
-0.100633
0.568383
0.331015
0.242729
6.14019
0.302573
0.0476406
0.192221
0.0737316
0.0992401
0.185987
1.02231
-0.0529661
-0.249425
0.21411
0.0758172
0.0180057
0.15512
0.137368
0.0820153
0.0234067
0.0054074
0.0619563
-0.550787
-24.5367
0.0677607
0.184627
0.121001
0.0191429
0.157346
0.0322281
0.0382575
-0.0441094
0.0195669
0.0325251
-0.243816
0.211403
0.0564131
0.0334687
-0.13169
0.209597
0.214094
-0.112392
-0.0063109
-0.0973091
-0.195612
0.0959473
-0.0780149
-0.00581405
0.0316748
-0.208174
0.144837
-0.0371062
0.0436717
0.152116
-0.0693997
-0.321717
-0.0716602
0.0296231
0.0768666
0.032367
0.00812738
-0.0248806
0.0447271
-0.0208195
-0.0932283
0.0132676
5.51373
-0.111292
0.117747
-0.0382937
-0.0614964
-0.0985955
-0.0978878
-0.140085
0.110746
0.0654111
-0.09931
-0.565702
-0.0030996
-0.0403614
0.0515428
-0.00766873
-0.0172692
-0.123895
0.41627
0.826452
-0.0869888
-0.125217
-0.208058
-8.70027e-05
0.0303053
0.042339
-0.0289244
-0.17803
0.471587
0.156053
-0.100663
-1.09137
0.182312
0.118565
0.0824138
0.0589138
0.145224
0.178294
-0.181743
0.0318972
0.810461
-0.150139
0.0270182
0.10843
0.141614
0.035965
0.104682
0.076808
0.0319586
0.0245063
-2.48165
34.7469
-0.0560372
0.0894562
0.10344
0.0546325
-0.0384225
0.0253348
0.0679318
-0.18465
-0.0186547
0.0647772
0.36615
-0.0238965
-0.0992199
0.0969768
0.25885
0.338251
0.109294
0.0253679
0.00547826
-0.0876266
0.0600079
0.112838
0.128829
0.0189724
-0.130935
0.628729
-0.264154
0.10887
0.0358345
-0.152367
0.0458071
-0.0630595
0.0915455
0.0291944
-0.0378741
0.0108402
0.0730904
0.0313895
-0.062455
0.0363854
0.191784
0.0202343
-1.42178
0.00768021
0.0690611
0.0902137
-0.0884568
-0.079048
0.0420899
-0.168232
-0.207546
0.162925
0.15122
-0.00657454
0.0680696
0.12815
-0.147813
0.00122466
-0.00800039
-0.084493
-0.483276
0.530061
0.716163
-0.316805
-0.191574
-0.0926448
0.0103651
-0.114345
0.0229792
-0.0270155
0.0390127
0.141158
0.0789378
0.0698131
5.86513
0.325433
-0.0184306
-0.00748284
0.0300244
0.0483678
0.265755
-9.58618
0.140124
-0.0984766
0.231392
0.0722367
0.272113
0.0363333
0.094369
0.077332
0.174449
-0.107902
-0.035391
6.68075
11.8018
-0.0103123
0.085711
0.0481855
0.265261
0.066758
0.00571537
-0.0971186
0.0352169
-0.0329874
0.604054
0.0707838
0.210472
-0.114622
0.157907
-0.100655
0.0879901
0.0975147
0.0745122
-0.0741141
-0.170573
-0.24195
0.0105058
0.221495
0.191801
0.412641
-0.306613
-2.85392
-0.317268
0.283587
-0.00347311
-0.0543465
-0.228454
0.100745
0.0404961
-0.00285863
0.0963656
0.0116601
0.221362
0.0408767
0.103447
-0.0158451
0.264824
-14.1868
-0.0358626
-0.00113136
-0.00385469
-0.108996
-0.0582989
-0.261891
0.0781463
-0.247439
-0.230817
0.511743
2.41343
-0.103533
-0.0525837
0.0180538
-0.149807
-0.00310627
0.0206164
-0.041672
-0.542184
1.02713
1.36614
-0.137283
-0.0543394
0.0426897
-0.079176
-0.0670283
-0.0113478
-0.169298
-0.0278835
0.343266
0.438598
0.540894
2.01088
0.300987
0.219567
-0.105429
0.0185024
0.0162203
0.401298
-7.00811
0.255968
0.484836
-0.00130118
-0.0330832
0.228379
0.204475
0.456027
-0.114312
-0.131182
0.0378037
-0.0863558
2.64949
-8.67637
0.156171
-0.309609
0.159403
-0.129942
0.0865558
0.167073
-0.049395
0.0062171
-0.263817
-1.10669
0.319722
0.48104
0.415739
0.190448
-0.203369
0.213779
0.0763227
0.253042
-0.0150484
0.211656
-3.27883
-0.536005
-0.167998
-0.0191066
0.255709
1.73077
-0.597731
-3.37764
-0.0430843
-0.0583099
-0.469923
0.447589
0.33137
0.234415
-0.294046
-0.112791
-4.76348
-3.1635
-0.442583
-0.415425
-0.0717839
0.542892
-3.87004
0.14751
0.679189
0.152451
-0.123556
0.112397
0.104511
-0.315992
-0.12752
-0.359902
-0.436361
2.83357
-0.109099
0.143984
0.467347
0.101359
0.0584381
0.0877834
-0.618135
-0.239638
-0.886128
1.65461
1.00224
0.383341
-0.186035
0.314868
0.163766
0.179429
0.232515
-0.186791
0.0329666
0.880584
0.572452
0.315199
2.51503
0.842191
1.27923
1.80709
3.87629
2.4749
1.90619
3.61713
0.289224
0.499412
0.377332
3.08589
0.244709
-0.616889
-3.36827
-2.07379
-2.58399
-0.732473
0.959484
3.6223
20.6608
2.14511
1.08456
0.196977
0.718034
-1.22447
1.33759
-1.50794
0.29308
0.255529
2.76912
1.20412
-0.999311
0.20291
0.330842
2.12169
2.02658
0.275161
-0.0793777
-2.92463
0.36821
2.7083
0.816637
-0.890547
-0.652356
0.675775
2.17057
2.28685
2.7767
1.5507
-1.71626
-0.0348157
3.28593
0.964418
-4.72852
0.650395
2.50278
6.21858
2.48651
2.91052
-0.994479
-0.423426
1.41346
8.03581
-0.286088
-4.36292
-1.93182
2.24536
2.68833
2.23835
-0.433262
0.365686
0.296947
0.833704
0.717059
7.43747
-1.55473
-1.14252
1.44179
-0.0777547
2.32472
0.930946
-0.975749
1.52759
2.07397
0.385274
3.92384
2.59322
-1.38751
-4.75357
-2.72875
-1.53201
-1.01152
-0.558166
1.00281
3.53938
0.495877
0.302315
2.26183
-0.689794
-1.54209
0.226339
0.00404846
-0.20101
0.0525626
-3.84687
0.275451
0.421135
0.333663
-1.25408
-3.17934
-0.303943
0.242858
-0.0894481
3.94002
-0.180216
0.196427
-2.60763
18.3773
1.03708
0.0997802
0.0577698
-0.165953
-0.420991
0.156668
0.13618
-0.146342
-0.292128
0.0270706
-2.43028
-0.274078
0.0126847
0.352471
0.1321
0.0402371
-0.0890041
0.314363
-0.22817
0.305897
0.0546934
-3.13052
0.169197
-0.274611
0.40449
0.0849635
0.876267
-0.393121
-0.0482687
0.087134
0.0114337
1.17463
-0.992666
-0.278214
0.076746
-0.152615
-2.37788
-0.448784
0.0157952
0.271582
0.126318
0.171582
7.05387
-0.0499522
-0.0264726
-0.187101
-0.888092
0.213583
0.000103096
-0.242441
-0.0197254
-0.295415
-0.140518
0.673794
0.086859
0.354603
-0.157376
-0.178131
0.110263
-0.275785
-0.330433
0.0756976
-1.45435
-0.5964
0.371561
0.877267
-1.19634
-0.110516
-0.327142
-0.142547
0.0436704
-0.179441
0.266688
-1.68861
2.17487
0.275451
0.0672762
0.133297
-1.68237
-0.0855709
0.294277
-0.0402761
0.0184384
0.172764
0.0909773
1.07416
0.179318
-0.127115
-1.01587
-0.065558
0.10931
0.0705471
0.0555125
0.102632
0.098999
-0.0407217
0.104148
-2.25289
-14.3515
0.0787242
-0.0901337
-0.0103644
0.00605492
-0.0562432
0.0621724
0.179991
0.0946162
0.16956
0.0227756
-0.400714
0.0554695
0.0244226
0.183196
0.0521783
0.147755
0.109802
-0.196031
0.0263221
-0.036788
0.161277
-0.109095
-0.212547
0.0884408
0.0689235
0.050063
0.108163
0.166149
0.0824305
0.0319065
0.152748
0.166205
-0.266561
0.0281233
0.164422
0.0897114
-0.661424
0.0344032
-0.00328068
-0.0177978
0.149014
0.0182685
-16.6123
-0.16115
0.158639
-0.0739592
-0.0904397
-0.0937512
-0.10708
-0.0336865
-0.139989
0.0978254
0.175349
0.2228
0.159076
-0.159889
-0.187872
-0.148953
-0.0531555
0.206441
0.0918304
0.118773
0.0624705
0.146551
0.201782
0.786477
0.651543
-0.744705
0.0663851
0.0746965
-0.102228
-0.0687125
-0.0655035
-0.214363
11.3669
0.179318
3.65473
-0.483217
-0.125229
5.09763
0.0329507
0.0652101
0.116614
0.144521
0.0670508
0.193454
1.18633
0.0323405
-0.618278
-0.209149
-0.0527984
0.0115481
-0.102319
0.271208
-0.0426885
-0.0646546
0.116399
0.0569363
-9.53039
-14.3647
-0.135214
0.084066
0.0435673
0.0853212
0.0943548
0.0239783
0.0226204
0.123899
0.151377
0.141269
0.199515
0.0734689
0.0212871
-0.0760092
0.0866856
-0.0665186
0.142007
0.00140896
0.0954392
0.0382643
-0.0893014
0.0877716
-0.018449
-0.0789681
0.0505512
-0.169582
0.614056
0.0934943
-0.0581452
0.0844539
0.00114527
0.119119
-0.184843
-0.121189
0.16717
-0.0924169
-0.23529
-0.0576368
0.121891
0.00325702
-0.0165489
-0.0260231
7.03537
-0.136023
-0.00526113
-0.0476778
0.017073
-0.279061
0.0024951
0.028552
0.0246315
0.153576
0.0492255
-0.707262
-0.0359138
0.11577
-0.255062
-0.242493
0.00186059
0.0768991
0.0327665
0.0202173
0.0197715
-0.139507
-0.29097
-0.0807169
0.619436
0.193301
-0.387583
0.0755574
-0.0180931
-0.087061
-0.034975
-0.0678895
6.57053
0.0323405
-1.48293
0.704053
-0.280849
0.468127
4.44229
0.167359
-0.0780106
0.124421
0.160981
0.25635
0.176268
-0.481869
-0.0663276
-0.500671
0.115311
0.174627
0.0693031
0.0975901
0.0161044
0.0772693
0.219138
0.0932838
0.19266
7.68702
3.28481
0.0901776
0.0999562
0.0364836
0.108346
0.0711526
-0.00898891
0.0426307
-0.00459032
-0.101387
0.0433995
-0.227395
-0.0557819
0.0401688
-0.10588
0.0492384
0.167277
0.017919
0.0943383
0.0800779
-0.0436047
-0.0225514
0.112621
-0.044208
0.0649816
0.09748
0.148419
-0.612426
0.257027
0.017339
-0.0363308
0.138027
-0.336129
-0.0209087
-0.00784594
-0.047276
0.086908
0.328459
0.207015
-0.085761
0.106429
0.0352424
0.0702838
4.80884
-0.0268453
0.058567
-0.00329737
-0.0492267
0.0393616
-0.00415991
0.0412057
-0.0480706
0.0843602
0.0340827
-1.26942
-0.152521
-0.0341436
-0.0502853
-0.233099
-0.140979
0.00789929
-0.0159617
0.0206439
-0.0899453
0.150125
-0.105254
-0.335898
-0.127108
0.373402
0.0989548
-0.300689
0.0511277
-0.0988519
-0.0476416
0.099426
-5.32951
-0.0663276
0.721029
-0.0899989
0.921538
0.368725
-0.0245014
9.51988
0.286808
0.256602
0.294343
0.124595
0.154902
0.0562006
0.214845
-0.0812135
-0.122298
0.248129
0.117463
0.085672
0.235526
0.263822
0.184158
0.128488
0.102564
0.0622516
-6.24541
-15.6985
-0.0296183
0.0243943
0.0605193
0.0541263
-0.037529
0.0203051
0.0797603
0.205593
0.140869
0.00968723
-0.000209301
0.0334898
-0.0313138
0.165526
-0.0128769
-0.0529694
0.0428576
0.129428
0.0314021
0.0560271
0.182627
-0.0391251
0.0268565
-0.0520061
0.0271051
0.0530174
0.684444
0.112208
-0.0244549
0.0291413
-0.120608
0.136137
0.098276
0.049026
-0.0613478
0.0417263
0.409952
-0.161984
-0.0238426
0.129979
0.135727
-0.0846048
2.3714
-0.0156404
0.0300642
0.0145203
-0.0719529
-0.140843
-0.0048206
-0.170503
-5.90928e-05
-0.120419
0.0778321
-0.316699
-0.10399
-0.144917
-0.00688669
-0.0747309
-0.280738
-0.270112
0.096314
0.10943
-0.069707
0.0769762
-0.193844
-0.27912
-0.0431897
-0.143951
0.0755467
0.146611
0.227911
-0.0771547
-0.0748056
-0.2455
2.37838
-0.0812135
-1.10348
-0.148575
-0.226918
0.804954
0.402669
0.219039
7.04566
-0.0775266
0.171328
0.118302
0.140955
0.0816798
0.0490891
-1.67633
-0.0380862
-0.470837
0.168822
0.130118
0.129169
0.0786089
0.0969121
0.044535
0.192211
0.0331561
-0.00683426
1.35541
33.9355
0.396603
0.0755085
0.027295
0.0179681
0.00539033
0.0746984
0.111217
-0.0145813
-0.00550193
-0.087571
0.146583
-0.208367
0.145686
0.234598
0.0473058
0.0695955
-0.135705
-0.0056523
-0.006827
-0.0132513
0.129595
0.00222366
0.109209
0.166339
-0.0344225
0.176859
-0.199643
0.104065
-0.0518918
-0.0892832
-0.180438
-0.076013
0.108913
0.0234048
-0.105603
0.283049
-0.0137988
0.153247
-0.137382
0.16484
0.0834419
0.142822
-9.81119
-0.117516
-0.00195329
0.055005
0.0771383
0.0952831
-0.0812108
-0.0819195
0.021306
-0.205868
-0.151665
0.653556
-0.00211778
-0.00101341
-0.0880021
-0.00327629
-0.130648
-0.268303
-0.117769
-0.137077
0.130233
-0.15596
-0.0776239
-0.209781
-0.0553539
0.00785474
-0.0875873
-0.14025
0.095236
0.605192
-0.00187764
0.0366025
5.08811
-0.0380862
-1.12339
-0.0919493
-0.0297388
-0.265204
0.697317
0.928123
0.00238543
2.8947
0.305258
0.0858284
0.150435
0.0919202
0.0831656
-0.128552
2.54281
0.0568461
0.892452
0.241076
0.178494
0.0385445
0.101277
0.238698
0.0998106
0.0773725
0.0370294
-0.0603291
2.48734
-4.83818
-0.129382
0.13116
-0.0348008
0.0467721
-0.000517258
0.128217
0.0532655
-0.00185888
-0.051084
-0.105045
0.206787
0.201159
0.0694733
-0.0193969
0.0734579
-0.102106
-0.00816431
-0.0266055
0.0545863
0.00832832
-0.153085
-0.090865
0.00648809
0.0733357
0.225998
0.0145237
0.419007
0.0198791
0.0331952
0.0643037
0.0118795
0.0389466
0.00637979
0.106044
0.119895
0.0353822
0.0480852
-0.382242
0.161025
-0.00108778
-0.0819734
-0.209879
11.802
0.043229
-0.0127672
-0.043492
0.0115845
-0.123751
0.135826
-0.114716
0.0547627
0.0634769
-0.0537465
0.59131
-0.193783
-0.0541581
0.0243538
-0.0513471
-0.109942
-0.223498
-0.0794297
0.146228
-0.058424
-0.481382
-0.570075
0.00795305
-0.0120165
-0.0127114
-0.0242036
0.0481418
-0.372972
0.165359
0.612713
0.141167
-8.48441
0.0568461
-0.130794
-0.0300473
-0.124307
-0.0388869
-0.282777
0.57418
-0.052246
0.0954906
3.4116
0.0420572
0.189267
0.179156
0.0381602
0.139022
-0.0960547
2.37439
0.149219
0.524773
0.295398
0.0517083
0.190769
0.162847
0.0643131
0.0650015
-0.133587
0.212331
0.134377
-0.720353
31.1863
0.243594
0.212796
0.0478475
0.0528605
0.201207
0.0429009
0.212195
-0.113194
-0.0369934
-0.315355
-0.0354315
0.0797298
0.145631
0.0586855
0.298631
0.425956
-0.133146
0.0159955
0.0968336
-0.218724
-0.663639
0.12848
-0.0351012
0.0137682
-0.132654
-1.04708
0.958554
0.110701
0.0537826
0.104093
0.0469002
-0.0802039
0.0784395
0.00826501
-0.0331155
-0.3768
0.450688
0.165468
-0.0123752
-0.00806377
0.0810975
-0.208035
-18.5249
-0.0832319
-0.00933473
0.0457086
0.0261763
-0.0227855
-0.267282
-0.135391
0.0105129
0.0744175
-0.156769
0.25769
0.215314
0.0760159
-0.0475035
-0.00410725
-0.198217
-0.143397
-0.190967
-0.207936
0.332199
0.134463
0.128749
-0.726451
-0.0835528
0.0387154
0.0115459
-0.0345787
0.0136933
-0.565276
0.204535
0.823787
-4.65063
0.149219
-0.200439
-0.1416
-0.0785385
-0.14625
-0.0366285
-0.112658
0.510206
0.384193
0.52843
-2.65062
-0.0618022
0.0599608
0.00508824
-0.0940607
0.282882
-0.711123
0.139689
0.232092
0.238613
0.128013
0.0867392
0.0636173
0.192595
0.0381607
0.57249
-0.0770135
-0.408978
0.433866
2.52121
11.7503
0.0848801
0.254106
0.362217
-0.0306032
0.0411037
-0.0379083
0.0513179
0.242402
-0.078337
-1.08404
0.702669
-0.0207841
-0.0891589
0.27555
-0.137788
0.00922005
-0.443257
-0.0654266
-0.272146
-0.068493
-0.133472
0.0213632
0.102041
0.0783482
-0.069621
2.4354
1.65334
0.224131
-0.0314525
-0.0492017
0.223798
-3.28199
-0.19722
-0.0242768
0.219559
-0.0784736
-0.978627
-0.196615
-0.142274
-0.411826
0.161858
-0.22397
-11.1152
-0.0242574
0.142742
-0.0106195
0.222038
0.0602958
-0.00273281
0.24866
0.211043
0.305729
0.291427
0.582256
-0.165482
0.0622191
-0.109976
0.0768211
-0.0435477
-0.199651
-0.228969
-0.266296
-0.779005
0.359658
0.403467
0.796833
-0.0394345
-0.0233771
-0.00582359
-0.058337
-0.112921
0.123004
-0.669807
1.26437
26.312
0.232092
1.08819
-0.268987
-0.28499
-0.00474039
-0.0227698
-0.0649452
-0.082411
1.06395
0.511132
0.709944
3.29529
-0.599553
-0.652907
0.283957
-0.28308
-0.0540921
-2.44148
3.53916
0.26576
0.768465
1.15626
0.482335
0.0909575
1.50517
0.577088
0.68314
-0.0723051
-0.362466
-3.08573
3.41355
-9.26042
-0.431088
0.824705
0.0102668
0.219425
0.209287
-0.158699
0.383159
-0.504341
0.593258
-0.583086
-0.548012
-0.337678
0.641945
0.186595
0.940264
0.00480558
-0.327522
0.166782
-0.294479
-0.481685
1.41585
0.705808
0.0863692
0.479636
-0.313753
-0.528895
-0.875879
0.0611818
-0.0284033
0.740245
-0.935171
-1.73741
0.320381
-0.427023
0.450729
1.18106
2.03476
0.15956
-0.0810443
0.188833
0.0463784
0.348578
-7.56241
-0.436996
0.276176
-0.391997
0.0271512
-0.238138
-0.961441
-1.10204
0.0495709
0.209518
0.179346
0.853458
-2.71451
-0.212204
0.174824
-0.627869
0.21649
-0.221634
0.357323
0.193432
0.337052
-0.299928
0.91271
-1.81587
0.49036
-0.693317
-0.126947
-0.418209
0.777979
-0.34545
-0.209383
-0.567376
40.2251
0.26576
1.35731
-2.78407
0.404728
-0.295865
-0.127289
0.132873
-0.11549
-0.307918
4.88674
0.569061
0.315018
2.51065
0.822328
1.12227
-0.637632
-1.52314
-0.961035
1.68573
3.61369
0.289143
0.499256
0.365834
0.225792
-1.36701
1.06701
0.223852
0.150294
0.311664
2.7955
0.936165
3.61782
20.6545
1.58624
-2.35501
0.396206
0.948234
2.49546
-2.08261
2.77342
0.567172
-2.24962
1.6127
1.14209
-2.03418
0.430316
1.0831
-2.39916
0.341449
0.173759
-1.59764
1.77378
-2.41015
-0.586694
-1.22898
1.22876
0.971453
0.429482
2.16364
1.4067
0.0426376
-1.97757
-1.11693
-0.186142
3.22523
2.78788
1.78429
-1.51088
-0.991103
-3.9063
-0.518721
-0.468174
0.676775
1.2749
-0.23711
8.02943
4.8562
1.43238
-1.95755
-0.333211
-0.56399
0.858743
3.15863
0.405016
-2.7591
0.712341
0.717321
0.696152
-0.2248
-2.98231
0.558182
-1.22547
-1.94298
1.01844
2.29064
-0.645793
2.02765
0.385066
0.991733
2.82217
2.58218
-5.4224
-3.38439
1.18364
1.24584
-1.052
0.886949
3.52613
0.289143
2.19028
1.05092
3.51277
-2.21013
-2.35927
1.52256
-1.80768
0.506528
0.685262
4.54041
0.569705
0.314765
2.49971
0.461008
1.10273
-0.116404
-1.57143
-1.61134
-1.82898
3.29052
0.288949
0.495039
0.375986
1.83188
-0.249429
-1.93552
1.97427
1.56963
-2.12546
1.55333
0.0758732
3.43556
20.5835
0.202054
0.486756
-2.19636
2.19111
3.42045
-2.07334
-4.20686
-0.0966108
-0.567867
-1.3528
1.00562
-1.2025
-2.1222
1.20151
-0.0402989
-1.02315
-0.128085
-0.882728
-0.686266
-0.400121
-0.726688
0.724483
-1.89365
2.6621
-0.0996147
0.0857896
0.423244
-1.04569
-2.52671
2.09931
-1.21978
-1.72722
0.0346305
0.144806
-0.903098
-1.25524
1.4751
-1.23677
-2.75781
1.65379
-0.0203382
0.315119
8.01413
-0.926162
2.59058
0.70563
0.106491
-2.08132
0.264884
1.9798
-0.57707
-1.09784
0.607462
0.716125
-6.26799
0.208386
-3.98591
-1.56562
-0.272944
3.5546
0.253965
-1.85289
0.891772
1.6868
0.385001
1.24379
-2.30004
0.227272
2.65871
2.45374
-4.64046
-1.79386
-0.707804
0.856159
3.50705
0.288949
3.30106
-0.96893
4.98381
-0.131048
-2.19554
-2.2145
-0.535581
0.714431
0.664196
0.688478
0.500595
0.505733
0.299866
2.30098
-0.821625
-1.53494
-0.123941
0.123694
0.18264
0.0471968
-3.58
0.272456
0.449699
0.34651
-1.60851
0.129682
0.0827799
0.35074
0.29225
3.64837
0.942256
0.125724
3.69234
19.9433
-1.78695
-0.283448
0.171596
0.696729
0.0179277
0.00665634
0.345634
0.00588391
1.0259
0.196219
-1.43759
-0.403302
-0.255247
0.0281104
-0.0636062
0.177209
-0.0243161
0.25173
0.0446789
-0.0273348
0.353117
-2.03452
0.145439
-0.0497768
-0.0675478
-0.351767
-1.10676
0.258878
-0.0576642
0.287008
0.298139
-0.00394858
0.403371
-0.220262
0.110815
-0.011217
0.278179
-0.00301426
0.0641723
0.538174
0.149834
0.286673
7.41036
-0.645555
-0.15626
-0.0735886
-0.725327
-0.42139
0.297333
-0.0592076
-0.0171897
-0.159044
-2.42986
0.68441
0.00454618
-0.0550066
0.00147098
-0.0390313
-0.0141989
0.0583161
-0.26796
-0.352183
0.0106481
-2.25822
0.368687
0.113448
-0.697052
-0.357935
0.254072
-0.0469176
0.131157
0.196591
-0.230293
-1.30338
1.56017
0.272456
1.3254
1.70516
-0.0978747
-0.0960025
-0.158661
-0.533315
-2.32608
-1.87639
0.321368
0.511396
0.455964
1.48316
0.302055
0.237068
0.451611
-0.38618
-0.241979
-0.205216
-0.0272184
-0.00521938
0.0202968
0.671621
0.243791
0.27989
-1.07921
0.0959055
0.000771922
-0.0886865
0.0718219
0.305991
0.742636
0.169351
0.0842891
-2.39136
16.9749
-0.132278
0.264245
0.173091
-0.00795588
0.126767
0.187683
-0.0344432
0.109248
0.0627795
0.103691
-3.24639
0.0454349
0.00556542
-0.132955
0.0701778
0.107308
0.225064
-0.0473655
-0.0231669
0.101909
0.130622
-0.0803299
0.0965286
0.0996501
-0.0351178
-0.212258
0.535502
-0.0941032
0.125129
0.0339392
-0.0254296
0.13419
-0.0903893
-0.103614
-0.145447
-0.142227
0.0198755
-0.543287
0.00642189
0.194778
0.0531935
-0.11056
1.2363
-0.174349
-0.112865
0.266113
-0.191897
-0.0295813
0.0683025
-0.0137114
-0.0656954
0.0168002
-0.0311327
0.592975
-0.224024
-0.0539769
0.0669795
-0.0956728
-0.0866939
-0.0640442
-0.0952262
-0.110811
-0.145992
1.0676
0.333238
-0.170963
0.0434301
-0.31227
-0.271434
0.0627792
-0.0160843
-0.122374
-0.0737391
-0.124675
18.3859
0.243791
-1.89383
0.511803
0.465413
0.089366
-0.0216148
-0.116489
-0.160358
-0.130909
-10.2738
-0.436522
0.317358
-0.114512
1.38575
0.00601317
0.1856
2.63219
-0.477236
-0.121102
-0.0883474
-0.0693567
0.0353463
-0.0690476
-1.19487
0.219621
0.157038
-2.12334
0.00831471
0.0512844
0.172808
0.102273
0.304499
0.292751
0.18629
0.0329863
3.63351
-19.1678
0.189935
0.0628418
-0.0506976
0.126333
0.168318
0.0255866
-0.0195247
0.0830222
0.0750721
0.126216
0.0206001
-0.0812231
0.108372
0.129466
-0.105715
0.00688537
-0.0764069
-0.00714137
0.0831213
-0.0225979
0.0155859
-0.0304179
0.0233307
-0.0197731
0.0792628
0.377702
-0.928746
-0.173647
0.180842
0.167285
0.0449111
0.0569165
0.154036
-0.0180985
0.0703864
-0.00588554
-0.288909
0.185428
0.119825
-0.00923035
-0.0097657
0.0396296
4.21766
-0.180558
-0.0911904
-0.1489
0.0936203
-0.0873496
-0.0111149
0.0501573
0.0524948
-0.0908169
-0.243124
0.285072
-0.231925
-0.0907609
0.0660322
0.0169759
-0.132882
-0.0387519
0.00750465
0.0383347
0.099688
0.519314
0.282928
-0.235751
-0.161892
-0.0208802
-0.293251
-0.163707
0.0888561
0.0459487
0.131625
0.22061
-19.3451
0.219621
1.36833
0.0999125
0.479425
0.122904
0.290437
-0.035672
-0.150344
-0.186699
3.8799
-2.12613
0.193416
0.00702832
-1.02424
0.231964
-0.236654
0.156211
-1.73485
-0.191124
-0.162949
-0.0104584
-0.0362454
-0.0228145
-0.107777
0.833628
0.199163
0.131536
0.702834
0.0130196
0.0605811
0.0578387
0.319865
0.234
-0.0151317
-0.00923988
0.0721762
2.49976
13.2911
0.0861136
-0.0375817
0.0497636
0.0782419
0.131262
0.0411831
0.00669562
0.139271
0.115772
0.136033
0.0595436
0.118948
0.0516433
-0.0187479
0.00367562
0.0696286
-0.0598521
-0.126492
0.0506736
-0.00643362
0.118301
0.0573647
0.00391645
0.0593272
-0.0204054
0.317061
-0.660132
0.0396885
0.114541
0.0184366
0.0428795
0.011141
-0.0357588
0.0638502
-0.0358749
-0.0610732
0.231923
0.0549641
0.1058
0.0248085
0.0703665
-0.0204392
-10.0887
0.0265762
0.0282437
0.0312821
-0.0541033
0.0182407
-0.097553
0.0283577
0.0265509
-0.043571
0.238645
-0.253366
-0.319315
-0.113603
0.00731785
-0.0156672
-0.142273
-0.0977709
0.00669413
-0.0391962
-0.0895398
0.136544
0.172988
-0.191882
-0.149959
-0.00955682
-0.0747657
-0.268574
-0.0735585
-0.0170547
-0.0193754
-0.302823
-8.08232
0.199163
-0.993972
-0.124525
0.0662948
0.254053
-0.184128
0.393738
0.0464406
-0.141114
-2.89105
-0.545549
0.178017
0.159415
-3.99829
-0.249646
0.230996
-0.197489
0.169073
-4.55597
-0.274282
-0.0546025
-0.0603772
-0.0290983
-0.167412
-0.257235
-4.99264
0.23286
0.733137
0.411835
0.095738
0.144445
0.318744
0.137291
0.119526
0.0555673
0.0126147
-0.076395
1.54794
-35.5566
0.102966
0.121617
0.0640055
0.110372
0.107118
0.0984109
-0.0127331
0.0362598
0.00516733
-0.176497
-0.0457998
-0.0293749
0.0185425
-0.0607746
0.0617703
0.220425
0.161221
0.0646943
-0.0445671
-0.0567279
0.254039
-0.0522762
0.248809
-0.0463901
-0.00835916
0.00322611
-0.335812
-0.176954
-0.00746682
0.189554
0.102939
-0.165412
-0.106749
-0.151473
0.13205
-0.0807995
-0.0622838
-0.238217
0.0852574
-0.0575521
-0.0623568
0.0171439
10.8307
-0.0927654
0.0237047
0.0157937
0.130409
-0.0508868
-0.404107
0.133222
0.112263
-0.0508368
-0.149346
-0.456348
0.0500708
0.0594312
-0.0278337
-0.053378
0.00762343
-0.00403275
-0.0861694
-0.00590161
-0.0630523
-0.41875
0.170174
0.47677
-0.0851264
0.03553
-0.0209054
-0.0912061
-0.185874
-0.229155
0.00251914
-0.126373
13.1974
0.23286
0.382827
-0.0671254
-0.141843
0.03033
-0.0119035
0.133587
0.503612
0.046568
-2.95696
-1.91321
0.30884
0.362128
0.884765
0.0126716
-0.0135487
0.205456
0.242368
0.226028
0.267657
-0.152578
-0.101599
-0.0639991
-0.100912
-0.241378
-2.34521
1.53994
0.255526
-0.0783991
-0.237302
0.0426558
0.651501
0.13488
0.0752039
0.204522
0.167391
0.0126337
-0.942878
2.55024
10.6182
-0.0507264
0.136259
-0.0822655
-0.0608647
0.353371
0.0727082
-0.0255191
-0.00573812
0.141778
0.642019
0.170733
0.0922654
0.0852318
0.0333524
-0.207408
-0.216955
0.182589
0.0393883
0.0195414
0.0458401
-0.537966
0.160364
0.166916
0.0215989
0.0197285
-1.20674
-0.374325
0.083568
0.0218776
0.0427262
0.131311
-0.527365
-0.118609
0.0343664
0.0855612
0.124648
-0.564945
0.00420336
-0.123289
0.0482623
-0.125607
-0.433785
9.63435
0.0135434
-0.0234907
-0.000340483
0.0317143
-0.137018
-0.491386
-5.44237e-05
0.107154
0.042024
-0.0975208
0.401726
-0.313078
-0.0334385
-0.0251771
-0.172959
-0.0642005
-0.0415944
-0.122775
-0.0740226
-0.189064
-0.0949951
0.188898
-3.78837
0.0437525
-0.256912
-0.0549712
0.0285262
-0.159416
-0.0821582
-0.069854
-0.00883562
4.96816
0.255526
1.81772
-0.317821
-0.107628
-0.054292
-0.0692915
0.0278734
-0.0532032
0.493486
0.402665
-2.23104
0.402772
0.419051
0.351033
-4.65727
-0.204479
-0.302859
0.224491
0.489677
0.289804
0.356333
0.213973
-0.178472
-0.161217
0.0707628
0.584559
-1.35782
1.73772
0.277568
0.409477
-1.21543
-0.064777
0.245045
3.12767
0.425465
-0.497914
-0.0247391
-0.322361
-2.41243
3.14976
-35.1374
0.225212
-0.502561
-0.0351465
0.44882
0.0277485
0.357616
0.0813639
-0.386239
0.434663
-1.53577
0.178511
-0.115431
0.327659
0.481215
-0.0832632
-0.41363
0.862766
0.258228
0.0937182
-0.0771842
-1.38504
-0.0118001
0.190659
-0.0325572
-0.848156
1.87077
-2.69307
0.0124131
-0.179029
-0.295036
-0.0207243
-1.99363
0.402338
0.116689
0.237797
0.738323
-4.16959
0.0883777
-1.09128
0.633517
0.157091
-0.465556
8.2883
0.0238347
0.308178
0.0602065
0.0600951
0.4756
0.426203
-0.216832
-0.496417
0.0542855
-0.572817
0.810918
0.536015
-0.0112994
0.500989
-0.0623756
0.0494223
-0.104029
-0.254129
-0.0647894
0.336812
-0.634246
0.304261
-1.22779
-0.0108217
-0.195315
-0.146489
-0.183933
0.26567
0.108695
-0.000595079
0.205444
-26.2462
0.277568
2.12118
-2.24148
-0.142341
0.0184826
-0.0783146
-0.474402
-0.42526
1.49335
3.81448
-2.28067
0.469684
0.476143
0.599117
-1.18949
0.349548
0.626172
-0.0286962
0.394687
0.557696
0.285517
-3.04943
1.7872
-0.133912
-0.11259
0.042941
-1.80708
1.26831
3.60997
0.286707
0.472675
2.77273
-1.149
-0.159737
1.79763
1.09653
1.35847
0.66333
0.296894
-0.434907
3.58227
-85.5085
0.303553
2.91897
0.115834
1.11155
-0.277381
0.295807
-0.782516
-0.0201262
-0.0722895
2.46252
-0.0499287
1.89604
0.301869
0.0873568
-0.886147
-1.06702
1.17261
0.382645
0.0180736
-0.29271
0.0817601
0.206801
1.62096
-0.109395
-0.159268
1.45112
-2.052
-2.01485
0.388429
0.470664
0.666165
1.66503
-0.0224215
1.94404
-0.043433
-1.9402
-0.408084
-1.00035
-1.31688
0.120168
-0.407729
-0.768959
6.5647
0.643959
2.06984
0.0586682
-0.155915
-2.73254
-1.79837
-1.36831
-0.0716981
2.75618
1.481
0.267161
-5.00977
-0.429823
1.83023
-0.0915523
0.127703
-1.96918
-2.55576
0.63287
3.84213
0.0318047
0.361682
-1.68327
-2.1372
-0.632027
2.00065
0.181324
0.0113125
-0.806267
-1.17834
-1.96583
0.873002
0.286707
2.18612
-0.77081
-1.74089
-0.126502
-0.14664
2.50997
0.527344
3.18293
9.52699
1.57219
0.498224
0.497347
2.26319
3.88819
-4.28468
-2.14009
-2.13202
-2.27658
8.93404
0.572767
0.315036
2.51328
0.696353
-1.32865
-1.82366
-1.70433
-1.0242
-0.226911
3.61655
0.289153
0.499287
0.374937
-1.55041
1.96106
-0.208164
1.2057
-0.0517419
-0.584021
1.33256
-1.50021
3.61986
20.6551
-1.65744
1.22334
0.886
-2.78315
-1.58149
-1.61238
2.97132
0.356679
2.56321
-0.406971
0.990735
2.55189
0.836597
-1.35015
0.071023
-1.04138
0.224206
-0.985281
1.94931
1.14698
-0.701209
-1.33477
0.239737
1.29999
0.567825
0.493374
2.02454
-0.121062
-0.858655
0.143906
1.66539
0.90721
-1.45872
0.907263
1.89607
0.211966
-0.490593
-0.537527
1.58558
2.07308
-0.346563
-3.28195
8.02441
-1.7407
0.356049
1.35414
-0.429044
-0.653683
-0.123613
-1.58104
0.635302
2.12374
0.645847
0.716753
-2.79741
1.7703
0.539188
-1.75499
-1.18191
-1.77097
1.99122
0.89858
-2.09374
2.03911
0.385156
0.953686
-2.16043
1.22536
0.757595
2.32853
0.989387
0.643006
2.22124
0.928631
3.53222
0.289153
2.19198
0.0739544
-2.274
2.37696
0.999232
1.50239
-2.16305
-0.664683
0.686629
0.693805
0.502094
0.499201
2.27609
-0.285034
-1.99178
-1.97734
-0.890787
-1.83188
7.37553
0.677024
0.572452
0.315199
2.51503
0.842191
1.27923
1.80709
3.87629
2.4749
1.90619
3.61713
0.289224
0.499412
0.377332
3.08589
0.244709
-0.616889
-3.36827
-2.07379
-2.58399
-0.732473
0.959484
3.6223
20.6608
2.14511
1.08456
0.196977
0.718034
-1.22447
1.33759
-1.50794
0.29308
0.255529
2.76912
1.20412
-0.999311
0.20291
0.330842
2.12169
2.02658
0.275161
-0.0793777
-2.92463
0.36821
2.7083
0.816637
-0.890547
-0.652356
0.675775
2.17057
2.28685
2.7767
1.5507
-1.71626
-0.0348157
3.28593
0.964418
-4.72852
0.650395
2.50278
6.21858
2.48651
2.91052
-0.994479
-0.423426
1.41346
8.03581
-0.286088
-4.36292
-1.93182
2.24536
2.68833
2.23835
-0.433262
0.365686
0.296947
0.833704
0.717059
7.43747
-1.55473
-1.14252
1.44179
-0.0777547
2.32472
0.930946
-0.975749
1.52759
2.07397
0.385274
3.92384
2.59322
-1.38751
-4.75357
-2.72875
-1.53201
-1.01152
-0.558166
1.00281
3.53938
0.289224
2.19247
2.03699
0.510242
-0.73737
0.658746
-2.00985
1.42818
0.926189
0.69037
0.696459
0.502291
0.499303
2.27761
6.82087
7.31687
6.47793
6.90316
8.72874
7.38189
0.677263
0.692673
