0000000000000000000000000000000000000000000000000000000000000000000000000000000000000000000000000000000000000010000000001
0000000000000000000000000000000000000000000000000000000000000000000000000000000000000000000000000000000000000000000000110
0000000000000000000000000000000000000000000000000000000000000000000000000000000000000000000000000000000011000000001111000
0000000000000000000010000000000000000000000000000000000000000000000000000000000000000000000000000000000000000000110000000
0000000000000000000000000000000000000000000000000000000000000000000000000000000000000000010000000000100000000001000000000
0000000000000000000000000000000000000000000000000000000000000000000000000000000000000000000000000001000000000100000000000
0000000000000000000000010000000000100000000000000000000000000000000000000000000000000000000000000000000000001000000000000
0000000000000000000000000000000000000000000000000000000000000000000000000010000000000100000000001000000000110000000000000
0000000000000000000000000000000000000000000000000000000000000100000000000000000000000000000000000000000100000000000000000
0000000000000000000000000000000000000000000000000000000000000000000000100000000011000000000110000000001000000000000000000
0000000000000000000000000000000100000000001000000000100000000010000000000000000000000000001000000000010000000000000000000
0000000000000000000000000000000000000000000000000000000000000000000000000000100000000001000000000010000000000000000000000
0000000000000000000000000000000000000000000000100000000000000000000000000001000000000010000000000100000000000000000000000
0000000000000000000000000000001000000000000000000000000000000000000000000100000000011000000000110000000000000000000000000
0000000000000000000000000000000000000000100000000010000000000000000000000000000000100000000001000000000000000000000000000
0000000000000000000000000000000000000000000000000000000000000000000000000000010000000000100000000000000000000000000000000
0000000000000000000000000000000000000000000000000000000000100000000001000000000100000000000000000000000000000000000000000
0000000000000000000000000000000000000000000000000000000001000000000010000000001000000000000000000000000000000000000000000
0000000000000000011100000000000000000000000000000000000000000000000000001000000000000000000000000000000000000000000000000
0000000000000010000000001001000000010000000000000000000000000000000000010000000000000000000000000000000000000000000000000
0000000000000000000000000000000010000000000100000000000000000000000100000000000000000000000000000000000000000000000000000
0000000000000000000000000000000000000000000000000000000010000000001000000000000000000000000000000000000000000000000000000
0000000000000000000001000000000000000000000000000000000000000000010000000000000000000000000000000000000000000000000000000
0000000000000000000000000000000000000000000000000000011000000001100000000000000000000000000000000000000000000000000000000
0000000000000000000000000000110000000000010000000001000000001000000000000000000000000000000000000000000000000000000000000
0000000000000000000000000000000000000111000000011100000000010000000000000000000000000000000000000000000000000000000000000
0000000000000000000000000000000000000000000010000000000100000000000000000000000000000000000000000000000000000000000000000
0000000000000000000000100000000001000000000001000000000000000000000000000000000000000000000000000000000000000000000000000
0000001000000001100000000110000000001000000000000000000000000000000000000000000000000000000000000000000000000000000000000
0000000000000100000000000000000000000000000000000000000000000000000000000000000000000000000000000000000000000000000000000
0000000000011000000000000000000000000000000000000000000000000000000000000000000000000000000000000000000000000000000000000
0000000001100000000000000000000000000000000000000000000000000000000000000000000000000000000000000000000000000000000000000
0000000110000000000000000000000000000000000000000000000000000000000000000000000000000000000000000000000000000000000000000
0000110000000000000000000000000000000000000000000000000000000000000000000000000000000000000000000000000000000000000000000
0011000000000000000000000000000000000000000000000000000000000000000000000000000000000000000000000000000000000000000000000
1100000000000000000000000000000000000000000000000000000000000000000000000000000000000000000000000000000000000000000000000
