0000000000000000000000000000000000000000000000000000000000000000000000000000000000000000000000000000000000000010000000001
0000000000000000000000000000000000000000000000000000000000000000000000000000000000000000000000000000000000001000000000110
0000000000000000000000000000000000000100000000001000000010000000000000000000000000000000000000000000000000000000000001000
0000000000000000000000000000000000000000000000000000000000000000000000000000000000000000000000000000000000000000011110000
0000000000100000000000000000000000000000000000000000000000000000000000000000000000000000000000000000000000000001100000000
0000000000000000000000000000000000000000000000000000000000000000000000000000010000000000000000000000000000000100000000000
0000000000000000000000001100000000011000000000100000000000000000000000000000000000000000000000000000000000010000000000000
0000000000000011000000000000000000000000000000000000000000000000000000000000000000000100000000001000000000100000000000000
0000000000000000000000000011100000000000000000000000000000000000000000000000000000000000000000010000000001000000000000000
0000000000000000000000000000000000000000000000010000000000000000000000000000000000000000001000000000011110000000000000000
0000000000000000000011000000000000000000000000000000000000000000000000000000000000000000010000000000100000000000000000000
0000110000000000000000000000000000000000000000000000000000000000000000000000000000000000000000000001000000000000000000000
0000000000000000000000010000000000100000000001000000000000000000000000000000000000000000000000000010000000000000000000000
0000000000000000000000000000000000000000000000000000000000000001100000000011000000000010000000000100000000000000000000000
0000000000000000000000000000000000000010000000000000000000000010000000001100000000011000000000100000000000000000000000000
0000000000000000000000000000000000000000000000000000000000000000000000000000001001100000000111000000000000000000000000000
0000000001000000000000000000000000000000000000000000000000000000000000000000000000000000100000000000000000000000000000000
0000000000000100000000000000000000000000000000000000000000000000000000000000100000000001000000000000000000000000000000000
0000000000000000000000000000000000000000000000000000000000000000000001110000000110000000000000000000000000000000000000000
0000000000000000000000000000000000000000000000000000000001000000000110000000000000000000000000000000000000000000000000000
0000000000000000000000000000000000000000000000000000000000000000011000000000000000000000000000000000000000000000000000000
0000000000000000000000000000000000000000000000000000000000111100000000000000000000000000000000000000000000000000000000000
0000000000000000000000000000000000000000000010000000000100000000000000000000000000000000000000000000000000000000000000000
0000000000000000000000000000000000000000000000000000011000000000000000000000000000000000000000000000000000000000000000000
0000000000000000000000000000000000000000000000000111100000000000000000000000000000000000000000000000000000000000000000000
0000000000000000000000000000000000000001111100000000000000000000000000000000000000000000000000000000000000000000000000000
0000000000000000000000100000000001000000000000000000000000000000000000000000000000000000000000000000000000000000000000000
0000000000000000000000000000011110000000000000000000000000000000000000000000000000000000000000000000000000000000000000000
0000000000000000111100000000000000000000000000000000000000000000000000000000000000000000000000000000000000000000000000000
0000000000011000000000000000000000000000000000000000000000000000000000000000000000000000000000000000000000000000000000000
0000001110000000000000000000000000000000000000000000000000000000000000000000000000000000000000000000000000000000000000000
0011000000000000000000000000000000000000000000000000000000000000000000000000000000000000000000000000000000000000000000000
1100000000000000000000000000000000000000000000000000000000000000000000000000000000000000000000000000000000000000000000000
