0000000000000000000000000000000000000000000000000000000000000000000000000000000000000000000000000000000000000001000000001
0000000000000000000000000000000000100000000000000000001000000000000000000000000000000000000000000000000000000000000000010
0000000000000000000000000000000000000000000000000000000000000000000000000000000000000100000000001000000000010000000000100
0000000000000000000000000000000000000000000000000000000000000000000000000000000000001000000000010000000000100000000001000
0000000000000000100000000000000000000000000000000000000000000000000000000000000000000000000000100000000001000000000110000
0000000000000000000000000000000000000000000000000000000000000000000000000000000000110000000001000000000110000000001000000
0000000000000000001000000000001000000000000000000000000000000000000000000000000000000000000010000000001000000000010000000
0000000000000000000000000000000100000000000000000000000000000000000000000000000000000000000000000000010000000000100000000
0000000000000000000000000000000000000000000000000000000000000000000000000000000000000000000000000000000000000110000000000
0000000000000000000000010000000000000000000010000000000000000000000000000000000000000000000000000100000000001000000000000
0000000000000000000000000000000000000000000000000000000000000000000000000000000000000000000000000001100000000000000000000
0000000000000000000000000000000000000000000000000000000000000000000000000000000000000000010000000010000000000000000000000
0000000000000000000000000000000000000000000000000000000100000000000000000000000000000000000100000000000000000000000000000
0000000000000000000000000000000000000000000000000000000000000000000000000000000000000010001000000000000000000000000000000
0000000000000000000000000000000000000000000000000000000000000000000000000000000000000001100000000000000000000000000000000
0000000000000000000000000000000000000000000000000000000000011000000010000000000011000000000000000000000000000000000000000
0000000000000000000000000000000000000000000000000000000010000000000100001010000100000000000000000000000000000000000000000
0000000000000000000000000000000000000000000000000000000000000000001000000000001000000000000000000000000000000000000000000
0000000000000000000000000000000000000000000000000000000000000000000000000001010000000000000000000000000000000000000000000
0000000000000000000000000000000000000000000000000000000000000000010000000000100000000000000000000000000000000000000000000
0000000000000000000000000010000000001000000000000000000000000000000001110100000000000000000000000000000000000000000000000
0000000000000000000000000000000000000000001000000000010000000000100000000000000000000000000000000000000000000000000000000
0000000000000000000000000000000000000000010000100000100001000001000000000000000000000000000000000000000000000000000000000
0000000000000000000000000000000000000000100000000001000000000110000000000000000000000000000000000000000000000000000000000
0000000000000000000000000100000000010110000000010000000000100000000000000000000000000000000000000000000000000000000000000
0000000000000000000000000000000000000000000000001110000000000000000000000000000000000000000000000000000000000000000000000
0000000000000001000000001000000000000000000001000000000000000000000000000000000000000000000000000000000000000000000000000
0000000000000000000100000000000000000000000100000000000000000000000000000000000000000000000000000000000000000000000000000
0000000000000000010000000000110000000001000000000000000000000000000000000000000000000000000000000000000000000000000000000
0000000000000000000000000000000011000000000000000000000000000000000000000000000000000000000000000000000000000000000000000
0000000000000000000000000001000000000000000000000000000000000000000000000000000000000000000000000000000000000000000000000
0000000000000000000001100000000000000000000000000000000000000000000000000000000000000000000000000000000000000000000000000
0000000000000100000010000000000000000000000000000000000000000000000000000000000000000000000000000000000000000000000000000
1000000000000010000000000000000000000000000000000000000000000000000000000000000000000000000000000000000000000000000000000
0000000000011000000000000000000000000000000000000000000000000000000000000000000000000000000000000000000000000000000000000
0000000001100000000000000000000000000000000000000000000000000000000000000000000000000000000000000000000000000000000000000
0000000110000000000000000000000000000000000000000000000000000000000000000000000000000000000000000000000000000000000000000
0000011000000000000000000000000000000000000000000000000000000000000000000000000000000000000000000000000000000000000000000
0001100000000000000000000000000000000000000000000000000000000000000000000000000000000000000000000000000000000000000000000
0110000000000000000000000000000000000000000000000000000000000000000000000000000000000000000000000000000000000000000000000
