0000000000000000000000000000000000000000000000000000000000000000000000000000000000000000000000000000000000000000000000011
0000000000000000000000000000000000000000000000000000000000000000000000000000000000000000000000000000000000000000000001100
0000000000000000000000000000000000000000000000000000000000000000000000000000000000000000000001100000000000000000001110000
0000000000000000000000000000000000000000000000100000000000000000000000000000000000000000000000000000000000000000010000000
0000000000000000000000000000000000000000000011000000000000000000000000000000000000000000000000000000000000000001100000000
0000000000000000000000000000000000000000000000000000000100000000000000000000000000000000000000000000000000000010000000000
0000000000000000000000000000000000000000000000000000000000000000000000000000000000000000000000001110000000000100000000000
0000000000000000000000000000000000000000000000000000000000000000000000000000000000000000000000000000000000011000000000000
0000000000000000000000000000000000000000000000000000000000000000000000000000000000000000000000000000001111100000000000000
0000000000000000000000000000000000000000000000000000000000000000000000000000000000000000000110000000110000000000000000000
0000000000000000000000000000000000000000000100000000000000000000000000000000000000000000000000000001000000000000000000000
0000000000000000000000000000000100000000001000000000010000000000000000000000000000000000000000010000000000000000000000000
0000000000000000000000000000000000000000000000000000000000000000000011100000001100000000001000000000000000000000000000000
0000000100000000000100000000001000000000010000000000100000000000000000000000000000000000010000000000000000000000000000000
0000000000000000000000000000000000000000000000000000000001100000000100000000010000000000100000000000000000000000000000000
0000000000000000000000000000000000000000000000000000000000000000000000000000000000000011000000000000000000000000000000000
0000000000000000000000000000000000000000000000000000000000000100000000010000000000011100000000000000000000000000000000000
0000000000000000000000000000000000000000100000000001000000000000000000001000000011100000000000000000000000000000000000000
0000000000000000000000000000000000000000000000000000000000000000000000000001100000000000000000000000000000000000000000000
0000000000000000000000000000000000000000000000000010000000000011000000000110000000000000000000000000000000000000000000000
0000000000000000000000000000000000000000000000000000000010000000101000000000000000000000000000000000000000000000000000000
1000000000000000000000000000000000000000000000000000000000000000010000000000000000000000000000000000000000000000000000000
0000000000000000000000000000000000000000000000001100000000011000000000000000000000000000000000000000000000000000000000000
0000000000000000000000000000000010000000000000000000001000000000000000000000000000000000000000000000000000000000000000000
0000000000000000000000000000000000000110000000010000000000000000000000000000000000000000000000000000000000000000000000000
0000011000000000001000000001100000000001000000000000000000000000000000000000000000000000000000000000000000000000000000000
0000000000000000000000000110000000111000000000000000000000000000000000000000000000000000000000000000000000000000000000000
0000000000000000000000100000000001000000000000000000000000000000000000000000000000000000000000000000000000000000000000000
0000000000000001110000000000010000000000000000000000000000000000000000000000000000000000000000000000000000000000000000000
0000000000001110000000011000000000000000000000000000000000000000000000000000000000000000000000000000000000000000000000000
0000000000010000000001000000000000000000000000000000000000000000000000000000000000000000000000000000000000000000000000000
0000000011000000000010000000000000000000000000000000000000000000000000000000000000000000000000000000000000000000000000000
0100000000100000000000000000000000000000000000000000000000000000000000000000000000000000000000000000000000000000000000000
0011100000000000000000000000000000000000000000000000000000000000000000000000000000000000000000000000000000000000000000000
