3.862703800201416
3.790437936782837
3.7987239360809326
3.8040170669555664
3.797969102859497
3.8380789756774902
3.782485008239746
3.860206127166748
3.842820882797241
3.7601311206817627
3.8613929748535156
3.7624471187591553
3.7824392318725586
3.8005268573760986
3.7529749870300293
3.769420862197876
3.765082836151123
3.7955141067504883
3.7954788208007812
3.8772621154785156
3.7815020084381104
3.832550048828125
3.9185149669647217
3.8993051052093506
3.779146909713745
3.7833809852600098
3.7897510528564453
3.9002089500427246
3.7754712104797363
3.816715955734253
3.869094133377075
3.8560540676116943
3.767803907394409
3.8665640354156494
3.938342809677124
3.8544230461120605
3.8413279056549072
3.8139569759368896
3.82787823677063
3.768036127090454
3.9340968132019043
3.8297040462493896
3.83154296875
3.826996088027954
3.8269810676574707
3.7843308448791504
3.8246219158172607
3.8365962505340576
3.8147361278533936
4.014552116394043
