0000000000000000000000000000000001111111111000000001100000000011000000000110000000001000000000110000000001000000000010000
0000000000000000000000000111000000111111000000000011000000000010000000000110000000001100000000010000000000100000000011000
0000000000000000000000000111000000011011110000000001100000000110000000001100000000110000000001100000000110000000001100000
0000000000000000011000000111110000000001100000000011000000000110000000011000000000110000000011100000000111000000001110000
0000000000000000000000000000110100000011011000011000100000100011000010000100000000010000000001100000000110000000001000000
0000000000001111110000011111111000000000011000000000110000000011000000001100000000111000000011100000001110000000111000000
0000000000000000000000011111100000000111000000000110000000001100000000011000000000110000000001100000000011100000000011000
0000000000000000000000001111100000011111100000000011000000000010000000000100000000001100000000110000000001100000000010000
0000000000000000000100000011111100001111110000110011000000001110000000011000000001100000000011000000001100000000111000000
0000000000000000110000000010010000000100100000000001000000000010000001111100000110110000000001000000000110000000001000000
