0000000000000000111100000011111000000000010000000001100000000110000011111100001101101100001110001100111000001101000000000
0011000000001111111000001111111000000000111000000000110000000001100001111111000111111111001111110110011110000000110000000
0000111000000001111000000000010000000001100000000011000000011100000000110000000011001110001111110000011110000000000000000
0000000000000000000000000011100000011011100000000011000000000111000000111111000111110001001110000000000000000000000000000
0000000000000011111100000000001100000000010000000001100000000011000001111111100110110010011011000000111100000000100000000
0000000000001111100000001011100000000000100000000001000000000110000000001000000000110000000011000000000111110000000111100
0001110000000011110000000000010000000000100000000011000000000100000000011000000000100010000010011000001111000000001000000
0000001100000000111100000011101000000110010000000001100000000110000011111100001101111000011111111000111000000000000000000
0000000000000111111100001000011000000000100000000001000000000100000000011000000001100000000110000000011111111100011100000
0000001000000011111000001110011000001000110000000011000000001100000000111000000011100000000111111000001111100000001000000
