2.5066161155700684
2.580832004547119
2.5349950790405273
2.5305018424987793
2.490562915802002
2.494621992111206
2.479074001312256
2.9567277431488037
2.5055880546569824
2.5162861347198486
2.547109842300415
2.5750038623809814
3.7433829307556152
2.5533242225646973
2.529491901397705
2.5005691051483154
2.5551888942718506
2.54190993309021
2.5233399868011475
2.4896111488342285
2.493243932723999
2.4817280769348145
2.5034801959991455
2.6513710021972656
2.4825961589813232
2.470546245574951
2.456857919692993
2.5434770584106445
2.5224618911743164
2.5720760822296143
2.528244972229004
2.4863579273223877
2.495774984359741
2.4993090629577637
2.5545248985290527
2.65541410446167
2.7000389099121094
2.5987319946289062
2.5149688720703125
2.5163440704345703
2.5093958377838135
2.5323538780212402
2.5638363361358643
2.5307319164276123
2.517866849899292
2.616340160369873
2.6664633750915527
2.444913864135742
2.563814878463745
2.491687297821045
