000000000
000001000
000010000
000011000
000100000
000101000
000110000
000111000
001000000
001001000
001010000
001011000
001100000
001101000
001110000
001111000
010000000
010001000
010010000
010011000
010100000
010101000
010110000
010111000
011000000
011001000
011010000
011011000
011100000
011101000
011110000
011111000
100000000
100001000
100010000
100011000
100100000
100101000
100110000
100111000
101000000
101001000
101010000
101011000
101100000
101101000
101110000
101111000
110000000
110001000
110010000
110011000
110100000
110101000
110110000
110111000
111000000
111001000
111010000
111011000
