000000000
000000010
000000100
000000110
000001000
000001010
000001100
000001110
000100000
000100010
000100100
000100110
000101000
000101010
000101100
000101110
001000000
001000010
001000100
001000110
001001000
001001010
001001100
001001110
001100000
001100010
001100100
001100110
001101000
001101010
001101100
001101110
010000000
010000010
010000100
010000110
010001000
010001010
010001100
010001110
010100000
010100010
010100100
010100110
010101000
010101010
010101100
010101110
011000000
011000010
011000100
011000110
011001000
011001010
011001100
011001110
011100000
011100010
011100100
011100110
