010101010
001000110
011001110
001101110
011000010
001000110
000100110
010100010
010100000
011000100
000001110
000100100
001000000
000100110
001000000
001001100
000100100
010000100
010100000
010100100
001101000
010001110
000001000
011100100
001000010
011001010
001101100
010001010
011001110
011100000
011100010
011001010
011100100
000001000
001101010
010101010
011100010
010100100
010101110
010001000
000000100
000001100
010000100
001000100
001100110
011100000
010001000
010100100
010100010
000101110
011000000
011000100
000101100
001101110
001000000
010100100
000100010
001101110
010101010
011001110
000000000
111111111
