4.8198161125183105
4.863789081573486
4.896451234817505
5.017503023147583
4.81994891166687
4.809576034545898
4.880988836288452
5.5309741497039795
4.908499240875244
4.861425161361694
4.891676902770996
4.840336084365845
4.890604019165039
5.062707185745239
4.915295839309692
4.84957480430603
4.915476083755493
4.96722674369812
4.843651056289673
4.971807956695557
5.043717861175537
4.85167384147644
4.965845823287964
4.841910123825073
5.01945424079895
4.924515008926392
4.887108087539673
4.933305978775024
4.901602029800415
4.916059255599976
5.006961345672607
4.87243914604187
4.8712992668151855
4.837755918502808
4.952099084854126
4.980870962142944
4.926366329193115
4.950037956237793
4.925219774246216
4.9905009269714355
4.8265907764434814
4.895265102386475
4.869652986526489
4.872159957885742
4.89496922492981
5.030472993850708
4.864082098007202
4.900467157363892
4.925107955932617
