15.942662000656128
15.631064891815186
15.165140867233276
15.823538303375244
15.094849109649658
15.57248568534851
15.806886911392212
15.262582063674927
15.196055889129639
15.730040073394775
15.115336894989014
15.218116998672485
15.137166976928711
15.212664127349854
16.957029104232788
15.377197027206421
15.453954219818115
15.02162790298462
15.095688819885254
15.393928050994873
15.301231861114502
15.197312116622925
15.248440027236938
15.025941610336304
16.2517671585083
15.147368907928467
15.04231309890747
16.082835912704468
15.3296480178833
16.51702880859375
15.122590780258179
15.094657182693481
15.409656047821045
15.23172903060913
16.50371265411377
15.483870267868042
15.312031269073486
15.561399698257446
15.150209903717041
15.478523015975952
15.119056940078735
15.062988042831421
15.992723941802979
15.071172952651978
15.061547756195068
15.10308313369751
15.134348154067993
15.510214805603027
15.125166177749634
15.197421073913574
