0000000000000000000000000000000000000000000000000000000000000000000000000001000000000010000000000100000000001000000000110
0000000000000000000000000000000000000000000000000000000000000000000000000110000000001100000000011000000000110000000011000
0000000000000000000000000000000000000000000000000000000000000000000000011000000000110000000001100000000011000000000100000
0000000000000000000000000000000000000000000000000000000000000000000001000000000110000000001100000000011000000000111000000
0000000000000000000000000000000000000000000000000000000000000000001000000000010000000000000000000000000000000000000000001
0000000000000000000000000000000000000000000000000000000000000000000110000000001000000000010000000000100000000001000000000
1100000000010000000000000000000000000000000000000000000000000000000000000000000000000000000000000000000000000000000000000
0000000000000000000000000000000000000000000000000000000000000000000000000000000000000000100000000001000000000000000000000
0000000000000000000000000000000000000000000010000000000100000000000000000000000000000000000000000000000000000000000000000
0000000000000000000000000000000000000000000000000000001000000000110000000000000000000000000000000000000000000000000000000
0011100000000000000000000000000000000000000000000000000000000000000000000000000000000000000000000000000000000000000000000
0000000000000000000000000000000000000011100000000111000000011100000000000000000000000000000000000000000000000000000000000
0000000000000000000000000000000110000000011100000000110000000011000000000000000000000000000000000000000000000000000000000
0000000000000010000000001110000000011100000000111000000000100000000000000000000000000000000000000000000000000000000000000
0000011100000000000000000000000000000000000000000000000000000000000000100000000001000000000010000000000100000000000000000
0000000000000000000000000000000000000000000000000000000000000000000000000000100000000001000000000010000000000100000000000
0000000000001000000000100000000001000000000000000000000000000000000000000000000000000000000000000000000000000010000000000
0000000000000001111110000001111000000000000000000000000000000000000000000000000000000000000000000000000000000000000000000
0000000011100000000001000000000000000000000000000000000000000000000000000000000000000000000000000000000000000000000000000
0000000000000100000000010000000000100000000001000000000011000000000000000000000000000000000000000000000000000000000000000
