0000000000000000000000000000000000000000000000000000000000000000000000000000000000000101000000010100000001010000000011000
0000000000000000011110000000001100000000000000000000000000000000000000000000000000000000000000000000110000000000110000000
0000000000000000000000000000000000000000000000000000000000000000000000000100000000011000000011101000000000100000001100000
0000000000000000000000000001000000000100000000010000000000000000000010000000000100000000001000000000001110000000000000000
0000000000000000000000000000000000000000000000100000000011100000000101000000001010000000010100000000000000000000000000000
0000000000000000000000000000000000000000000000000000000000001100000000111000000001100000000000000000000000000000000000000
0000000000000000000000100000000000000000000000000000000000000000000000000000000000000000000000000000000000000010000000001
0000000000000000000000000000000000000000000000000000000000000000000000000000000000000000000000000001000000000001000000000
0000000000000000000000000000000000000000001000000000111000000001110000000011100000000010000000000000000000000000000000000
0000000000000000000000000000000000000011100000001111000000010010000000000000000000000000000000000000000000000000000000000
0000000000000011100000001110000000011000000001000000000000000000000000000000000000000000000000000000000000000000000000000
0001110110000000000000000000000000000000000000000000000000000000000000000000000000000000000000000000000000000000000000000
0100000000000000000000000000000001000000000000000000000000000000000000000000000000000000000000000000000000000000000000010
0000000000000000000000000000000000000000000000000000000000000000000000000000000000000000000000000010000000001100000000100
0000000001100000000001000000000000000000000000000000000000000000000000000000000000000000000000000000000000000000000000000
1010000000010000000000000000000000000000000000000000000000000000000000000000000000000000000000000000000000000000000000000
0000000000000000000000000000000000000000000000000000000100000000001000000000010000000000100000000000000000000000000000000
0000000000001100000000010000000000100000000010000000000000000000000000000000000000000000000000000000000000000000000000000
0000001000000000000000000000110010000000010100000000000000000000000000000000000000000000000000000000000000000000000000000
