0000000000000000000000000000000000111000000011100000000000000000000000000000000000000000000000000000000000000000000000000
0000000000000000000000000000000000000000000000000000000000000000000000000000000000000000000111000000001111000000001110000
0000000000000000000000000000000000000000000000000000000000000000000000000001000000001010000000111100000000110000000001000
0000000000000000000000000000000000000000000000000000000000000000000000000000001000000000011000000000110000000001110000000
0000000000100000000000000000000000000000000000000000000000000000000000000000000000000000000000000000000000000010000000000
0000000000000000000000000000000000000000000000000000000000000000010000000000100000000001000000000010000000000000000000000
0000000000000000000000000000000000000000000000000000000000000000000000000000000111100000000000000000000000000000000000000
0000000000000000000000000000000000000000000000000000000011000000001110000000000000000000000000000000000000000000000000000
0000000000000000000000000000000000000000000000000000000000000011000001111110000000010100000000000000000000000000000000000
0000000000000000000000000000000000000000000100000000010000000000100000000000000000000000000000000000000000000000000000000
0000000000001000000000110000000001000000000000000000000000000000000000000000000000000000000000000000000000001000000000100
0000000000000000000000000000000000000110000000011100000000111100000000000000000000000000000000000000000000000000000000000
0000000000000000001100000000111000000001110000000011000000000000000000000000000000000000000000000000000000000000000000000
0100000000010000000000000000000000000000000000000000000000000000000000000000000000000000000000000000000000000000000000000
0000000000000000000000000000000000000000000000000000001000000000000000000000000000000000000000000000000000000100000000010
0000000000000000000010000000000100000000001000000000100000000000000000000000010000000000100000000001000000000000000000000
0000000000000111110000001111000000000000000000000000000000000000000000000000000000000000000000000000000000000000000000000
1000000000000000000000000000000000000000000000000000000000000000000000000000000000000000000000000000000000000000000000001
0011111110000000000000000000000000000000000000000000000000000000000000000000000000000000000000000000000000000000000000000
0000000000000000000001000000000010000000000000000000000000000000000000000000000000000000000000000000000000000000000000000
0000000001000000000000000000000000000000000000000000000100000000000000000000000000000000000000000000000000000000000000000
