0000000000000000000000000000000000000000000000000000000000000000000000000000000000000000000000000000000000000000000000011
0000000000000100000000001000000000000000000000000000000000000000000000000000000000000000000000000000000000000000000000100
0000000000001000000000010000000000000000000000000000000000000000000000000000000000000000000000000000000000000000000001000
0000000000000001000000000010000000000100000000001000000000010000000000000000000000000000000000010000000000100000000010000
0000001110000000000000000000000000000000000000000000000000000000000000000000000000000000000000000000000000000000000100000
0000000000000000001000000000010000000000100000000000000000000000000000100000000001000000000110000000001100000000011000000
0000000000000000000010000000000100000000010000000000000000000000000000000000000010000000001000000000110000000000100000000
0000000001000000000000000000000010000000000000000000000000000000000000000000000000000000000000000000000000000001000000000
0000000000000000000000000000000000000000000000000000000000000000000000000000001000000000000000000000000000000010000000000
0000000000000000000000000000000000000000000000000000000000000000000000000000000000000000100000000000000000000100000000000
0000000000000000000000000000000000100000000000000000000000000000000000000000000000000001000000000000000000001000000000000
0000010000000010000000000100000000001000000000000000000000000000000000000000000000000000000000001000000000010000000000000
0000000000000000100000000001000000000010000000000100000000000000000000001000000000010000000001100000000011000000000000000
0000000000100000000000000000000000000000000000000000000000000000000000000001000000000000000000000001000000000000000000000
0000000000000000000000000000000000010000000000000000000000000000000000000000000000000010000000000110000000000000000000000
0000000000000000000001000000000000000000000000000000000000000000000001000000000100000000010000000000000000000000000000000
0001100000000000000000000000000000000000000000000000000000000000000000000100000000001100000000000000000000000000000000000
0000000000000000010100000000101000000001000000000011000000000100000000000000000000100000000000000000000000000000000000000
0000000000000000000000000000000000000000000000000000000000000000000000000000110000000000000000000000000000000000000000000
0000000000000000000000000000000000000000000000000000000000000000001000000010000000000000000000000000000000000000000000000
0000000000000000000000000000000000000000000000010000000000101000000000010000000000000000000000000000000000000000000000000
0000000000000000000000000000000000000000000000000000000000000000000110000000000000000000000000000000000000000000000000000
0000000000000000000000000000000000000000000000000000000010000000010000000000000000000000000000000000000000000000000000000
0000000000000000000000000000000000000000000000000000010000000000100000000000000000000000000000000000000000000000000000000
0000000000000000000000000000000000000000001000000000100000000011000000000000000000000000000000000000000000000000000000000
0000000000000000000000000000000000000000000001100000000001000000000000000000000000000000000000000000000000000000000000000
0000000000000000000000000000000000000000000000000000001100000000000000000000000000000000000000000000000000000000000000000
0000000000000000000000000000000001000000000010000000000000000000000000000000000000000000000000000000000000000000000000000
0000000000000000000000100000000000000000000100000000000000000000000000000000000000000000000000000000000000000000000000000
0010000000010000000000000000000000000000000000000000000000000000000000000000000000000000000000000000000000000000000000000
1100000000000000000000000000000000000000000000000000000000000000000000000000000000000000000000000000000000000000000000000
