0000000000000000000000000000000000000011111100000000000000000000000000000000000000000000000000000000000000000000000000000
0000000000000000000000000000000000000000000000000000000000000000000000000000000000000000000001110000000001110000000111000
0000000000000000000000000000000000000000000000000000000000000000000000000000000000000000001110000000011110000000111000000
0000000000010000000000100000000001000000000000000000000000000000000000000000000000000000000000000000000000000000000000000
0000000000000000000000000000000000000000000000000000000000000000000000000000000000000000000000000001000000000001000000000
1100000000100000000000000000000000000000000000000000000000000000000000000000000000000000000000000000000000000000000000000
0000000000000000000000000110000000011100000000111000000001100000000000000000000000000000000000000000000000000000000000000
0000000000000000000000000000000000000000000000000000000000000001000000000111000000111110000000001000000000000000000000000
0000000000000000000000000000000000000000000000000000111000000000110000000000100000000000000000000000000000000000000000000
0000000000000000000000000000000000000000000000000111000000011110000000111000000000000000000000000000000000000000000000000
0000000000000000000000000000000000000000000000000000000000000000000000000000000000000000000000000000000000000100000000011
0000000000000000000000010000000000100000000001000000000010000000000111000000000000000000000000000000000000000000000000000
0000000000000000000000000001111110000000000000000000000000000000000000000000000000000000000000000000000000000000000000000
0000000000000000000000000000000000000000000000000000000000000000001000000000010000000000000000000000000000000010000000000
0000000000000000000000000000000000000000000000000000000000000000000000000000001111000000110000000000100000000000000000000
0000000000000011111111000000000000000000000000000000000000000000000000000000000000000000000000000000000000000000000000000
0011000000001000000000000000000000000000000000000000000000000000000000000000000000000000000000000000000000000000000000000
0000111111000000000000000000000000000000000000000000000000000000000000000000000000000000000000000000000000000000000000000
0000000000000100000000001000000000000000000000000000000000000000000000000000000000000001000000000110000000001000000000100
0000000000000000000000000000000000000000000010000000000100000000000000000000000000000000000000000000000000000000000000000
