0000000000000000000000000000000000000000000010000000000000000000001000000000000000000000000000000000000000000100000000000
0000000000000000000011000000001110000000000000000000000000000000000000000000000000000000000000000000000000000000000000000
0000000000000000000000000000000000000000000000000000000000000000000000000000000000000000000111100000001111100000000000000
0000000000010000000000100000000001000000000000000000000000000000000000000000000000000000000000000000000000000000000000000
0000000000000000000000000000000000000000000000100000010001000000100010000001000100000010001000000000000000000000000000000
0000000000000000000000000000000000000000000000010000000000100000000001000010000010011100000000011000000000000000000000000
0000000000000000000000000000000000000000000000000000000000000000000000000000000000000000000000000001000000000001000000010
1000000000000000000000000000000000000000000000000000000000000000000000000000000000000000000000000000000000000000100000100
0000000000000000000000000000000000000000000000000000000100000000000000000000000000000000000000000000000000000010000000001
0000000001000000000100000000010000000001000000000100000000010000000000100000000001000000000000000000000000000000000000000
0000000000000000000000000000000000000000000000000011100000001111000000011100000000100000000000000000000000000000000000000
0000000000000000000000000000000000000000111100000000000000000000000000000000000000000000000000000000000000000000000000000
0000000000000000000000000000000000000000000000000000000000000000000000000000010000000000100000000000000000000000000000000
0000001110000000111000000001100000000110000000001000000000000000000000000000000000000000000000000000000000000000000000000
0001110000000011000000001110000000011000000000000000000000000000000000000000000000000000000000000000000000000000000000000
0110000000001100000000010000000000100000000000000000000000000000000000000000000000000000000000000000000000000000000000000
0000000000000000000000000000000000000000000001000000001010000000010100000000101000000001000000000000000000000000000000000
0000000000000000000000000000000000000000000000000000000000000000000000000000000000000000000000000000000000000000011110000
0000000000000000000000000000000000000000000000000000000000000000000000000000000000000000000000000110000000011000000001000
0000000000100000000000000000000000000000000000000000000000000000000000000000000000000000010000000000110000000000000000000
