0000000000000000000000000000000000000000000000000000000000000000100000000011000000000110000000001000000000010000000000100
0000000000000000000000000000000000000000000000000000000000000000000000001000000000011000000000110000000001100000000011000
0000000000000000000000000000000000000000000000000000000000000000000000000000000000100000000011000000001110000000111100000
0000000000000000000000000000000010000000000100000000001000000000000000000000000000000000000000000000000000000000000000000
0000000000000000000001000000000000000000000000000000000000000000000000000000000000000000000000000010000000000000000000000
0000110000000000000000000000000000000000000000000000000000000000000000000000000000000000000000000000000000000000000000000
0000000000000000000000000000000000000000100000000000000000000000000000000000000000000000000000000000000000000000000000000
0001000000011000000000000000000000000000000000000000000000000000000000000000000000000000000000000000000000000000000000000
0000000000000000000000000000000000000000000000000000000000000000000000000000001100000000010000000000000000000000000000000
0000000000000111111000000000000000000000000000000000000000000000000000000000000000000000000000000000000000000000000000000
0000000000000000000000100000000001000000000010000000000100000000000000000000000000000000000000000000000000000000000000000
0000000000000000000000000000000000000000000000000110000000001100000000110000000011000000000000000000000000000000000000000
0000000000000000000010000000000000000000000000000000000000000000000000000000000000000000001100000000110000000001000000000
0000000000000000000000000000000000000000000000000000000000000000010000000000100000000001000000000000000000000000000000000
0000000000000000000100000000000000000000000000000000000000000000000000000000000000000000000000000000000000000000000000000
0010000000100000000000000000000000000000000000000000000000000000000000000000000000000000000000000000000000000000000000000
0000000000000000000000000000000000000000000000000000000000000000000000000000000000000000100000000001000000000000000000000
0000000000000000000000000000000000111111000001111000000000000000000000000000000000000000000000000000000000000000000000000
0000000000000000000000000000000000000000000000000000000011110000000111000000000000000000000000000000000000000000000000000
1000000000000000000000000000000000000000000000000000000000000000000000000000000000000000000000000000000000000110000000000
0000000001000000000000000000000000000000000000000000000000000000000000000000000000000000000000000000000000000000000000001
0000000000000000000000011111110000000000000000000000000000000000000000000000000000000000000000000000000000000000000000000
0000000000000000000000000000001100000000011000000001110000000011000000000100000000000000000000000000000000000000000000000
0100000010000000000000000000000000000000000000000000000000000000000000000000000000000000000000000000000000000000000000000
0000000000000000000000000000000000000000000000000000000000000000000000000000000000000000000000000100000000001000000000010
0000001100000000000000000000000000000000000000000000000000000000000000000000000000000000000000000000000000000000000000000
0000000000000000000000000000000000000000000000000000000000000000001000000000010000000000000000000000000000000000000000000
