0000000000000000000000000000000000000000000000000000000000000000000110000000000111000000000000000000000000000000000000000
0000000000000100000000000000000000000000000000000000000000000000000000000000100000000001000000000010000000001000000000100
0000000000000000000000000000000000000000000000000000000000000010000000000110000000001100000000011000000000110000000001000
0000000000000000000000000000000000000000000000000000000000000000000000000000000000000000000011100000000111000000011110000
0000000000000000000000000000000000000000000000000000000000000000000000000000001000000000011100000000111000000000100000000
0000000000000000000000000000000000000000000000000000000000000000000000000000000000000000000000000000000000000100000000011
0000000000000000000000001100000000011000000000110000000001000000000000000000000000000010000000000100000000000000000000000
0000000000000000000000000011111110000100000000000000000000000000000000000000000000000000000000000000000000000000000000000
0000000000010000000000100000000001000000000000000000000000000000000000000000000000000000000000000000000000000000000000000
0000000000000000000000000000000000000000000000000000000000111100000001111000000000110000000000000000000000000000000000000
0000000000001000000000010000000000100000000001000000000010000000000000000000000000000000000000000000000000000000000000000
0000000000000000000000000000000000000000000000000000000000000000000000000000000000000000000000000001000000000001000000000
0000000000000000000000000000000000000000000000001111100000000001100000000001000000000000000000000000000000000000000000000
0000000000000000000000000000000000000000000000000000011000000000010000000000000000000000000000000000000000000000000000000
0111000000000000000000000000000000000000000000000000000000000000000000000000000000000000000000000000000000000000000000000
0000111110000000000000000000000000000000000000000000000000000000000000000000000000000000000000000000000000000000000000000
0000000000000000000000000000000000000000000000000000000000000000000000000000010000000000100000000000000000000000000000000
0000000000000000000000000000000000000011111100000000000000000000000000000000000000000000000000000000000000000000000000000
1000000000000000000000000000000000000000000000000000000000000000000000000000000000000000000000000000000000000010000000000
0000000000000000000000000000000000000000000010000000000100000000001000000000000000000000000000000000000000000000000000000
0000000000000011111111000000000000000000000000000000000000000000000000000000000000000000000000000000000000000000000000000
0000000001100000000000000000000000000000000000000000000000000000000000000000000000000000000000000000000000000000000000000
