1000000000000000000000000000000000000000000000000000000000000000000000000000000000000000000000000000000000000000000000011
0000000000000000000000000000000000000000000000000000000000000000000000000000000000000000000000000000000000000000000001100
0000000000000000000000000000000000000000000000000000000000000000000000000000000000000000000000000000000000000000001010000
0000000000000000000000000000000000000000000000000001000000000100000000000000000000000000000000000000000000000000000100000
0000000000000000000000000000000000000000000000000000000000000000000000000000000000000000000000000000000000000000110000000
0000000000000000000000000000000000000000000000000000000000000000000000000000000000000000000000000000000000000011000000000
0000100000000000000000000000000000000000000000000000000000000000000000000000000000000000000000000000000000001100000000000
0000000000000000000000000000000000000000000000000000000000000000000000000100000010000000000000000000000000010000000000000
0000000000000000000000000100000000000000000000000000000000000000000000010000000000000000001000000000000000100000000000000
0000010000000000000000000000000000000000000000000000000000000000000000000000000000000100000000001000000001000000000000000
0000000000000001000000000000000000000000000000000000000000000000000000000000000000000000000000000000000110000000000000000
0000000000000000000000000000000000000000000000000000000000000000000000000000001000001000000000000000011000000000000000000
0000000000000000000000000000000000000000000000000000000000000000000000000000000000000000000000000001100000000000000000000
0000000000000000000000000000000000000000000000000000000000000000000000000000000000000000000000000110000000000000000000000
0000000000000000000000000010010000000000100000000000000000000000000000000000000000000000000000010000000000000000000000000
0000000000000000100000000000000000000000000000000000000000000000000000000000000000010000000000100000000000000000000000000
0000000000000000000000000000000000000000000000000000000000000000000000000000000000000000010001000000000000000000000000000
0000000000000000010000000000100000000000000000000000000000000010000000000000000000000000000010000000000000000000000000000
0000000010000000000100000000000000000000000000000000000000000000000100000000000000000000000100000000000000000000000000000
0000000000000000000000000000000000000000000000000000000000000000000000000000000000000001100000000000000000000000000000000
0000000000000000000000000000000000000000000000000000000000000000000000000000010000000010000000000000000000000000000000000
0000000000000000000000000000000000000100000000000000000000000000000000000000000000100000000000000000000000000000000000000
0000000000000000000000000000000000000000000000000000000000000000000000001000000001000000000000000000000000000000000000000
0000000000000000000000000000000000000000000000000000000000000000000001000010000100000000000000000000000000000000000000000
0000000000000000000000000000000000001010000000000000000000000000000000100001100000000000000000000000000000000000000000000
0000000000000000000000000001000000000000000000000000100000000001000010000000000000000000000000000000000000000000000000000
0000000000000000000000000000000000000000000000000000000000000000011000000000000000000000000000000000000000000000000000000
0000000000000000000000000000000000000000000000000000000000100000100000000000000000000000000000000000000000000000000000000
0000000000000000000000000000000000000001000000000010000000011000000000000000000000000000000000000000000000000000000000000
0000000000000000000000000000000000000000000000000000000011000000000000000000000000000000000000000000000000000000000000000
0000000000000000000000000000000000000000000000000000001100000000000000000000000000000000000000000000000000000000000000000
0000000000000000000000000000000000000000000000000100010000000000000000000000000000000000000000000000000000000000000000000
0000000000000000000000000000000000000000000000011000000000000000000000000000000000000000000000000000000000000000000000000
0000000000000000000000000000000000000000000001100000000000000000000000000000000000000000000000000000000000000000000000000
0000000000000000000000000000000000000000000110000000000000000000000000000000000000000000000000000000000000000000000000000
0000000000000000000000000000000000010000001000000000000000000000000000000000000000000000000000000000000000000000000000000
0000000000000000001000000000001000000000010000000000000000000000000000000000000000000000000000000000000000000000000000000
0000000000000000000000000000000001100000000000000000000000000000000000000000000000000000000000000000000000000000000000000
0000000000000000000000000000000110000000000000000000000000000000000000000000000000000000000000000000000000000000000000000
0000000000000000000000011000000000000000000000000000000000000000000000000000000000000000000000000000000000000000000000000
0000000000000000000001100000000000000000000000000000000000000000000000000000000000000000000000000000000000000000000000000
0000000000000100000010000000000000000000000000000000000000000000000000000000000000000000000000000000000000000000000000000
0000001000000010000000000000000000000000000000000000000000000000000000000000000000000000000000000000000000000000000000000
0000000000011000000000000000000000000000000000000000000000000000000000000000000000000000000000000000000000000000000000000
0000000001100000000000000000000000000000000000000000000000000000000000000000000000000000000000000000000000000000000000000
0001000100000000000000000000000000000000000000000000000000000000000000000000000000000000000000000000000000000000000000000
0110000000000000000000000000000000000000000000000000000000000000000000000000000000000000000000000000000000000000000000000
