0000000110000000000100000000000000000000000000000000000000000000000000000000010000000000100000000001110000000000000000000
0000000000100000000000000000000001000000000000000000000000000000000000000000000000000000000000000000000000000000000000000
0000000000000000000000000000000000000000000000000000000000000000000000000000000000100000000000000000001111110000000000000
0000000000000000000000000000000000000000000000000000000000000000000000000000000000000000000111111110000000000000000000000
0000000000000000000000000000000000000000000000000100000001111000000100010000000000000000000000000000000000000000000000000
0000000000000000000000000000000000000000000000000000000000000000000000000000000000000000000000000000000000001100000000011
0000000001000000000001000000000010000000000100000000000000000000000000000000000000000000000000000000000000000000000000000
0000000000000000000000000000000000000000000000000000000000000000000011100000001111000000011000000000000000000000000000000
0000000000000000000000000000000000000000000000000000000000000010000000001100000000011111000000000000000000000000000000000
0000000000000000000000000000000000000000000000000000000000000000000000000000000000000000000000000000000000000000011110000
0000000000000000000000000000000000000000000000000000001000000000110000000011100000000000000000000000000000000000000000000
0000000000000000000000011000000000110000000000000000000000000000000000000000000000000000000000000000000000000000000000000
0000000000000000000000000000000000000000000000000000000110000000001000000000000000000000000000000000000000000000000000000
0000000000000000000010000000001100000000011000000000110000000001000000000000000000000000000000000000000000000000000000000
0000000000000000000000000111000000001110000000000000000000000000000000000000000000000000000000000000000000000000000000000
0110000000001000000000000000000000000000000000000000000000000000000000000000000000000000000000000000000000000000000000000
0000000000000000000000000000000000000000000001111000000000000000000000000000000000000000000000000000000000000000000000000
0000000000000000000000100000000000000000000000000000000000000000000000000000000000000000000000000000000000000010000001100
0001111000000111100000000000000000000000000000000000000000000000000000000000000000000000000000000000000000000000000000000
1000000000010000000000000000000000000000000010000000000000000000000000000000000000000000000000000000000000000000000000000
0000000000000000000000000000000000000000000000000000000000000000000000000000000000000000000000000000000000000001100000000
0000000000000000011000000000110000000001100000000011000000000100000000000000000000000000000000000000000000000000000000000
