0110000000000000000000000000000000000000000000000000000000000000000000000000000000000000000000000000000000000000000000000
0000000000000000000000000000000000000000000000000000000000000000000000000000000000000100000000010000001111000000001110000
0000000000000000000000000000000000000000000000000000000000000000000000000000000000000000000000000010000000001000000001100
0000000000000000011110000000000100000000000000000000000000000000000000000000000000000000000000000000110000000000110000000
0000000000000011000000001100000000010000000001000000000000000000000000000000000000000001000000000100000000010000000000000
0000000000000000000000000000000000000000001000000000011000000000110000000001100000000010000000001000000000100000000000000
0000000000000000000000000000000000000000000000000000000000000000000000000000000000000000000000000001000000000001000000000
0000000000000000000000000000000001000000000000000000000000000000000000000000000000000000000000000000000000000000000000010
0000000000000000000000000000000000000000000000000000100000000011000000000110000000011000000011100000000000000000000000000
0000000000000000000000000000000000000000000000000000000000000000000010101000000101100000001000000000000000000000000000000
0000000000000000000000000000000000000000000000100000000011100000000101000000001010000000010100000000000000000000000000000
0000000000000000000000100000000000000000000000000000000000000000000000000000000000000000000000000000000000000110000000000
0000000000000000100000000011000000001110000000011100000000010000000000000000000000000000000000000000000000000000000000000
0000000000000000000000000000111010000001110100000001000000000000000000000000000000000000000000000000000000000000000000000
0000111110000000000000000000000000000000000000000000000000000000000000000000000000000000000000000000000000000000000000000
0000000001100000000001000000000000000000000000000000000000000000000000000000000000000000000000000000000000000000000000000
1000000000010000000000000000000000000000000000000000000000000000000000000000000000000000000000000000000000000000000000001
0001000000001100000000010000000000100000000000000000000000000000000000000000000000000000000000000000000000000000000000000
0000000000000000000000000000000000000000000000000010000000001100000000010000000000000000000000000000000000000000000000000
0000000000000000000000000000000000000000000010000000000100000000001000000000010000000000100000000000000000000000000000000
