0000000000000000000000000000000000000000000000000000000000000000000000000000000000000000000000000000011111000000000111000
0000000000000000000000000000000000000000000000000000000000000000000000000010000000001110000000111100000000110000000000000
0000000000000000000001000000000010000000000000000000000000000000000000000000000000000000000000000000000000000000000000000
0011111110000000000000000000000000000000000000000000000000000000000000000000000000000000000000000000000000000000000000000
0000000000000000011100000000111000000001110000000001000000000000000000000000000000000000000000000000000000000000000000000
0000000000000000000000000000000000000000000000000000000000000000000000000000000000000000000111000000000000000001111000000
0000000000000000000000000000000000000000000000000000000000000011000001111101000000010000000000000000000000000000000000000
0000000000000000000000000000000000000000000000000000000000000000000000000000001111100000011000000000000000000000000000000
0000000000000000000000000000000000000000000000000000000001111100000010000000000000000000000000000000000000000000000000000
0000000000000000000000000000000001110000000011000000000000000000000000000000000000000000000000000000000000000000000000000
0000000000000000000000000000000000001110000000111110000000000000000000000000000000000000000000000000000000000000000000000
0000000000000000000000000000000000000000000000000000000110000000001100000000000000000000000000000000000000000000000000000
0000000000000000000000000000000000000000000000000000010000000000100000000000100000000001000000000010000000000000000000000
0000000000000000000000000000000000000000000000000000000000000000010000000000000000000000000000000000000000000010000000000
0000000000011000000000100000000000000000000000000000000000000000000000000000000000000000000000000000000000001000000000100
1100000000100000000000000000000000000000000000000000000000000000000000000000000000000000000000000000000000000000000000000
0000000000000000000010000000000100000000001000000000100000000000000000000000010000000000100000000001100000000000000000000
0000000000000111100000011111000000000000000000000000000000000000000000000000000000000000000000000000000000000000000000000
0000000001000000000000000000000000000000000000000000000000000000000000000000000000000000000000000000000000000100000000010
0000000000000000000000000000000000000000000100000000001000000000000000000000000000000000000000000000000000000000000000001
