0000000000000000000000000000000010000000000100000000000000000000000000000000000000000000000000000000000000000000000000000
0100000000000000000100000000000000000000000000000000000000000000000000000000000000000000000000000001000000000000000000000
0000000000000000000000000000000000000000000000000000000000000000000000001000000000011000000000110000000001100000000011000
0000000000000000000000000000000000000000000000000000000000000000000000000000000000100000000011000000001110000000111100000
0010000000010000000000000000000000000000000000000000000000000000000000000000000000000000000000000000000000000000000000000
0000000000000000000000000000000000000000000000000000000000000000000000000000100000000001000000000000000000000000000000000
0000000000000000000000000000000000000000000000000010000000001100000001110000000011000000000000000000000000000000000000000
0000000000000111111000000000000000000000000000000000000000000000000000000000000000000000000000000000000000000000000000000
0000000010000000000000000000000000000000000000000000000000000000000000000000000000000000000000000000000000000100000000000
0000000000000000000000000000000000000000000000000000000000000000000000000001000000000110000000001000000000010000000000100
0000000000000000000000000000001100000000011000000000110000000011000000000110000000000000000000000000000000000000000000000
0000000000000000000000000000000000000000100000000001001000000000110000000000000000000000000000000000000000000000000000000
1000100000000000000010000000000000000000000000000000000000000000000000000000000000000000000000000000000000000000000000000
0000000000000000000000000000000000000000000000000000000000000000000000000000000000000000001100000000110000000001000000000
0000000000000000000000100000000001100000000011000000000100000000000000000000000000000000000000000000000000000000000000000
0000000000000000000000000000000000011111000000111100000000000000000000000000000000000000000000000000000000000000000000000
0000000100000000000000000000000000000000000000000000000000000000000000000000000000000000100000000000000000000000000000000
0000010001000000000000000000000000000000000000000000000000000000000000000000000000000000000000000000000000000000000000001
0000000000000000000000011111110000000000000000000000000000000000000000000000000000000000000000000000000000000000000000000
0000000000000000000000000000000000000000000000000000000011110000000110000000000000000000000000000000000000000000000000000
0000000000000000000000000000000000000000000000000000000000000000000000000000000000000000000000000010000000000010000000000
0001000000101000000000000000000000000000000000000000000000000000000000000000000000000000000000000000000000000000000000000
0000000000000000000000000000000000000000000000000000000000000000000000000000000000000000000000000100000000001000000000010
0000000000000000000000000000000000000000000000000000000000000000000000000000001100000000010000000000000000000000000000000
0000001000000000000001000000000000000000000000000000000000000000000000000000000000000000000000000000000000000000000000000
0000000000000000000000000000000000000000000000000000000000000000001000000000010000000000000000000000000000000000000000000
