1000000000000000000000000000000000000000000000000000000000000000000000000000000000000000000000000000000000000000000000011
0000000000000000000000000000000000000000000000000000000000000000000000000000000000000000000000000000000000000000000111100
0000000000000000110000000010000000000000000000000000000000000000000000000000000000000000000000000000000000000000011000000
0000000000000000000000000000000000000000000000000000000000000000000000000000000000000000001000000000110000000000100000000
0000000000000000000000000000000000000000000000000000000000000000000000000000000000000000000000000000000000001111000000000
0000000000000000000000000000000000000000000000000000000000000000000000000000000000000000000000000001001000110000000000000
0000000000000000001100000000000000000100000000000000000000000000000000000000000000000000000000000000000011000000000000000
0000000000000000000000000000000000000000000000000000000000000000000000000000000001100000000010000000000100000000000000000
0000000000000000000000000000000000000000000000000000000000000000000000000000000000000000000000011110000000000000000000000
0000000000000000000000000000000000000000000000000000000000000000000000110000000010000000000000100000000000000000000000000
0000000000000000000000000000000000000000000000000000000000000000000000000000000000000000110101000000000000000000000000000
0000000000000000000000000000000000000000000000000000000000000000000000000000000000001111000000000000000000000000000000000
0000000000000000000000000000000000000000000000000000000000000010000000001000000100010000000000000000000000000000000000000
0000000000000000000000000000000000000000000000000000000000000000000000000001111000000000000000000000000000000000000000000
0000000000000000000000000000000000000000000000000000000000000000000110000110000000000000000000000000000000000000000000000
0000000000000000000000000000000000000000000000010010000000100000000001000000000000000000000000000000000000000000000000000
0000000000000000000000000000000000000000000000000000000000000001111000000000000000000000000000000000000000000000000000000
0000000000000000000000000000000000000000000000001001000000001100000000000000000000000000000000000000000000000000000000000
0000000000000000000000000000000000000000000000000000000111010000000000000000000000000000000000000000000000000000000000000
0000000000000000000000000000000000000000000001100000011000000000000000000000000000000000000000000000000000000000000000000
0000000000000000000000000000000000000000001100000100100000000000000000000000000000000000000000000000000000000000000000000
0000000000000000000000000000000000001011000010000000000000000000000000000000000000000000000000000000000000000000000000000
0000000000000000000000000001001010000000010000000000000000000000000000000000000000000000000000000000000000000000000000000
0000001100000000000000000000010000000000100000000000000000000000000000000000000000000000000000000000000000000000000000000
0000000000000000000000000000000101110000000000000000000000000000000000000000000000000000000000000000000000000000000000000
0000000000000000000000011100100000000000000000000000000000000000000000000000000000000000000000000000000000000000000000000
0000000000000001000011100000000000000000000000000000000000000000000000000000000000000000000000000000000000000000000000000
0000000000011110000000000000000000000000000000000000000000000000000000000000000000000000000000000000000000000000000000000
0000010011100000000000000000000000000000000000000000000000000000000000000000000000000000000000000000000000000000000000000
0111100000000000000000000000000000000000000000000000000000000000000000000000000000000000000000000000000000000000000000000
