0000000000000000000000000000000000000000000000000000000000000000000000000000000000000000000000000000000000000000000001111
0000000000000000000010000110000000000000000000000000000000000000000000000000000000000000000000010000000000000000000010000
0000000000000000000000000000000000000000000000000000000000000000000000000000000000000000000000000000000000000000111100000
0000000000000000000000000000000000000000000000000000000000000000000000000000000000000000000000000000000000001111000000000
0000000000000000000000000000000000000000000000000000000000000000000000000000000000000000000000000000000110110000000000000
0000000000000000000000000000000000000000000000000000000000000000000000000000000011000000000000100000000001000000000000000
0000000000000000000000000000000000000000000000000000000000000000000000000000000000000000000000000001111000000000000000000
0000000000000000000000000000000000000000000000000000000000000000000000000000000000000000000001001110000000000000000000000
0000000000000000000000000000000000000000000000000000000000000000000000000000000000000000011110000000000000000000000000000
0000000000000000000000000000000000000000000000000000000000000000000000000000000000000111100000000000000000000000000000000
0000000000000000000000000000000000000000000000000000000001000011000000000000000000001000000000000000000000000000000000000
0000000000000000000000000000000000000000000000000000000000000100000000100000000000110000000000000000000000000000000000000
0000000000000000000000000000000000000000000000000000000000000000000000011100000100000000000000000000000000000000000000000
0000000000000000000000000000000000000000000000000000000000000000000000000001111000000000000000000000000000000000000000000
0000000000000000000000000000000000000000000000000000000000000000011100000010000000000000000000000000000000000000000000000
0000000000000000000000000000000000000000000000010000000000100000000011000000000000000000000000000000000000000000000000000
0000000000000000000000000000000000000000000000000000000010011000100000000000000000000000000000000000000000000000000000000
0000000000000000000000000000000000000000000000000001011100000000000000000000000000000000000000000000000000000000000000000
0000000000000000000000000000000100001000010000000000100000000000000000000000000000000000000000000000000000000000000000000
0000000000000000000000000000000000000011000000001010000000000000000000000000000000000000000000000000000000000000000000000
0000000000000000000000000000000000000000000011100100000000000000000000000000000000000000000000000000000000000000000000000
0000000000000000000000000000000000010000101100000000000000000000000000000000000000000000000000000000000000000000000000000
0000000000000000010000000001100000000100000000000000000000000000000000000000000000000000000000000000000000000000000000000
0000000000000000000000000000001011100000000000000000000000000000000000000000000000000000000000000000000000000000000000000
0000000000000000000000111000010000000000000000000000000000000000000000000000000000000000000000000000000000000000000000000
0000000000000000101101000000000000000000000000000000000000000000000000000000000000000000000000000000000000000000000000000
0000000000001111000000000000000000000000000000000000000000000000000000000000000000000000000000000000000000000000000000000
0000000011110000000000000000000000000000000000000000000000000000000000000000000000000000000000000000000000000000000000000
0000111100000000000000000000000000000000000000000000000000000000000000000000000000000000000000000000000000000000000000000
1111000000000000000000000000000000000000000000000000000000000000000000000000000000000000000000000000000000000000000000000
