1110000000000000000000000000000000000000000000000000000000000000000000000000000000000000000000000000000000000000000000011
0000000000000000000000000000000000000000000000000000000000000000000000000000000000000000000000000000000000000000000111100
0000000000000000000000000000000000000000000000000000000000000000000000000000000000000000000000000000000000000001111000000
0000000000000000000000000000000000000000000000000000000000000000000000000000000000000000000000000000000001100110000000000
0000000000000000100000000000000000000000000000000000000000000000000000000000000000000000000000000000010000001000000000000
0000000000000000000000000000000000000000000000000000000000000000000000000000000000000000000000110000000100010000000000000
0000000000000000000000000000000000000000000000000000000000000000000000000000000000000000100000000011000010000000000000000
0000001000000000010000000000010000000000000000000000000000000000000000000000000000000000000000001000001000000000000000000
0000000000000000000000000000000000000000000000000000000000000000000000000000000000000000000110000100100000000000000000000
0000110000000010000000000000000000000000000000000000000000000000000000000000000000000000000001000000000000000000000000000
0000000000000000000000000000000000000000000000000000000000000000000000000000000100011000001000000000000000000000000000000
0000000000000000000000000000000000000000000000000000000000000000000000000000000000100110010000000000000000000000000000000
0000000000000000000000000000000000000000000000000000000000000000000000000000111000000001000000000000000000000000000000000
0000000000000000000000000000000000000000000000000000000000000100000000000010000011000000000000000000000000000000000000000
0000000000000000000000000000000000000000000000000000000000000000001110000001000000000000000000000000000000000000000000000
0000000000000000000000000000000000000000000000000000000000000000000000111100000000000000000000000000000000000000000000000
0000000000000000000000000000000000000000100000000001000000000010000001000000000000000000000000000000000000000000000000000
0000000000000000000000000000000000000000000000000000000000001001110000000000000000000000000000000000000000000000000000000
0000000000000000000000000000000000000000000000000000000011110000000000000000000000000000000000000000000000000000000000000
0000000000000000000000000000000000000000000000000000111100000000000000000000000000000000000000000000000000000000000000000
0000000000000000000000000000000000000000000000011110000000000000000000000000000000000000000000000000000000000000000000000
0000000000000000000000000000000000000000000111100000000000000000000000000000000000000000000000000000000000000000000000000
0000000000000000000000000000000000000111001000000000000000000000000000000000000000000000000000000000000000000000000000000
0000000000000000001000000001001000000000010000000000000000000000000000000000000000000000000000000000000000000000000000000
0000000000000000000000000000000001111000000000000000000000000000000000000000000000000000000000000000000000000000000000000
0000000000000000000000000010100110000000000000000000000000000000000000000000000000000000000000000000000000000000000000000
0000000000000000000000111100000000000000000000000000000000000000000000000000000000000000000000000000000000000000000000000
0000000000000001000111000000000000000000000000000000000000000000000000000000000000000000000000000000000000000000000000000
0000000000111100000000000000000000000000000000000000000000000000000000000000000000000000000000000000000000000000000000000
0001000111000000000000000000000000000000000000000000000000000000000000000000000000000000000000000000000000000000000000000
