0000000000000010000000001000000000100000000000000000000000000000000000000010000000000100000000001000000000010000000000100
0000000000000000000000000000000000000000000000000000000000000000000000000000000000001000000001010000000110100000001101000
0000000000000000000000000000000000000000000000000000000000000000000000001000000000110000000000100000000001000000000010000
0000000000000000000000000000000000000000100000000111000000000110000000000100000000000000000000000000000000000000000000000
0000000000000000000000000000000000000000000000000000000000000000010000000000100000000001000000000000000000000000000000000
0000001000000000000000000000000000000000000000000000000000000000000000000000000000000000000000000000000000000010000000000
0000000000000000000000000000000000000000000000000000000000000000000000000000010000000000110000000000100000000000000000000
0000000000000000000000000000000000000000000000000000000000111000000011110000000011000000000000000000000000000000000000000
0000000000000000000000000000000000000000000001000000000110000000001100000000001100000000000000000000000000000000000000000
0010000001000000000000000000000000000000000000000000000000000000000000000000000000000000000000000000000000000000000000000
0100000000000000000000100000000000000000000000000000000000000000000000000000000000000000000000000000000000000001000000000
0000000000000000000000000110000000011100000000111000000001000000000000000000000000000000000000000000000000000000000000000
0000000000000000000000000000000000000000000000000000000000000000100000000001000000000010000000000100000000001000000000010
0000000000000000000000000000000000000000000000000000000000000000000000000000000000000000000000000010000000000100000000001
0000000000000000001100000000001100000000011000000000110000000001000000000000000000000000000000000000000000000000000000000
0000000000000100000000010000000001000000000010000000000000000000000000000000000000000000000000000000000000000000000000000
0000000000000001110000000001110000000011000000000000000000000000000000000000000000000000000000000000000000000000000000000
0000100000010000000000000000000000000000000000000000000000000000000000000000000000000000000000000000000000000000000000000
1000000000001000000000000000000000000000000000000000000000000000000000000000000000000000000000000000000000000000000000000
0000000000000000000000000000000000000000000000000000000000000000000000000000000000000000001110000000011000000000110000000
0000010000000000000000000000000000000000000000000000000000000000000000000000000000000000000000000001000000000000000000000
0000000110100000000000000000000000000000000000000000000000000000000000000000000000000000000000000000000000000000000000000
0001000000000000000001000000000000000000000000000000000000000000000000000000000000000000000000000000000000000000000000000
0000000000000000000010000000000010000000000100000000001000000000000000000000000000000000000000000000000000000000000000000
