0010000100000000000000000000000000000000000000000000000000000000000000000000000000000000000000000000000000000000000000000
0000000000000000000000000000000000000000000000000000000000000000000000000100000000011000000000110000000001100000000011000
0000000000000000000000000000000000000000000000000000000000000000000000000000000000000000000011000000001110000000111100000
0000000000000000000000000000000000000000000000000000000000000000000000000000000000000000000000000100000000001000000000010
0000100000100000000000000000000000000000000000000000000000000000000000000000000000000000000000000000000000000000000000000
0000000000000000000000000000000000000000000000000000000000000000100000000011000000000110000000001000000000000000000000000
0000000000000000000000000000000000000000000000000000000000000000000000000000000000000001000000000001000000000100000000000
0000000000000000000000000000000010000000000100000000001000000000000000000000000000000000000000000000000000000000000000000
0000000000000000000000000000000000000000000000000000000000000000000000000000000000000000001100000000110000000001000000000
0000010000010000000010000000000000000000000000000000000000000000000000000000000000000000000000000000000000000000000000000
0001000001000000000000000000000000000000000000000000000000000000000000000000010000000000000000000000000000000000000000000
0000000000000000000000000000001100000000011000000001110000000011000000000000000000000000000000000000000000000000000000000
0000000000000000000000000000000000000000000001111100000011100000000000000000000000000000000000000000000000000000000000000
0000000000000000000000000000000000000000000000000000000000010000010000000000100000000000000000000000000000000000000000000
0000000000001000000000000000000000000000000000000000000000000000000000000000000000000000100000000000000000000000000000000
0000000000000000000001000000000000000000000000000000000000000000000000000000000000000000000000000000000000000010000000000
0000000000000000000000000000000001111111100000000000000000000000000000000000000000000000000000000000000000000000000000000
0000000000000000000000000000000000000000000000000000000000000000000111000000001110000000000000000000000000000000000000000
0000000000000111111000000000000000000000000000000000000000000000000000000000000000000000000000000000000000000000000000000
0000000000000000000000000000000000000000000010000000000100000000001000000000000000000000000000000000000000010000000000100
0000000000000000000000111111110000000000000000000000000000000000000000000000000000000000000000000000000000000000000000000
0000000010000000000100000000000000000000000000000000000000000000000000000000000000000000000000000010000000000000000000001
0000000000000000000000000000000000000000000000000010000000001100000000111000000001100000000000000000000000000000000000000
0000001000000000000000000000000000000000000000000000000000000000000000000000000000000000010000000000000000000000000000000
1100000000000000000000000000000000000000000000000000000000000000000000000000000000000000000000000000000000000000000000000
