0000000000000000000000000000000001000000000010000000000100000000000000000000000000000000000000000000000000000000000000000
0000000000000100000000010000000000100000000000000000000000000000000000000000000000000000000000000010000000001000000000100
0000000000000010000000001000000000000000000000000000000000000000000000000000000000000001000000000100000000010000000111000
0000000000000000001100000000001100000000000000000000000000000000000000000000000000000000010100000000110000000000110000000
0000000000000000000000000000000000000000000000000000000000000000000000000110000000011010000011101000000000100000000000000
0000000000000000110000000010000000000000000000000000000000000000000000000000000000000100000000010000001111000000001000000
0000000000000001000000000100000000011000000001100000000011000000000100000000001000000000000000000000000000000000000000000
0000000000000000000000000000000000000000000000000010000000001100000000010000000000000000000000000000000000000000000000000
0000000000100000000000100000000000000000000000000000000000000000000000000000000000000000000000000000000000000000000000001
0000000000000000000000000000000000000000100000000001000000000010000000101000000001100000000000000000000000000000000000000
0000000000000000000000000000000000000111000000011100000000110000000001000000000010000000000000000000000000000000000000000
0000000000000000000000000000000000000000011000000000111000000001110000000001100000000000000000000000000000000000000000000
0000000000000000000000000000000000000000000000000000000000000000000000000000000000000000000000000000000000000110000000010
0011100000001000000000000000000000000000000000000000000000000000000000000000000000000000000000000000000000000000000000000
1100000000010000000000000000000000000000000000000000000000000000000000000000000000000000000000000000000000000000000000000
0000000011000000000011000000000010000000000100000000000000000000000000000000000000000000000000000000000000000000000000000
0000000000000000000000000000000000000000000000000000000000000000001010000000010100000000101000000000000000000000000000000
0000000000000000000000000000000000000000000000000000000000000000000000000000000000000000000000000001000000000001000000000
0000011100000000000000000001110000000000000000000000000000000000000000000000000000000000000000000000000000000000000000000
