0000000000000000000001000000000010000000000000000000000000000000000000000000000000000000000000000000000000000000000000000
0000000000000000000000000000000000000000000000000000000000000000000000000000000000000000000111000000000000000001111100000
0000000000000000000000000000000000000000000000000000000000000000000000000000000000001000000000111000000001110000000011000
0000000000000000000000000000000001110000000011100000000000000000000000000000000000000000000000000000000000000000000000000
0000000110000000000010000000000000000000000000000000000000000000000000000000010000000000100000000001000000000000000000000
0000000000000000000000000000000000000000000000000000000000000000000000000000001000000000011000000000111110000000000000000
0000000000000111110000001111100000000000000000000000000000000000000000000000000000000000000000000000000000000000000000000
0000000001010000000000000000000000000000000000000000000100000000000000000000000000000000000000000000000000000000000000000
0011111000000000000000000000000000000000000000000000000000000000000000000000000000000000000000000000000000000000000000000
0000000000000000000000000000000000000000000000000000000000001111000000001110000000010100000000000000000000000000000000000
0000000000000000000000000000000000000000000000000000000000000000000000000000000000000000000000000000000000000100000000110
0000000000000000000000000000000000000000000100000000010000000000000000000000000000000000000000000000000000000000000000000
0000000000000000001100000000011100000000111000000001100000000000000000000000000000000000000000000000000000000000000000000
0000000000000000000000000000000000001111000000011110000000000000000000000000000000000000000000000000000000000000000000000
0000000000000000000000000000000000000000000000000000000010000000001100000000000000000000000000000000000000000000000000000
0000000000000000000000000000000000000000000000000000000001110000000011110000000000000000000000000000000000000000000000000
0000000000001000000000110000000000000000000000000000000000000000100000000001000000000010000000000100000000001000000000000
0000000000000000000000000000000000000000000000000000000000000000000000000000000111100000000000000000000000000000000000000
0000000000000000000000000000000000000000000000000000000000000000010000000000100000000001000000000010000000000000000000000
1000000000000000000000000000000000000000000000000000000000000000000000000000000000000000000000000000000000000010000000001
0100000000100000000000000000000000000000000000000000001000000000000000000000000000000000000000000000000000000000000000000
