0000000010000000111110000011000100000100010000001001100000011110000000011000000001110000001101100000011110000000010000000
0000001100000000111100000011000110000110011100000111110000001110000001111000000110110000011001100000111110000000100000000
0000000000000000111110000111011100011000111000111011100000011110000001111110000111001100001100110000011111000000111100000
0000000000000000111100000011111100001100001100011001110000111111000000111000000011110000001101110000011001100000011111000
0000000000000000100000000111110000001000110000011001100000011110100000110000000001100000000010100000000111000000001110000
0000000000000000011000000001111110000110011000001001110000011110000000111000000011100000001111000000010010000000111100000
0000000000000001110000000011111000000111110000001101100000011110000000111000000011110000000101100000001111000000011100000
0000000000000001110000000111111000001000010000011000100000010011000000011100000001110000000111000000001010000000011100000
0000000000000000011110000001100100000110001000001100110000011110000000011000000001110000001101100000010010000000111100000
0000000000000000000000000000011110000111000100111000010011000011000011101100000001110000000011100000001110000000000000000
