0000000000000001111110000111101110011100001101110000011011000000110110000001101100000110011000011100111111110000111110000
0000000000000000001110000001111100001111111000111100110001100001100111000011001110011100011111111000111111000000111000000
0000000010000000011110000011101100001110011000011000110001100001100110000010001000001100010000110000111111000000111000000
0000011000000001111000001110011000011100011000110000110001100000100011000001000110000110000110011100001111110000000110000
0000000000000000011000000001001000000010000000001000000000010010000001000000000010010000000101000000001110000000001000000
0000000000000000111000000011111000001100011000110000011001000000010110000001101100000110011000011000011111000000000000000
0000001000000000011100000001101000000110010000011000110000100001000011000110000100001100011001110000011111000000011000000
0000000000000000000000000000110000000100100000011001100000100011000001000100000010010000000101100000001110000000000000000
0000100000000011110000001100111000010000011001000000010010000000111100000001101000000010011000001100011111110000000000000
0000011000000001111000000100010000001000110000110000100001000001000010000011000100000100000100001000001111100000000110000
