7.682682991027832
3.1759681701660156
2.7152841091156006
2.6998770236968994
2.751417875289917
2.71423602104187
2.747183084487915
2.9517908096313477
2.7456037998199463
2.7198598384857178
2.7198290824890137
2.9487478733062744
2.7595560550689697
2.7238197326660156
2.757436990737915
2.732316017150879
2.8172800540924072
2.7441437244415283
2.7540972232818604
2.7319822311401367
2.7363460063934326
2.7677969932556152
2.7364840507507324
2.7264790534973145
2.7717859745025635
2.775264024734497
2.691047191619873
2.7669191360473633
2.714812755584717
2.7206568717956543
2.7221498489379883
2.6971349716186523
2.734945774078369
2.8125600814819336
2.7038490772247314
2.7267191410064697
2.724982976913452
2.725480794906616
2.6965291500091553
2.7298312187194824
2.7464590072631836
2.7136192321777344
2.6800997257232666
2.684859037399292
2.7200989723205566
2.738862991333008
2.7227530479431152
2.7727479934692383
2.7054498195648193
2.704087018966675
