5.994303941726685
6.019015789031982
5.889730930328369
6.8186469078063965
6.077148914337158
5.9499831199646
6.119799852371216
5.891180992126465
6.239172697067261
5.90743088722229
6.000375032424927
5.9284820556640625
5.938071012496948
5.9700798988342285
5.9926111698150635
5.945413827896118
5.918271064758301
5.90250301361084
5.96301794052124
5.998459815979004
5.860008001327515
5.983587026596069
5.932154178619385
6.213388204574585
5.908338785171509
5.941366910934448
5.928475856781006
5.898147106170654
5.902196884155273
5.967854738235474
6.064199924468994
5.861629009246826
5.939279794692993
5.940314054489136
5.919548034667969
6.008927822113037
5.931572914123535
5.99689793586731
5.865004062652588
5.94659423828125
5.907250881195068
6.006361961364746
6.403931140899658
5.969977855682373
5.872684717178345
6.178387880325317
5.896709680557251
6.0829620361328125
5.993303060531616
6.1053478717803955
