0000000000000000000000000000000000000000000000000000000100000000000000000000000000000000000000000000000000000000000000001
0000000000000000000000000000000000000000000010000000000000000000000000000000000000000000000000000000000000000000000000010
0000000000000000000000010000000000000000000000000000000000000000000000000000000000000000000000000000000000000000000001100
0000000000000000000000000000000000000000000000000000000000000000000000000000000000000000000000000000000000000000001110000
0000000000000000000000000000000000000000000000000000000000000000000000000000000000000000000000000000000000000000110000000
0000000000000000000000000000000000000000000000000000000000000000000000000000000000000000000000000000000000000001000000000
0000000000000000000000000000000000000000000100000000000000000000000000000000000000000000100000000001000000000010000000000
0000000000000000000000000000000000000000000000000000000000000000000000000000000000000000000000000000000000011100000000000
0000000000000000000000000000000000000000000000000000000000000000000000000000000000000000000000000000001111100000000000000
0000001100000000001000000000000000000000000000000000000000000000000000000000000000000000000000000000110000000000000000000
0000000000000000000000000000000000000000000000000000000000000000000000000000000000000000000000001110000000000000000000000
0000000000000000000000000000000000000000000000000000000000000000000000000000000000000000000111110000000000000000000000000
0000000000000000000000000000000000000000000000000000000000000000000011000000001100000000011000000000000000000000000000000
0000000000000000000000000000000000000000000000000000000000000000000000000000000000011111000000000000000000000000000000000
0000000000000000000000000000000000000000000000000000000000000000000000111000000011100000000000000000000000000000000000000
0000000000000000000000000000000000000000000000000000000000000000001100000000010000000000000000000000000000000000000000000
0000000000000000000000000000000000000000000000000000000000000000100000000011100000000000000000000000000000000000000000000
0000000000000000000100000000001000000000010000000000100000000011000000000100000000000000000000000000000000000000000000000
0000000000100000000000000000000000000000000000000000001000000000010000000000000000000000000000000000000000000000000000000
0000000000000000000000000000000000000000000000000010000001111100000000000000000000000000000000000000000000000000000000000
0000000000000000000000000000000000100000000001000000000010000000000000000000000000000000000000000000000000000000000000000
0000000010000000000010000000000100000000001000000000010000000000000000000000000000000000000000000000000000000000000000000
0000000000000000000000000000010000000000100000000001000000000000000000000000000000000000000000000000000000000000000000000
0000000000000000000000000000000000000000000000111100000000000000000000000000000000000000000000000000000000000000000000000
0000000000000000010000000001100000000111000000000000000000000000000000000000000000000000000000000000000000000000000000000
0000000000000000000000001110000000011000000000000000000000000000000000000000000000000000000000000000000000000000000000000
0000000000000000000000100000000001000000000000000000000000000000000000000000000000000000000000000000000000000000000000000
0000000001000000000001000000000010000000000000000000000000000000000000000000000000000000000000000000000000000000000000000
0000000000001111100000000000000000000000000000000000000000000000000000000000000000000000000000000000000000000000000000000
1000000000010000000000000000000000000000000000000000000000000000000000000000000000000000000000000000000000000000000000000
0111110000000000000000000000000000000000000000000000000000000000000000000000000000000000000000000000000000000000000000000
