0000000000000000000000000000000000000000000000000000000000000000000000000000000000000000000000000000000000000000000000011
0000000000000000000000000000000000000000000000000000000000000000000000000000000000000000000000000000000000001000000011100
0000000000000000000000000000000000000000000000000000000000000000000000000000000000000000000000000000000000000001111100000
1000000000000000000000000000000000000000000000000000000000000000000000000000000000000000000000000000000000000010000000000
0000000000000000000000000000000000000000000000000000000000000000010000000000000000000000000000000000000000000100000000000
0000000000000000000000010000000000000000000000000000000000000000000000000001000000001010000000000100000000010000000000000
0000000000000000000000000000000000000000000000000000000000000001000000000010000000010100000000101000000000100000000000000
0000000000000000000000000000000000000000000000000000000000000000000000000000000000000000000000010000001111000000000000000
0000000000000000000000000000000000000000000000000001100000000000000000000000000000000000010000000000110000000000000000000
0000001100000000000000000000000000000000000000000000000000000000000000000000000000000000000000000001000000000000000000000
0000000000000000000000000000000000000000000000000000000000000000000000000000000000000001000000000010000000000000000000000
0000000000000000000000000000000000000000000000000000000000000000000000000000000000000000000111000000000000000000000000000
0000000000000000000000000000000000000000000000000000000000000110000000000000000100000000001000000000000000000000000000000
0000000000000000000000000000000000000000000000000000000000000000000000000000011000000000100000000000000000000000000000000
0000000000000000000000000000000000000000000000000000000000000000000000000000000011100000000000000000000000000000000000000
0000000000000000000000000000000000000000000000000000000000000000100000000000100000000000000000000000000000000000000000000
0000000000000000000000000000000000000000000000000000000001111000000000000100000000000000000000000000000000000000000000000
0000000000000000000000000000000000000000000000000000000000000000000011111000000000000000000000000000000000000000000000000
0000000010000000000000000000000000000000000000000000000000000000001100000000000000000000000000000000000000000000000000000
0000000000000000000000000000000000000000000000100000010010000000000000000000000000000000000000000000000000000000000000000
0000000000000000000000000000000000000000000000000000001100000000000000000000000000000000000000000000000000000000000000000
0000000000000000000000000000010000000000100000000010000000000000000000000000000000000000000000000000000000000000000000000
0000000000000000000000000000000000000001000000011100000000000000000000000000000000000000000000000000000000000000000000000
0000000000000000000000000000000001100000000001000000000000000000000000000000000000000000000000000000000000000000000000000
0000000000000000000000000000000000000000000110000000000000000000000000000000000000000000000000000000000000000000000000000
0000000000000000001100000000001100000000011000000000000000000000000000000000000000000000000000000000000000000000000000000
0000000000000000000000000000000000011110000000000000000000000000000000000000000000000000000000000000000000000000000000000
0000000000000000000010000000000010000000000000000000000000000000000000000000000000000000000000000000000000000000000000000
0000000000000000000000001111100000000000000000000000000000000000000000000000000000000000000000000000000000000000000000000
0000000000010000000000100000000000000000000000000000000000000000000000000000000000000000000000000000000000000000000000000
0000000000100000000001000000000000000000000000000000000000000000000000000000000000000000000000000000000000000000000000000
0000000000001111110000000000000000000000000000000000000000000000000000000000000000000000000000000000000000000000000000000
0100000001000000000000000000000000000000000000000000000000000000000000000000000000000000000000000000000000000000000000000
0011110000000000000000000000000000000000000000000000000000000000000000000000000000000000000000000000000000000000000000000
