0000000000000000000000000000000000000000000000000000000000000000000000000000000000000000000000000000000000000000000000011
0000000000001000000000000000000000000000000000000000000000000000000000000000000000000000000000000000000000010000000000100
0000000000000010000000000000000000000000000000000000000000000000000000000000000000000000000000000000000000000000000001000
0000000000000000000000000000000000000000000000000000000000000000000000001000000000010000000000100000000001000000000010000
0000000000000000000000000000000000000000000000000000000000000000000000000000000000100000000001000000000010000000001100000
0000000000000000000000000000000000000000000000000000000000010000000000100000000010000000000000000000000000000000010000000
0000000000000000000010000000000100000000000000000000000000000000000000000000000000000000000000000000000000000000100000000
0000000000000000000000000000000000000000000000000000000000000000000000000000000000000000001000000000100000000001000000000
0000000000000000000000000000000000000000000000000000000000000000000000000000000000000000000000000000000000000110000000000
0000000000000000000000000000000000000000000000000000000000000000000000000000000000000000000000000001000000001000000000000
0000100000000000000000000000000000000000000000000000000000000000000000000000000000001000000000010000000000100000000000000
0000000000000000001000000000010000000000100000000000000000000000000000000000000001000000000010000000001100000000000000000
0000000000000000000100000000001000000000000000000001000000000000000000000000000000000000000100000000010000000000000000000
0000000000000000000000000000000000000000000000000000000000000000000000000000000000000000000000000110000000000000000000000
0000000000000000000000000000000000000000000000000000000000000000000000000000000000000100000000001000000000000000000000000
0000000000000000000000000000000000000000000000000000000000000000000000000000000000000000110000000000000000000000000000000
0000000000000000000000000000000000000000000000000000000000000000000000000000000000000011000000000000000000000000000000000
0000000000000000000000000000000000000000000000000000000000000000000000000000001100000000000000000000000000000000000000000
0000000000000000000000000000000000000000000000000000000000000000000000000000110000000000000000000000000000000000000000000
0000000000000000000000000000000000000000000000000000000000000000000000000011000000000000000000000000000000000000000000000
0000000000000000000000000000000000000000000000010000000000000000000000000100000000000000000000000000000000000000000000000
0000010000000000000000000000000000000000000000000000000000000000000000010000000000000000000000000000000000000000000000000
0000001000000000000000000000000000000000000000000000000000000000000011000000000000000000000000000000000000000000000000000
0000000000000000000000000000000000000000000000000000000000000000001100000000000000000000000000000000000000000000000000000
0000000000000000000000000000000000000000000000000000000000000000110000000000000000000000000000000000000000000000000000000
0000000000000000000000000000000000000000000000000000000001000001000000000000000000000000000000000000000000000000000000000
0000000010000000000000000000000000000000010000000000000000000010000000000000000000000000000000000000000000000000000000000
0000000000000000010000000000100000000001000000000010000000000100000000000000000000000000000000000000000000000000000000000
0000000000000000000000000000000000000000000000000000000000001000000000000000000000000000000000000000000000000000000000000
0000000000000000000000000000000000000000000000000000000000100000000000000000000000000000000000000000000000000000000000000
0000000000000000000000000000000000000000000000000000000110000000000000000000000000000000000000000000000000000000000000000
0000000000000000000000000000000000000000000000000000011000000000000000000000000000000000000000000000000000000000000000000
0000000000000000000000000000000000000000000000100000100000000000000000000000000000000000000000000000000000000000000000000
0000000000000000100000000001000000000010000000000100000000000000000000000000000000000000000000000000000000000000000000000
0000000000000001000000000010000000000100000000001000000000000000000000000000000000000000000000000000000000000000000000000
0000000000000000000000000000000000000000000011000000000000000000000000000000000000000000000000000000000000000000000000000
0000000000000000000000000000000000000000001100000000000000000000000000000000000000000000000000000000000000000000000000000
0000000000000000000000000000000000011000000000000000000000000000000000000000000000000000000000000000000000000000000000000
0000000000000000000000000000000001100000000000000000000000000000000000000000000000000000000000000000000000000000000000000
0000000000000000000000100000000010000000000000000000000000000000000000000000000000000000000000000000000000000000000000000
0000000000000000000000001100000000000000000000000000000000000000000000000000000000000000000000000000000000000000000000000
0000000000000100000000010000000000000000000000000000000000000000000000000000000000000000000000000000000000000000000000000
0000000000010000000001000000000000000000000000000000000000000000000000000000000000000000000000000000000000000000000000000
0000000001100000000000000000000000000000000000000000000000000000000000000000000000000000000000000000000000000000000000000
0000000100000000000000000000000000000000000000000000000000000000000000000000000000000000000000000000000000000000000000000
0011000000000000000000000000000000000000000000000000000000000000000000000000000000000000000000000000000000000000000000000
1100000000000000000000000000000000000000000000000000000000000000000000000000000000000000000000000000000000000000000000000
