0000000000000000000000000000000000000000000000000000000000000000000000000000000000000000000000000000000000000000000000011
0000000000000000000000000000000000000000000000000000000000000000000000000000000000000000000000000000000000000000000001100
0000000000000000000000000000000000000000000000000000000000000000000000000000000000000000000000000000000000000000000110000
0000000000000000000000000000001000000000000000000000000000000000000000000000000000000000000000000000000000000000001000000
0000000000000000000000000000000100000000000000000000000000000000000000000000000000000000000000000000000000000000110000000
0000000000000000000000000000000000000000000000000000000000000000000000000000000000000000000000000000000000000011000000000
0000000000000000000000000000000000000000000000000000000000000000000000000000000000000000000000000000000000001100000000000
0000000000000000000000000000000000000000000000000000000000000000000000000000000000001001000000000100000000110000000000000
0000000000000000000000000000000000000000000000000000000000000000000000000000000000000000000100000000000111000000000000000
0000000000000000000000000000000000000000000000000000000000010000000010000000000100000000001000000000001000000000000000000
0000000000000000000000000000000000000000000000000000000000000000000000000000001000000000010000000000010000000000000000000
0000000000000000000000000000000000000000000000000000000000000000000000000000000000000000000000000001100000000000000000000
0000000000000000000000000000000000000000000000000000000000000000000000000000000000000000100000000010000000000000000000000
0001000000000000000000000000000000000000000000000000010000000000100000000001000000000010000000001000000000000000000000000
0000000000000000000000000000000000000000000000000000000000000000000000000010000000000100000011110000000000000000000000000
0000000000000000000000000000000000000000000000000000000000001100000000111000000001110000000000000000000000000000000000000
0000000000000000000000000000000000000100000000010000000000100000000001000000000010000000000000000000000000000000000000000
0000000000000000000000000000000000000000000000000000000000000000001000000000010000000000000000000000000000000000000000000
0000000000000100000000001000000000000000000000000000001000000000010000000000100000000000000000000000000000000000000000000
0000000000000000000000000000000000000000000000000011100000000011000000000100000000000000000000000000000000000000000000000
0000000000000000000000000000000000000000000001000000000010000000000100000000000000000000000000000000000000000000000000000
0000000000000010000000000100000000010000000000100000000001000000000000000000000000000000000000000000000000000000000000000
0000000000000000000000000000000000000000000010000000000100000000000000000000000000000000000000000000000000000000000000000
0000000010000000000100000000010000000001000000000100000000000000000000000000000000000000000000000000000000000000000000000
0000000100000000011000000001100000000010000000001000000000000000000000000000000000000000000000000000000000000000000000000
1000000000000000000000000000000000000000000100000000000000000000000000000000000000000000000000000000000000000000000000000
0000000000000000000000000000000000000000111000000000000000000000000000000000000000000000000000000000000000000000000000000
0000111000000001100000000010000000001000000000000000000000000000000000000000000000000000000000000000000000000000000000000
0010000000000000000000000000000000100000000000000000000000000000000000000000000000000000000000000000000000000000000000000
0000000000000000000000010000000001000000000000000000000000000000000000000000000000000000000000000000000000000000000000000
0000000001000000000011000000000010000000000000000000000000000000000000000000000000000000000000000000000000000000000000000
0000000000001000000000100000000000000000000000000000000000000000000000000000000000000000000000000000000000000000000000000
0100000000010000000000000000000000000000000000000000000000000000000000000000000000000000000000000000000000000000000000000
0000000000100000000000000000000000000000000000000000000000000000000000000000000000000000000000000000000000000000000000000
