1000000000000000000000000000000000000000000000000000000000000000000000000000000000000000000000000000000000000010000000001
0000000000000000000000000000000001000000000000000000000000000000000000000000000000000000000000000000000000000000000000010
0000000000000000000000000000000000000000000000000000000000000000000000000000000000000000000000000000000000001000000001100
0000000000000001000000000100000000000000000000000000000000000000000000000000000000001000000000010000000000100000000010000
0000000000000000000000000010000000000110000000001000000000010000000000000000000000000000000000000000000001000000000100000
0000000000000000000000000000000000000000000000000000000000000000000000000000001000000000010000000000100000000000001000000
0000000000000000000000000000000000000000000000000000000000000000000000000000000110000000001100000000011000000000110000000
0000000000000000000000000000000000000000000000000000000100000000000000000000000000000000100000000000000000000001000000000
0000100000000000000000000000000000000000000000000000000000000000000000000000000000000000000000000001000000000100000000000
0000000000000000000000000000000000000000000000000000000000000000000000000000000000000110000000001100000000010000000000000
0000000000000000000000000000000000000001100000000010000000000000000000000000000001000000000010000000000110000000000000000
0000000000000000000000000000000000000000000000000000000000000000000010000000100000000001000000000010000000000000000000000
0000000000000000000000000000000000000000000000000000000000001000000000001100000000010000000000100000000000000000000000000
0000000000000000000000000000000000000000000000000000000000000000000000010000000000100000000001000000000000000000000000000
0000000000000000000000000000000000000000000000000000000000000000001000000001010000000000000000000000000000000000000000000
0000000000000000000000000000000000000000000000000000001000000000110000000010000000000000000000000000000000000000000000000
0000000000000000000000000000000000000000000000000000000000000000000000100000000000000000000000000000000000000000000000000
0000000000000000000000000000000000000000000000000000000011000000000101000000000000000000000000000000000000000000000000000
0000000000000000000000000000000000000000001100000000110000000011000000000000000000000000000000000000000000000000000000000
0000000000000000000000000000001000000000010000000001000000000100000000000000000000000000000000000000000000000000000000000
0000000000000000000000000000000000011000000000110100000000100000000000000000000000000000000000000000000000000000000000000
0000000000000010000000001000000000100000000001000000000000000000000000000000000000000000000000000000000000000000000000000
0000000000011000000000100000000000000000000010000000000000000000000000000000000000000000000000000000000000000000000000000
0000000000000000000011000000000110000000000000000000000000000000000000000000000000000000000000000000000000000000000000000
0000000000000000111100000001110000000000000000000000000000000000000000000000000000000000000000000000000000000000000000000
0000000000000100000000010000000000000000000000000000000000000000000000000000000000000000000000000000000000000000000000000
0111000000100000000000000000000000000000000000000000000000000000000000000000000000000000000000000000000000000000000000000
0000000011000000000000000000000000000000000000000000000000000000000000000000000000000000000000000000000000000000000000000
0000011100000000000000000000000000000000000000000000000000000000000000000000000000000000000000000000000000000000000000000
