0000000000000000000000000000000000000000000000000000000000000000000000000000000000000000000000000000000000000010000000001
0000000000000000000000000000000000000000000000000000000000000000000000000000000000000000000000000000000000000100000000010
0000000000000000000000000000000000000000000000000000000000000000000000000000000000000000000000000010000000001000000001100
0000000000000000000000000000000000000000000000000000000000000000000000000000000000000000000000000000000000000000001110000
0000000000000000000110000000000100000000000000000000000000000000000000000000000000000000000100000000010000000000010000000
0000000000000000000000000000000000000000000000000000000000000000000000000000000000000000000000000001000000000001100000000
0000000000000000000000000000000000000000000000000000000000000000000000000000000000000001000000000100000000010000000000000
0000000000000000000000000000000000000000000000000000000000000000000000000000000000001010000000101000000001100000000000000
0000000000000000000000000000000000000000000000000000000000000000000000000000000001100000000000000000001110000000000000000
0000000000000000000000000000000000000000000000100000000010000000000100000000001000000000010000000000100000000000000000000
0000000000000000000000000000000000000000000000000000000000000001000000000110000000010100000011010000000000000000000000000
0000000000000000000000000000000000000000000000000000000000000000000010000000000100000000001000000000000000000000000000000
0000000000000000000000000000000000000000000000000000000000000000001000000000010000000000100000000000000000000000000000000
0000000000000000000000000000000000000010000000001000000000100000000001000000000010000000000000000000000000000000000000000
0000000000000000000000000000000000000000010100000000101000000000010000000000100000000000000000000000000000000000000000000
0000000000000000000000000000001000000000001000000000010001000000100000000001000000000000000000000000000000000000000000000
0000000000000000000000000000000000000000100000000001000000000010000000001000000000000000000000000000000000000000000000000
0000000000000000000000000000000001000000000000000000000000000000000000010000000000000000000000000000000000000000000000000
0000000000000000000000000000000000000001000000000100000000011000000000100000000000000000000000000000000000000000000000000
0000000000000000000000000000000000100000000000000010000000000100000000000000000000000000000000000000000000000000000000000
0000000000000000000000000000000000000000000010000000000100000000000000000000000000000000000000000000000000000000000000000
0000000000000000000000000001110000000100000000010000000000000000000000000000000000000000000000000000000000000000000000000
0000000000000011000000001100000000010000000001000000000000000000000000000000000000000000000000000000000000000000000000000
0000000000000000111000000010000000001000000000000000000000000000000000000000000000000000000000000000000000000000000000000
0000000000000000000001000000000010000000000000000000000000000000000000000000000000000000000000000000000000000000000000000
0000000000001100000000010000000000000000000000000000000000000000000000000000000000000000000000000000000000000000000000000
0000000000010000000000100000000000000000000000000000000000000000000000000000000000000000000000000000000000000000000000000
0010000000100000000000000000000000000000000000000000000000000000000000000000000000000000000000000000000000000000000000000
0000000011000000000000000000000000000000000000000000000000000000000000000000000000000000000000000000000000000000000000000
0000001100000000000000000000000000000000000000000000000000000000000000000000000000000000000000000000000000000000000000000
0000110000000000000000000000000000000000000000000000000000000000000000000000000000000000000000000000000000000000000000000
0001000000000000000000000000000000000000000000000000000000000000000000000000000000000000000000000000000000000000000000000
1100000000000000000000000000000000000000000000000000000000000000000000000000000000000000000000000000000000000000000000000
