0000000000000000000000000000000000000000000000000000000000000000000000000000000000000000000000000000000000000010000000001
0000000000000000000000000000000001000000000000000000000000000000000000000000000000000000000000000000000000000100000000010
0000000000000000000000000000000000000000000001000000000010000000000000000000000000000000000000000000000000001000000000100
0000000000000000000000001000000000010000000000000000000000000000000000000000000000000010000000000100000000010000000001000
0000000000000000000000000110000000000000000000000000000000000000000000000000000000000000000000001000000001100000000110000
0000000000000000000000000000000000000000000000000000000000000000000000000000000000000000000111000000000000000000111000000
0000000000000000000000000000000000000000000000000000000000000000000000000000000000000000000000000000000000000001000000000
0000000000000000000000000000000000000000000000000000000000000000000000000000000000000000000000000000111110000000000000000
0000000000000000000000000000000000000000000000000000000000000000010000000000000000000000000000000001000000000000000000000
0000000000000000000000000000000000000000000000000000000000000000000000000000100000000001000000000010000000000000000000000
0000000000000000000000000000000000000000000000000000000000000010000000001010000000010100000000110000000000000000000000000
0000000000000000000000000000000000000000000000000000000000000000000000000000000000000000111000000000000000000000000000000
0000000000000000000000000000000000000000000000000000000000011100000000000100000000001000000000000000000000000000000000000
0000000000000000000000000000000000000000000000000000000000000000000001110000000001100000000000000000000000000000000000000
0000000000000000000000000000000000000000000000000000000000000000000110000000001110000000000000000000000000000000000000000
0000100000000000000000000000000000000000000000000000000000000000000000000000010000000000000000000000000000000000000000000
0000000000000000000000000000000000000000000000000111000000000001000000000001000000000000000000000000000000000000000000000
0000000000000000000000000000000000000000000000000000000100000000001000000000000000000000000000000000000000000000000000000
0000000000000000000000000000000000000000000000000000110000000000100000000000000000000000000000000000000000000000000000000
0000000000000000000000000000000000001100000000111000000001100000000000000000000000000000000000000000000000000000000000000
0000000000000000000000100000000000000000000000000000001000000000000000000000000000000000000000000000000000000000000000000
0000000000000000000000010000000000100000000010000000000000000000000000000000000000000000000000000000000000000000000000000
0000000000000000000000000000000000000011111100000000000000000000000000000000000000000000000000000000000000000000000000000
0000000000000000000000000001111110000000000000000000000000000000000000000000000000000000000000000000000000000000000000000
0000000000000000000011000000000000000000000000000000000000000000000000000000000000000000000000000000000000000000000000000
0000000000000001111100000000000000000000000000000000000000000000000000000000000000000000000000000000000000000000000000000
0000011000000110000000000000000000000000000000000000000000000000000000000000000000000000000000000000000000000000000000000
0000000000011000000000000000000000000000000000000000000000000000000000000000000000000000000000000000000000000000000000000
0000000001100000000000000000000000000000000000000000000000000000000000000000000000000000000000000000000000000000000000000
0000000110000000000000000000000000000000000000000000000000000000000000000000000000000000000000000000000000000000000000000
0011000000000000000000000000000000000000000000000000000000000000000000000000000000000000000000000000000000000000000000000
1100000000000000000000000000000000000000000000000000000000000000000000000000000000000000000000000000000000000000000000000
