0000000000000000000000000000000000000000000000000000000000000000000000000000000000000000000000000000000000000010000000001
0000000000000000000000000000000000000000000000000000000000000000000000000000000000000000000000001000000000010000000000110
0000000000000000000000000000000001000000000000000000000000000000000000000000000000001000000000010000000000100000000001000
0000000000000000000000000000000000000000000000000000000000000000000000000000000000000000000001100000000011000000000110000
0000000000000000000000000000000000000000000000000000000000000000000000000000000000100000000010000000001100000000011000000
0000000000000000000000000000000000000000000000000000000000000000000000000000000000000000000100000000010000000000100000000
0000000000000000000000000000000010000000000000000000000000000000000000000000000000000000000000000000000000000001000000000
0000000000000000000000000000000000000000000000000000000000000000000000000000000000000000000000000000000000001100000000000
0000000000000000000000000000000000000000000000000000000000000000000000000000000000000000000000000001100000000000000000000
0000000000000000000000000000000000000000000000000000000000000000000000000000000000000000000000000110000000000000000000000
0000000000000000000000000000000000000000000000000000000000000000000000000000001000000000011000000000000000000000000000000
0000000000000000000000000000000000000000000000000000000000000000000000000000000000000001100000000000000000000000000000000
0000000000000000000000000000000000000000000000000000000000000000000000000000100110000010000000000000000000000000000000000
0000000000000000000000000000000000000000000000000000000000000000000001100011000000000100000000000000000000000000000000000
0000000000000000000000000000000000000000000000000001000000000110000000001100000000010000000000000000000000000000000000000
0000000000000000000000000000000000000000000000000010000000011000000000010000000001000000000000000000000000000000000000000
0000000000000000000000000000000000000000000000000000000000000000001000000000010000000000000000000000000000000000000000000
0000000000000000000000000000000000000000000000000000000011000000000010000000000000000000000000000000000000000000000000000
0000000000000000000000000000000000000000000000000000001000000000000100000000000000000000000000000000000000000000000000000
0000000000000000000000000000000000000000000000000000000000000000110000000000000000000000000000000000000000000000000000000
0000000000000000000000000000001000000000010001000000100000000001000000000000000000000000000000000000000000000000000000000
0000000000000000000000000000000000000000000000111100000000100000000000000000000000000000000000000000000000000000000000000
0000000000000000000001000000000000000000000000000000000100000000000000000000000000000000000000000000000000000000000000000
0000000000000000000000000000000100000000001100000000010000000000000000000000000000000000000000000000000000000000000000000
0000000000000000000000000000000000000000000010000000000000000000000000000000000000000000000000000000000000000000000000000
0000000000000000000000000000000000000001100000000000000000000000000000000000000000000000000000000000000000000000000000000
0000000000000000000000000000000000111110000000000000000000000000000000000000000000000000000000000000000000000000000000000
0000000000000000000000000011110000000000000000000000000000000000000000000000000000000000000000000000000000000000000000000
0000000000000000000000111100000000000000000000000000000000000000000000000000000000000000000000000000000000000000000000000
0000000000000000001110000000000000000000000000000000000000000000000000000000000000000000000000000000000000000000000000000
0000000000000001110000000000000000000000000000000000000000000000000000000000000000000000000000000000000000000000000000000
0000000000000110000000000000000000000000000000000000000000000000000000000000000000000000000000000000000000000000000000000
0000000000001000000000000000000000000000000000000000000000000000000000000000000000000000000000000000000000000000000000000
0000000000110000000000000000000000000000000000000000000000000000000000000000000000000000000000000000000000000000000000000
0000000011000000000000000000000000000000000000000000000000000000000000000000000000000000000000000000000000000000000000000
0000001100000000000000000000000000000000000000000000000000000000000000000000000000000000000000000000000000000000000000000
0000110000000000000000000000000000000000000000000000000000000000000000000000000000000000000000000000000000000000000000000
0011000000000000000000000000000000000000000000000000000000000000000000000000000000000000000000000000000000000000000000000
1100000000000000000000000000000000000000000000000000000000000000000000000000000000000000000000000000000000000000000000000
