0000000000000111100000000001100000000001000000000010000000001100000000011000000000001000000000010000000011000000001100000
0000111000000001011000000000010000000000100000000111000000001110000000001100000001001000000111110000011111000000000000000
0000001100000001111100000010011000000001100000001111000000111010000000000100000000011000011001110000111111000000010000000
0000000000000001111100000111111100001101110000000010000000000110000000000100000000001100001000111000011111100000011100000
0000000000000011111000000111111000001100110000000111100000011110000000111000000000111000000011110000001111100000011100000
0000000000000011110000000111100000000011000000001110000000011110000000111110000000001100000000011000001111100000011100000
0000000100000000111100000111010000011000100000000110000000011010000000000100000000001000011000010000011111100000001000000
0000000000000111111000011100110000000001100000000110000000111111000001100110000000000110000000011000011111110000111110000
0000000000000000111100001110011000000000100000000110000000111110000011000110000000000110000000001100000111110001111000000
0000000000000011110000001100100000100011100000011101100000000001100000000001000000000010000000001000011000110000011111000
