0
0
0
0
0
0
0
0
0
0
0
0
0
0
0
0
0
0
0
0
0
0
0
0
0
0
0
0
0
0
0
0
0
0
0
0
0
0
0
0
0
0
0
0
0
0
0
0
0
0
0
0
0
0
0
0
0
0
0
0
0
0
0
0
0
0
0
0
0
0
0
0
0
0
0
0
0
0
0
0
0
0
0
0
0
0
0
0
0
0
0
0
0
0
0
0
0
0
0
0
0
0
0
0
0
0
0
0
0
0
0
0
0
0
0
0
0
0
0
0
0
0.149342
0.14615
0.152376
0.14079
0.133683
4.18948
0.114854
0.0859933
-1.22747
0.153421
0.0977274
0.0628852
-0.229335
-0.497173
0.0442231
0.0986797
0.0238948
0.0451566
0.705237
-0.224543
-0.0412684
0.0963825
-0.125354
0.0369428
-3.62863
-2.60315
-0.5669
-0.111791
0.118153
-0.0921398
0.0755948
0.452691
5.3899
-2.19055
-0.393074
-0.0679627
0.138665
0.0493363
0.164182
0.685331
0.731828
0.43236
-1.5838
-2.3921
0.0424497
0.149277
0.167561
0.230054
0.756599
0.966692
0.822887
1.01707
0.556046
-2.12431
1.92365
0.144786
0.164714
0.151621
0.713073
0.916118
0.384543
-0.0718652
0.456542
1.39098
0.558946
0.398358
0.141436
0.0991789
0.0543898
0.576673
0.754014
-1.36358
-0.477634
-0.383206
-2.15133
0.549309
0.384637
0.334855
0.133423
0.0460169
-0.729056
0.351181
0.0102506
-0.195833
-2.24874
-1.77771
2.68215
0.275202
0.340926
0.102516
2.05693
0.115752
0.0502217
1.93896
0.257859
-0.151401
-0.477828
-0.210047
-0.546224
-3.70106
-0.226041
0.269523
0.621397
0.921496
43.2693
0.0584719
-0.0443742
-1.9571
0.755466
0.609381
-0.254482
-0.505193
-1.15519
-2.61888
-0.37166
0.1159
0.350827
0.545615
-15.8861
0.891863
0.00411935
-0.128412
-1.58083
-0.681113
-0.13241
0.750419
-0.0744068
-0.450506
-0.146
-0.880617
0.0204765
0.258759
0.49746
-6.8418
-0.626309
0.273865
0.00776611
-0.294216
-0.666588
-1.41387
-0.557517
-0.22043
0.788575
0.267107
-0.528879
-3.61389
-0.0188854
0.190236
0.0774772
13.4068
0.402648
-0.333061
0.175918
0.0329126
-0.620747
-0.578604
-3.6817
-6.34355
-0.175018
-0.303663
0.557851
0.39358
-0.692035
-1.25828
0.335535
0.921959
-7.18659
0.226371
0.0814179
-0.392555
0.115415
0.0920444
0.593302
-0.192428
-0.670064
-1.61987
-4.71932
-0.62649
-0.365809
0.282909
5.04369
0.437974
0.177904
1.01986
10.4984
-0.910097
-0.205684
-0.0542695
-0.252864
0.369075
0.127622
-0.0265363
0.0384861
0.574638
-0.462534
-0.560636
-3.1237
-2.27323
-0.342912
0.17474
1.51637
0.527385
0.145239
4.662
4.07049
2.8335
-0.409944
-0.0632386
-0.380312
2.26563
0.14738
0.156101
0.216218
0.747232
0.924286
0.743749
0.824206
0.409951
-4.22004
0.269981
-0.246879
0.0693762
0.0642675
-0.850501
-0.245066
0.909546
0.0257905
2.19484
-2.79484
-6.11865
7.21968
0.143026
0.131967
0.122541
0.579252
0.378207
-0.237928
-0.551853
-1.8813
-2.48512
0.556543
0.395085
0.573812
0.771775
-5.67525
1.19074
-2.9449
-3.67888
-4.10948
-1.27185
-2.59704
-5.05147
0.111838
0.138528
0.115158
0.0499508
0.441818
-0.035988
-1.4019
-2.49804
1.76248
-7.1245
0.475204
0.372488
0.999883
0.254461
-9.31161
-2.82953
-0.970957
-0.296746
0.496532
0.867275
-2.21178
-5.72886
0.773299
2.82643
0.131233
0.0609183
1.53713
-7.12918
-5.4315
-5.08888
-3.36512
-3.11002
3.18648
0.241252
0.34191
0.4707
0.70762
1.10982
0.779446
-0.374923
-0.0753248
-0.0137329
0.0781387
0.734511
3.9372
0.67982
0.506404
7.8391
0.117044
0.00327766
0.655516
0.0402816
-0.122314
-0.235666
-5.40992
-3.64079
1.08753
-0.25547
0.275396
0.318265
0.194416
10.3893
0.625327
0.0112339
0.00878802
-0.00103595
-0.308562
1.2442
6.77032
0.529969
0.269526
4.72155
17.9247
0.0513114
-0.0759707
0.802672
-0.203049
-0.0981106
-0.121811
-0.376952
-0.308812
0.789555
-0.733607
0.0689495
0.0758416
-0.0177861
-8.10951
-0.0583848
0.83045
-0.275075
-0.0937907
-0.30843
-0.261422
-1.39365
0.243892
0.0705064
2.67807
-2.31784
0.886012
-0.0382164
-0.232795
-0.137272
-0.126945
0.0722287
0.0370694
0.239045
-0.274694
-0.0510024
-2.69676
-0.115872
0.104513
-1.76272
-16.5424
-0.143228
-0.170079
0.748913
0.336913
-0.173303
-0.20376
-0.846908
0.159615
-0.249719
-0.192084
7.89062
0.0521347
-0.0113578
-0.0183398
-0.642352
-0.750239
-0.0281846
-0.0581482
-0.0810098
-0.0182395
0.219392
-0.0785662
-0.82105
-0.687962
-0.233362
0.276195
4.7581
-0.991205
-0.142775
-0.54002
0.957857
0.559763
-0.59596
-0.2727
-0.406798
0.563814
-0.33171
5.26584
0.31071
-0.222713
-0.521218
0.049912
0.352016
-0.515618
-3.44306
-3.58279
-0.388215
-0.214938
0.0384299
0.197096
-0.0167064
0.273971
-0.106623
1.03049
8.21103
-0.741656
-0.508929
-0.216357
-0.674954
0.900988
1.9718
1.81154
0.569857
-0.0288758
2.25988
1.34902
0.812306
0.0373759
-0.164116
0.320243
0.117295
-0.173553
-0.0194304
0.264208
0.148641
-2.17933
0.25249
-0.250934
0.0982832
0.71497
0.703782
-0.108729
0.0788927
-6.17722
0.447696
-0.408868
0.262549
-0.210733
-0.677825
1.17909
0.926783
1.05941
-0.125634
0.0426065
-9.39242
-1.73708
0.946298
-0.1864
-0.168369
3.27997
0.142625
0.108253
0.19786
0.56575
0.84104
0.0574624
-0.0349499
-0.292161
-0.278861
1.17705
-0.752409
0.100447
0.0779826
-0.091194
-0.493381
-0.186992
-0.706795
-5.60717
0.266494
0.558657
0.308284
2.99364
0.101138
0.961415
1.40249
2.01005
-0.550859
-2.39784
-0.575752
0.303379
4.83627
0.149436
0.170344
0.231835
0.758871
0.972125
0.829286
1.04154
0.56697
1.65113
0.563147
0.404683
0.107045
0.0978213
0.125203
0.251758
1.0689
0.5964
1.30487
0.520464
1.12972
0.520513
0.144577
0.124343
0.168565
-0.283484
-0.0595803
0.241183
0.425985
0.847521
-0.415414
0.537094
0.330497
0.148451
0.167237
0.21717
0.704232
0.492762
0.229064
0.735692
0.16975
1.29766
0.559153
0.401724
0.0528759
0.0225732
-1.45811
-0.281461
-3.95224
-2.33697
4.13816
-5.23214
-5.23106
-0.0859073
0.130276
0.247012
2.41634
2.85713
2.26169
1.50573
1.0634
2.84919
4.70404
-0.453746
3.26924
0.148451
0.146631
0.133536
0.183269
0.604858
0.379602
-0.0498454
0.652542
-1.47393
-0.612918
0.555278
0.396291
0.00884868
0.577515
-10.1236
-1.10861
0.875661
0.878845
0.755653
-0.0657712
6.10425
0.350573
0.130025
1.70377
5.22998
-1.82365
1.0031
-0.582836
-6.58395
-2.81263
-3.05437
-2.03219
0.235158
0.146631
0.802235
0.138989
0.142089
0.254067
-0.0511923
-4.53411
-0.525558
-0.655059
-3.5002
-3.54853
0.360933
0.379475
0.337464
0.253077
0.312269
-3.32556
-0.0289099
-0.575098
0.171277
0.536735
-0.212034
-0.0120629
0.0825054
0.524689
-3.85643
3.03501
0.805517
-0.109587
2.34222
1.32012
1.63694
7.81403
0.188078
0.138989
0.193472
1.89961
0.132325
0.113368
0.519338
-0.254682
-0.0479592
0.170599
-1.10723
-0.834047
-4.83543
0.309031
0.345705
0.182816
0.922481
1.51772
0.211812
-0.352326
-0.208918
-0.961525
-0.560197
-1.02957
-3.97194
0.0195474
0.396576
-1.28684
2.12635
1.63287
0.0984369
0.182555
1.00152
-0.846177
-1.76486
-0.306565
0.132325
0.111194
-0.282124
9.01912
0.0477917
-0.0715662
1.00257
0.0169582
0.0336208
0.0969091
-0.0511647
-0.104348
-0.25416
-0.879223
0.0701775
0.126974
0.276531
0.120066
0.0615003
-0.0667461
-0.0355214
-0.125481
-0.149808
0.361263
-7.10652
0.260408
-1.01138
0.599713
-4.66684
-0.420796
0.867253
-0.175367
-0.137976
-0.465723
-1.23573
-0.301949
0.0477917
0.319822
0.488756
-1.48501
0.55758
-0.0878137
-0.507723
-1.41436
-0.0790326
-0.0516852
-0.0596787
0.00499373
-0.120237
-0.101363
0.0629892
-0.751051
-0.451054
-1.03779
-1.08065
-0.187511
0.33378
-0.186536
0.202924
-0.0616401
-0.0752628
0.0945166
-0.388192
-0.106686
-0.987573
-1.22659
-0.620882
-0.029043
0.6329
0.798536
-0.21675
-0.0227592
0.275584
-0.0878137
0.328139
-0.60259
4.06229
-0.145129
-0.388982
-0.00252431
0.194265
-0.667386
0.47371
-0.127475
-0.163735
-0.00339022
-0.0101024
5.76367
-2.61488
0.381213
-0.0957534
0.734307
-1.71725
-0.39323
0.140381
-0.144455
-0.10976
0.505061
-2.13929
-2.79241
-1.76779
0.239931
-0.042003
8.86454
0.0998141
-0.108449
-0.356659
1.3579
0.753609
-3.5049
0.900044
-0.00252431
-0.00381497
0.345777
2.07891
-2.4668
-0.00989759
-0.742315
0.100271
0.575903
-0.102481
-0.222877
-4.36577
-0.302663
-0.197127
-0.180779
-0.0869302
-0.641848
0.596068
0.0375586
1.21652
13.3096
0.0125146
-0.193019
-0.306913
-0.151453
-0.487779
0.291673
4.50429
0.348195
1.06263
1.85733
2.103
-0.407539
-0.00979249
-0.107686
-0.748786
1.40305
1.04955
6.65948
0.100271
0.249836
1.53075
-1.49448
-9.49228
-0.0996571
-0.172361
2.21254
0.139084
0.0759835
0.173811
0.663021
-2.8014
1.97776
-2.55982
0.838892
-0.266398
-0.882208
-0.549552
0.071287
0.803422
-6.25587
-2.19584
-4.62227
-1.22655
0.605855
-0.472077
-0.541004
-0.475841
-0.930493
0.337156
1.36174
1.70205
1.96134
-2.89052
0.496832
-0.278279
0.924346
4.95368
10.7735
0.139084
0.358346
0.548241
0.713127
-0.548845
3.84107
0.149629
-2.02667
4.0551
0.149006
0.168272
0.229629
0.750774
-0.846335
1.69057
0.524222
-2.619
1.58705
0.556804
0.403202
0.102685
0.0890816
0.0878647
0.24656
0.180874
5.6145
-3.78937
-0.263331
-0.594625
-0.0971704
0.134002
0.112875
1.0269
1.48869
2.18261
0.000445844
0.762379
0.727715
-0.410147
1.45125
3.2755
0.149006
0.592676
0.166187
0.526462
-0.576892
-5.25214
1.10778
1.2576
1.48299
5.81738
0.149436
0.170344
0.231835
0.758871
0.972125
0.829286
1.04154
0.56697
1.65113
0.563147
0.404683
0.107045
0.0978213
0.125203
0.251758
1.0689
0.5964
1.30487
0.520464
1.12972
0.520513
0.144577
0.124343
0.168565
-0.283484
-0.0595803
0.241183
0.425985
0.847521
-0.415414
0.537094
0.330497
0.149436
0.135167
0.209781
0.546199
0.563062
-0.0981728
0.612531
0.310705
-0.169393
-0.481021
0.128679
0.149436
0.170344
0.231835
0.758871
0.972125
0.829286
1.04154
0.56697
1.65113
0.563147
0.404683
0.107045
0.0978213
0.125203
0.251758
1.0689
0.5964
1.30487
0.520464
1.12972
0.520513
0.144577
0.124343
0.168565
-0.283484
-0.0595803
0.241183
0.425985
0.847521
-0.415414
0.537094
0.330497
0.149436
0.135167
0.209781
0.546199
0.563062
-0.0981728
0.612531
0.310705
-0.169393
-0.481021
0.128679
0.149436
0.149065
1.21932
0.217795
0.111329
0.946205
0.703687
-0.533638
-0.633415
-0.836607
0.524111
0.402323
0.106245
0.0812119
-0.506042
0.0227219
-2.70939
-3.98139
0.573042
1.29618
-3.80315
0.375641
0.141919
0.0980891
-0.17347
-12.7247
2.24679
0.901599
5.73969
2.22114
2.60321
-2.44938
0.314355
0.149065
0.11535
1.40318
1.01233
1.31239
-0.102613
0.572735
-1.18971
0.895118
-0.560422
0.12778
0.149065
0.149065
0.149072
0.166301
0.215532
0.737434
0.941098
-0.67582
-1.02507
1.9139
1.00644
0.560412
0.402265
0.106875
0.077317
-2.31445
0.233257
-1.44722
-1.57269
0.0745184
0.793597
-1.1768
0.518287
0.142451
0.115273
0.123934
-0.763872
-2.17451
-1.30888
-5.30658
0.983556
2.61979
-2.99403
0.319696
0.149072
0.134342
0.173366
3.49436
0.550264
-1.92275
0.24118
0.323023
-4.78039
-0.496062
0.128395
0.149072
0.149072
0.170491
0.134812
0.127949
1.09264
-0.0774413
-0.17302
0.528882
0.448993
0.52078
-0.0985839
0.283603
0.35587
0.162518
1.12477
-2.57126
-0.209251
-0.0142972
-0.086762
-0.0710381
-0.92091
-0.224175
-2.39788
-0.0382626
-0.292365
-2.16785
10.65
0.439223
1.54547
-0.0612683
-0.579249
-1.23521
1.66392
-0.237663
0.134812
-0.284378
-1.19559
0.509754
0.21247
-0.454082
-0.591963
2.29346
-1.38429
1.29005
0.0592409
0.134812
0.134812
-0.179152
0.651649
0.00847803
-0.175364
0.837202
-0.191406
0.0459099
0.0165861
0.0730346
0.113317
0.0812628
0.099057
-0.558489
0.0919481
-0.871501
-5.19627
0.188009
0.099223
0.0966434
0.113388
0.0101153
0.138813
-0.320845
-0.357352
-0.291893
-1.06843
7.89982
0.225588
0.239008
0.310825
0.0106219
0.0430901
0.291038
4.00634
0.00847803
0.395669
0.490992
-1.79742
-0.511572
0.984995
0.392062
-0.0869682
0.0466411
0.817689
0.456416
0.00847803
0.00847803
0.248057
-0.623596
2.30326
-0.126733
-1.01159
0.337069
-0.154768
0.248029
-0.0615713
0.0957297
-0.304229
-0.865757
0.125527
-0.185016
-0.380807
-1.98144
-8.37678
-0.196817
-0.329594
0.191737
-0.187273
-0.265613
0.0525669
0.310963
-0.394925
0.59711
-1.68282
-5.07956
-7.24116e-05
0.0569764
0.203406
0.224832
-0.110912
-1.95731
1.01187
-0.126733
0.558745
0.461177
-3.15174
-0.996026
-0.0690656
1.57348
1.64746
-0.0445699
-2.87241
0.125776
-0.126733
-0.126733
-0.977453
-0.3707
-2.55792
-0.572283
0.0413266
0.258354
1.69765
-0.0970447
0.0621176
0.163492
0.115326
-0.0315152
-0.070801
-0.91736
0.368175
-0.0344321
0.0230547
1.05786
0.133346
0.0398763
0.129228
0.0928349
0.133941
0.390203
-3.92069
0.114147
0.227291
1.8694
-4.64673
-0.195915
-0.217402
-0.213707
-0.14891
0.635346
0.115768
1.60177
0.0413266
-0.132767
0.3166
0.256904
-0.197848
-0.212793
-0.281748
0.946991
8.53376
-1.49269
-0.631987
0.0413266
0.0413266
0.227138
0.529081
-2.11701
-0.144677
-1.13244
0.137414
0.0330028
0.117974
0.462162
4.81615
-0.0494618
0.504188
-0.227663
-0.0412376
-0.73
-0.493572
0.0873607
0.00257227
-6.26825
0.2809
0.82788
-0.0271433
-0.659615
-0.400537
0.0954832
0.746329
0.40463
0.0533525
-0.161577
-2.26624
-2.34583
0.0840964
-0.111759
-0.272696
-1.12566
-0.735255
0.480467
0.137414
0.10758
0.0967146
-0.227167
-0.728002
-0.445287
-0.334587
-1.70544
2.11196
9.29858
0.738645
0.137414
0.137414
0.0416243
0.0964617
-0.645358
0.256241
-2.35085
1.12317
0.1463
0.149514
0.218629
-1.12182
-2.20206
-0.110399
-2.38578
1.36379
2.88326
1.73878
0.355956
0.105711
0.0939713
0.04756
-3.93714
-0.755669
3.00378
-4.09793
-0.466935
-2.8758
3.36386
0.0878381
0.120055
0.143833
-0.319149
-0.926554
1.46258
2.4944
-3.1618
-0.93249
0.0499123
1.65426
0.1463
0.132572
0.202875
0.529017
0.540873
0.647859
0.660873
-4.12031
-0.25974
2.5474
0.940117
0.1463
0.1463
0.177166
0.182775
-0.274953
-0.565214
4.05517
-0.675856
52.0263
0.149334
0.169763
0.2301
0.756935
0.189
1.99564
0.184382
-1.6353
1.53418
0.552464
0.403993
0.106919
0.0975884
0.116167
0.210829
-0.146781
0.991246
0.917194
0.306052
1.00301
0.488748
0.138348
0.124343
0.166901
-0.288285
-0.061304
-3.83725
0.604955
0.824028
-0.421723
0.529146
0.321339
0.149334
0.135013
0.20944
0.545097
0.558262
1.60812
-2.73662
0.281242
-0.217282
-0.915704
0.0980706
0.149334
0.149334
0.188463
0.193229
-0.185303
0.400753
-3.96974
-3.18549
38.2061
2.51471
0.149436
0.170344
0.231835
0.758871
0.972125
0.829286
1.04154
0.56697
1.65113
0.563147
0.404683
0.107045
0.0978213
0.125203
0.251758
1.0689
0.5964
1.30487
0.520464
1.12972
0.520513
0.144577
0.124343
0.168565
-0.283484
-0.0595803
0.241183
0.425985
0.847521
-0.415414
0.537094
0.330497
0.149436
0.135167
0.209781
0.546199
0.563062
-0.0981728
0.612531
0.310705
-0.169393
-0.481021
0.128679
0.149436
0.149436
0.188925
0.193268
-0.173993
-0.151496
0.105575
0.272234
-0.606369
0.386401
0.17226
0.149436
0.170344
0.231835
0.758871
0.972125
0.829286
1.04154
0.56697
1.65113
0.563147
0.404683
0.107045
0.0978213
0.125203
0.251758
1.0689
0.5964
1.30487
0.520464
1.12972
0.520513
0.144577
0.124343
0.168565
-0.283484
-0.0595803
0.241183
0.425985
0.847521
-0.415414
0.537094
0.330497
0.149436
0.135167
0.209781
0.546199
0.563062
-0.0981728
0.612531
0.310705
-0.169393
-0.481021
0.128679
0.149436
0.149436
0.188925
0.193268
-0.173993
-0.151496
0.105575
0.272234
-0.606369
0.386401
0.17226
0.149436
0.149247
0.168227
0.229302
0.740496
0.939879
-1.56049
0.689461
2.51857
0.583519
0.562204
0.404104
0.106916
0.0931366
-2.29116
0.0717215
0.987282
-0.776654
2.80345
2.22581
1.11636
0.51988
0.144163
0.112938
0.0834183
-0.334529
-0.065592
-1.75578
-1.53273
1.06574
0.05378
0.527108
0.326309
0.149247
0.134734
0.185967
0.444946
0.490317
-0.687408
-1.17105
0.346743
-2.94855
-0.484076
0.128738
0.149247
0.149247
0.182853
0.019721
-0.190338
-1.3119
1.36946
3.66715
-0.62118
0.386284
0.172136
0.149247
0.149247
0.148682
0.162798
0.210711
0.69937
0.78543
-1.7718
-3.62562
0.807961
0.734394
-3.91438
0.396845
0.106619
0.0722512
-4.75705
-0.397929
-1.55908
-2.19993
0.200266
3.13757
0.858262
3.76409
0.134388
0.107745
0.0338171
-1.86529
-2.54534
-1.37167
-2.77024
2.48168
-1.53769
0.694302
0.180162
0.148682
0.133951
0.173587
-2.0809
1.71185
-2.63683
-0.541058
0.867317
-1.43156
-0.739172
0.12788
0.148682
0.148682
0.163947
0.650174
2.91437
-1.69337
-0.60951
2.02204
-13.8806
0.378407
0.169477
0.148682
0.148682
0.503799
0.122035
0.0577373
0.151968
-1.28016
4.30393
-0.455561
0.138711
0.0707624
0.21684
0.580496
-0.0565628
0.382114
0.50183
-2.23672
-0.193877
0.249974
0.332898
0.320997
0.297457
-0.161723
0.67938
0.224083
0.389617
2.62015
-5.05894
3.32098
0.177871
0.213562
-0.0335086
0.617943
0.151591
0.957668
0.122035
-0.275377
-0.223301
-0.643316
6.40186
0.567108
0.310606
0.188008
0.135205
-1.97927
-0.0697298
0.122035
0.122035
-0.145928
-0.046733
16.2844
0.970858
-1.37733
0.076627
-2.47049
0.387901
-0.0289544
0.122035
0.122035
0.0526097
2.5413
-0.0711149
-0.662506
-2.08038
0.048476
-0.0617852
-0.0258354
-0.0172491
-0.0200996
0.368364
2.40325
0.0518553
0.0936902
-0.386487
-7.90644
-0.376894
0.0314741
0.124468
-0.0117765
0.016272
0.21348
0.10052
0.34337
-0.56088
-4.79449
-3.11282
0.161639
0.0213173
0.173605
0.0984472
0.238302
0.132927
3.56825
-0.0711149
0.0555759
-1.21795
0.670478
2.37902
0.183666
0.530788
-0.010677
0.24578
-1.63819
0.0853949
-0.0711149
-0.0711149
-1.4895
0.183215
0.405485
1.24659
0.448016
-0.0374652
10.869
-1.1715
0.0894492
-0.0711149
-0.0711149
-0.69972
-1.55603
5.51557
-0.129771
-0.0685336
0.138176
3.61803
0.0384734
-0.0644314
0.229079
-0.259988
0.229021
0.548301
-0.259933
0.0082107
-0.785267
-18.2996
0.429973
-0.106627
-0.219384
-0.249304
-0.194708
-0.235083
-4.97604
-0.500032
0.715135
-0.77151
1.44941
0.0203899
-0.591477
0.192159
0.0767554
-0.201452
-0.455075
0.282454
-0.129771
-0.423915
-1.23894
-1.80366
0.720031
-0.0379019
0.0218252
0.94499
-2.35991
-2.71955
-0.386919
-0.129771
-0.129771
0.262456
-0.616434
-1.97401
-0.0371172
3.03781
1.29469
3.58778
0.626083
0.0194216
-0.129771
-0.129771
0.0290351
-0.0920143
-0.351431
-0.181689
0.106006
0.744813
1.51153
0.192545
0.147153
0.118857
0.187792
0.238792
-0.136513
0.372706
-0.664846
-0.0441952
0.0283489
1.83249
0.33944
0.30464
0.146351
0.0815779
0.0229031
0.0537757
0.146991
0.149662
0.576338
0.474023
-1.55877
-0.210219
0.12979
0.122433
0.103308
0.445225
0.203927
1.03415
0.106006
-0.0326345
1.08464
4.26326
0.518373
0.161156
0.104654
0.718479
0.642559
4.49574
0.564807
0.106006
0.106006
0.884987
1.23546
0.419423
-0.13686
-0.943643
1.38001
12.5116
5.45594
0.650734
0.106006
0.106006
0.108198
0.790244
-0.259434
-0.0701925
-1.15618
0.144082
0.140521
0.0691597
-2.19451
-0.258791
-0.279892
-0.682065
0.357687
2.46862
1.74566
0.350217
0.0119256
-0.406629
1.19432
0.216252
0.00706747
-0.314893
0.641231
0.172945
-2.89034
2.95232
0.0838923
0.0079165
0.268211
0.674711
-0.259464
-0.102702
-0.432789
-0.0350606
-0.773779
-1.77562
1.63821
0.144082
0.0830041
0.0756308
-0.906395
-4.69709
0.0234916
-1.16751
-1.5309
-2.00769
-0.555014
0.080954
0.144082
0.144082
0.146187
0.162851
-2.83263
0.55175
2.38138
-0.331539
25.3702
4.35574
0.123693
0.144082
0.144082
0.124848
0.182596
-0.352714
0.243265
-0.43795
0.960913
0.144896
0.162681
0.123819
0.444537
-1.87889
0.339601
6.26046
-1.60163
1.3989
0.560668
0.400374
0.631038
0.175567
1.22255
1.21208
0.63168
4.92994
3.18579
-1.88415
-2.10979
0.42008
0.121311
0.321621
2.14413
4.29131
-1.39768
2.55552
-0.940285
-2.30821
0.76068
-1.76657
0.315818
0.144896
0.0347082
-0.450983
0.671773
0.459251
1.55588
1.23083
-1.72518
-0.286495
-0.518222
0.121133
0.144896
0.144896
0.132864
0.135573
-0.19332
1.84224
-3.73033
-3.3468
-4.27456
0.317221
0.163973
0.144896
0.144896
0.140231
0.354767
1.52594
-0.906521
4.05108
0.169835
7.80937
0.148965
0.169131
0.228034
0.753206
0.960591
0.63148
3.88585
3.59712
-0.374974
0.559202
0.402637
0.099954
0.09043
-1.55451
5.33129
3.2047
2.85753
1.50412
0.541036
5.10003
-0.349637
0.122233
0.123065
0.150527
-0.369995
18.2957
-1.87475
0.535188
-4.61663
-2.78567
-1.69893
0.322917
0.148965
0.133128
0.206913
0.535999
0.543693
3.44973
3.03774
0.28254
-0.174954
-0.496982
0.126958
0.148965
0.148965
0.187104
0.192654
-0.302165
-0.149516
-9.19531
0.211435
-0.752216
0.373388
0.166188
0.148965
0.148965
0.149718
0.375678
-1.21495
-0.225485
-3.67045
-0.397285
1.20416
0.0769202
0.149436
0.170344
0.231835
0.758871
0.972125
0.829286
1.04154
0.56697
1.65113
0.563147
0.404683
0.107045
0.0978213
0.125203
0.251758
1.0689
0.5964
1.30487
0.520464
1.12972
0.520513
0.144577
0.124343
0.168565
-0.283484
-0.0595803
0.241183
0.425985
0.847521
-0.415414
0.537094
0.330497
0.149436
0.135167
0.209781
0.546199
0.563062
-0.0981728
0.612531
0.310705
-0.169393
-0.481021
0.128679
0.149436
0.149436
0.188925
0.193268
-0.173993
-0.151496
0.105575
0.272234
-0.606369
0.386401
0.17226
0.149436
0.149436
0.150165
0.37631
-0.203577
-0.227188
-0.867927
-0.352926
1.55008
0.12264
0.184048
0.149436
0.170344
0.231835
0.758871
0.972125
0.829286
1.04154
0.56697
1.65113
0.563147
0.404683
0.107045
0.0978213
0.125203
0.251758
1.0689
0.5964
1.30487
0.520464
1.12972
0.520513
0.144577
0.124343
0.168565
-0.283484
-0.0595803
0.241183
0.425985
0.847521
-0.415414
0.537094
0.330497
0.149436
0.135167
0.209781
0.546199
0.563062
-0.0981728
0.612531
0.310705
-0.169393
-0.481021
0.128679
0.149436
0.149436
0.188925
0.193268
-0.173993
-0.151496
0.105575
0.272234
-0.606369
0.386401
0.17226
0.149436
0.149436
0.150165
0.37631
-0.203577
-0.227188
-0.867927
-0.352926
1.55008
0.12264
0.184048
0.149436
0.149045
0.153582
0.20712
0.130051
-0.898969
-0.530895
2.89889
0.151387
0.505356
0.560666
0.40295
0.10675
-0.0699527
1.35917
-2.85358
-1.06307
-0.216335
-0.538977
1.448
-5.41538
0.228371
0.142871
0.107275
0.0285526
-0.460876
-0.0931032
1.32584
-0.249665
-1.92101
0.147095
-2.24474
0.316754
0.149045
0.133803
0.168136
0.371377
0.440937
-1.07267
-1.3967
-4.00919
3.67201
-0.493565
0.128415
0.149045
0.149045
0.164228
-0.0616074
-0.22254
-1.19256
1.29388
-0.959625
-0.773253
0.381531
0.171178
0.149045
0.149045
1.53245
0.461423
-2.35534
-1.44439
-2.30274
-0.373607
-1.23131
0.119505
0.183625
0.149045
0.149045
0.139037
0.0926582
0.128305
0.435336
0.356032
0.692528
-0.034656
0.187735
0.46514
0.714849
-0.0887767
0.0126028
-0.165348
1.80719
-2.14929
-2.3996
-0.838298
0.121646
1.17916
0.147218
0.391723
-0.260733
0.0779536
-0.140983
-1.21136
-5.38483
-2.74751
0.240765
1.06622
1.71577
0.40787
-0.596601
0.139037
0.119361
0.109009
-2.22678
5.68841
0.636388
-0.099088
0.970286
0.807729
2.01487
0.0574796
0.139037
0.139037
0.0827458
0.535851
9.97151
-0.160165
-1.85301
2.61477
1.02578
1.0334
0.10465
0.139037
0.139037
0.37127
4.0611
0.740631
-3.17584
-2.31668
-0.327921
3.25976
0.0835085
0.0891419
0.139037
0.139037
1.54906
0.0818672
-0.262563
-0.154589
-0.905757
-4.24836
0.212307
0.0443693
0.0635793
0.0854582
0.352306
0.476689
0.456928
-0.42964
8.21177
1.92147
-0.467409
0.007075
0.0374348
0.19858
0.0171096
0.482816
0.687407
-0.254521
0.0204561
-11.5912
-2.96285
-0.278068
0.0919698
0.203892
0.238751
0.407709
3.06162
0.0818672
-0.109212
-0.493421
-3.8708
2.38635
0.402193
0.578938
0.172649
0.293628
-4.01249
-0.567765
0.0818672
0.0818672
-0.391061
-0.307229
8.75298
0.64795
0.704176
0.147705
0.215321
0.0492464
0.469108
0.0818672
0.0818672
-0.0831257
-0.0618341
9.65024
1.0067
-0.37277
-0.0215707
16.0558
0.54803
0.182144
0.0818672
0.0818672
-0.384829
33.6955
-0.0939636
0.0986031
-1.13919
-0.0696667
0.062383
0.0994031
0.0413274
2.71697
-0.0750391
3.86171
-0.0680651
0.0986055
-0.415759
1.30006
0.247602
-0.0432387
-0.1138
-0.0103638
0.127933
2.05632
-6.96773
0.235398
0.327485
4.25374
-6.79012
0.192601
0.224657
-0.0158738
-0.11297
0.209015
-3.42718
-3.5409
-0.0939636
0.0442374
0.221124
-0.538991
-0.50789
-0.143619
0.0776692
0.194321
4.2179
2.61975
0.0361802
-0.0939636
-0.0939636
-0.420339
-0.0956616
3.5864
-0.154652
-1.00086
0.0215527
16.3211
0.885454
0.114088
-0.0939636
-0.0939636
-0.108437
-2.73635
-4.38938
1.12222
-0.139228
-0.0705736
3.47149
-0.35286
0.098259
-0.0939636
-0.0939636
-0.323704
-10.6506
-0.9752
-0.074264
0.217619
-0.499869
-0.677994
0.0570913
0.127597
-0.0220916
0.0346601
-0.0177116
-0.191759
-0.903591
-0.0602302
0.672948
-15.0541
-0.0273536
0.172849
0.180107
0.123532
0.0233639
-0.106953
0.0725974
0.709352
0.00374525
0.2803
-12.1523
0.255346
0.112609
0.220302
0.0955311
-0.109503
0.14638
-1.40875
-0.074264
-0.497957
-0.348815
-1.39841
0.24932
0.228826
0.0855996
0.327873
0.450772
-4.12279
-0.098765
-0.074264
-0.074264
0.46666
0.158786
4.28486
0.0485895
0.208105
0.730833
-4.5864
0.891242
0.211831
-0.074264
-0.074264
0.0365585
1.01695
-0.14972
-0.242981
1.59775
0.732362
0.677044
0.492428
-0.223663
-0.074264
-0.074264
0.243667
5.38499
-0.327828
-0.304216
0.114221
-0.0293225
2.43677
-0.0347435
-0.0573985
0.0493974
0.0366462
-0.0983605
0.0820578
1.02448
0.246667
0.327144
0.3999
8.39832
-0.0842358
-0.0323412
0.190258
-0.111577
0.139178
-0.492206
-2.30235
-0.0964437
-0.298423
1.60503
3.8192
0.473429
0.0860071
0.00615961
0.0514729
-0.404331
2.06788
1.01129
0.114221
-0.17139
-1.48011
-0.882164
-1.12631
0.232307
0.506865
-0.0189744
0.726723
-2.02063
-0.0277099
0.114221
0.114221
-0.418653
0.169524
3.82446
0.0100179
0.719433
-0.0326388
17.4484
3.2915
-0.00714496
0.114221
0.114221
-0.142328
-0.518013
-0.637326
-0.0700719
-0.381947
1.39289
10.3738
1.36266
-0.0864162
0.114221
0.114221
0.159073
14.7003
-0.166034
0.160391
0.181583
0.13545
0.132828
0.347511
2.27881
0.938745
0.372986
0.0916504
0.299574
-2.94274
-0.0482925
0.368809
0.187675
0.273994
4.48367
0.065658
-0.0200362
0.537299
0.602581
0.910905
-0.626325
3.286
0.0361713
0.115933
-1.096
-0.508691
0.00952072
-0.0387671
-0.757418
0.532437
0.647923
-1.39837
0.168959
0.13545
0.355033
0.553265
1.65708
0.269181
0.689201
-0.484959
0.317275
3.45301
-0.948838
0.0903093
0.13545
0.13545
0.897818
0.0116964
-4.05058
0.375056
-2.00747
-0.94072
-4.95103
0.0468649
0.112596
0.13545
0.13545
0.114879
0.265755
-1.06916
0.937608
-0.298113
-1.15207
27.149
1.11492
0.577194
0.13545
0.13545
-0.00575235
-2.14964
0.964626
-0.481766
-0.460824
1.32338
0.143019
0.159266
0.105081
-4.24193
5.16337
1.976
4.44772
4.72985
-1.59421
0.548631
0.395375
0.413725
0.39289
9.92753
1.4467
0.785057
-1.35737
-1.61214
1.25927
-2.43099
-4.30169
0.0908332
0.429637
0.48665
7.30187
4.88243
-0.737233
2.70032
1.09074
1.03022
1.30717
0.29281
0.143019
0.467616
-0.333353
0.604025
-7.89791
0.107238
-0.953732
-2.54435
-1.68293
-0.570093
0.117007
0.143019
0.143019
-0.0456291
0.109477
-1.73339
0.39193
5.52108
-2.42046
-2.29596
0.32692
0.15619
0.143019
0.143019
0.135935
0.350607
-2.6774
0.507697
3.4243
-0.365406
-0.146724
0.855812
0.831681
0.143019
0.143019
0.121319
-0.20638
-1.91672
2.92342
0.0897384
-0.605461
17.3525
0.149249
0.169963
0.229974
0.751049
0.926272
0.671476
1.70417
2.97788
1.50163
0.561451
0.404176
0.105882
0.0965477
-0.180382
5.92043
5.69083
3.31515
1.98565
0.646901
8.24375
-3.2986
0.143461
0.12404
0.164734
-0.296541
-0.132898
-0.671947
0.519208
-4.81402
-2.037
-1.87765
0.327605
0.149249
0.134845
0.209128
0.542861
0.559965
-4.30745
0.683305
0.262469
-0.172221
-0.484565
0.127597
0.149249
0.149249
0.188652
0.192995
-0.202334
0.126316
1.53751
0.229446
-1.79778
0.380602
0.171097
0.149249
0.149249
0.149934
0.375766
-0.242551
-0.195187
-6.82946
-0.688819
0.987516
0.0200045
0.0602624
0.149249
0.149249
0.180716
0.0971354
2.46486
-11.7698
-1.82307
2.32487
4.16077
1.32911
0.149255
0.169556
0.226462
0.755956
-1.10463
1.33317
-0.885377
0.00947384
0.485656
0.554939
0.400243
0.106724
0.096757
0.105659
-1.4714
-1.77304
1.18656
-0.869818
0.290659
1.10974
0.236924
0.132425
0.124264
0.164313
-0.304288
-0.080199
1.65145
2.40919
-0.834038
-0.822659
0.287526
0.313964
0.149255
0.13459
0.20893
0.54416
0.285351
1.2107
-0.0760437
-0.738019
-0.172096
-0.503824
0.126221
0.149255
0.149255
0.187969
0.193184
-0.349282
0.018926
-3.08093
0.170924
-0.664933
0.366966
0.112345
0.149255
0.149255
0.15014
0.374973
3.36547
-3.47055
-0.907015
-1.00676
1.49035
0.121257
0.182652
0.149255
0.149255
0.180552
-3.46696
0.646692
-3.18759
-0.958741
0.110076
1.06986
0.0827503
0.17366
0.149436
0.170344
0.231835
0.758871
0.972125
0.829286
1.04154
0.56697
1.65113
0.563147
0.404683
0.107045
0.0978213
0.125203
0.251758
1.0689
0.5964
1.30487
0.520464
1.12972
0.520513
0.144577
0.124343
0.168565
-0.283484
-0.0595803
0.241183
0.425985
0.847521
-0.415414
0.537094
0.330497
0.149436
0.135167
0.209781
0.546199
0.563062
-0.0981728
0.612531
0.310705
-0.169393
-0.481021
0.128679
0.149436
0.149436
0.188925
0.193268
-0.173993
-0.151496
0.105575
0.272234
-0.606369
0.386401
0.17226
0.149436
0.149436
0.150165
0.37631
-0.203577
-0.227188
-0.867927
-0.352926
1.55008
0.12264
0.184048
0.149436
0.149436
0.181237
0.117403
0.585366
-0.71292
-0.441622
0.152753
1.08463
0.083972
0.174395
0.204048
0.142581
0.123048
0.203277
-0.0412366
-0.947947
1.79631
-1.29413
0.42817
-0.0684819
-0.763717
-0.00343972
0.10462
0.0816375
-2.47781
-0.163869
-0.9568
0.0353612
0.402562
-0.845304
0.841576
-0.171818
-0.112332
0.0986376
0.00982822
-0.435799
-0.106889
0.939049
0.276522
2.89381
0.0739978
3.58744
1.70506
0.142581
0.125732
0.154182
0.381188
0.159076
1.51635
2.29847
6.58383
-0.736793
-2.29216
0.0709056
0.142581
0.142581
0.133065
-0.0119655
-0.572073
2.21639
2.01673
-0.783641
16.3046
1.14256
0.125457
0.142581
0.142581
1.57107
-0.0845659
0.0868521
2.1343
3.79951
0.747167
6.6001
0.115807
0.167995
0.142581
0.142581
4.07213
28.7792
0.929647
2.53808
0.329339
-1.47989
0.945276
0.070129
0.162341
0.177511
0.142581
0.115617
-0.114154
-0.00312468
0.505691
-1.94428
0.269058
0.0250684
0.203001
0.0536501
0.24498
0.767343
-0.0589971
-0.132707
-7.07802
0.86104
2.11349
0.112296
-0.112939
0.0920553
0.0779609
-0.105832
1.11639
-0.0247906
0.916734
-0.955832
2.65576
0.281955
0.319922
0.36504
1.47952
0.104845
4.24945
0.115617
0.0461654
-0.109652
-2.67678
-1.16688
0.370174
-0.0670376
4.36389
0.360348
-0.265033
-0.0915734
0.115617
0.115617
-0.184671
0.645845
7.35412
0.226995
3.31998
0.250936
5.4216
-0.353135
-0.135085
0.115617
0.115617
-0.0175809
1.04391
0.656131
3.36676
0.364643
0.0434264
-1.67678
-0.0789648
0.648745
0.115617
0.115617
-0.199498
15.8172
0.947766
3.42662
-0.0105386
-0.844895
-9.25391
0.174485
-0.246478
0.717769
0.115617
2.24941
0.0334685
-0.572232
-0.371216
-5.00018
0.3269
-0.0220463
0.204924
0.28684
0.797306
0.721298
0.166292
0.2902
-0.380209
-10.8372
-1.42412
0.156526
-0.0702553
0.102211
0.254839
1.12955
4.0836
0.35437
-0.634951
-4.33792
-4.93408
-2.01393
0.292089
0.249985
0.199016
0.151278
1.58682
-1.97634
0.0334685
0.224707
-1.24953
-4.26457
0.42439
0.159903
0.138391
0.396687
0.252945
3.67131
0.580107
0.0334685
0.0334685
-0.870033
-0.241796
7.30426
0.340099
1.11206
0.29911
14.948
-1.64783
0.34128
0.0334685
0.0334685
-0.407049
-0.654624
-1.24997
0.565587
-0.229149
-0.0955707
3.31107
0.335153
0.0965136
0.0334685
0.0334685
-0.967798
-6.25116
1.47228
1.38818
-0.224748
0.0397734
10.3449
-0.562995
0.166319
0.395585
0.0334685
-8.09711
7.30939
-0.0710849
0.203211
-1.3451
-0.100703
-0.0478405
0.138933
0.311058
0.284073
0.0449896
1.03482
-0.689409
0.159959
1.04479
-2.65637
-0.278936
-0.0334934
0.12589
0.207887
0.423988
-0.0647958
-0.208019
-1.06945
0.360752
-2.71061
-5.57311
0.181407
-0.393012
0.130773
0.309821
-0.0453669
0.0924066
-2.34151
-0.0710849
0.1451
-0.209858
-2.07709
-0.511892
-0.0722798
0.0694886
0.268883
0.110553
2.0589
0.208594
-0.0710849
-0.0710849
-0.278111
-0.331988
-1.89098
-0.162671
0.276526
0.160343
17.8096
-0.358696
-0.502158
-0.0710849
-0.0710849
0.222187
0.723962
0.0822532
-0.00346004
0.210251
0.12466
11.7831
-0.243632
-0.481372
-0.0710849
-0.0710849
-0.201251
-6.25876
-0.302216
1.27538
0.266379
-0.127326
12.0008
1.50403
0.303168
-0.332123
-0.0710849
5.19674
-0.388111
-0.689807
-0.00425648
-0.289371
-1.03331
0.86237
0.706318
0.0758218
0.0372775
-0.0282931
-0.136894
-0.866559
-0.0347524
-0.161716
0.158247
13.6815
0.455055
0.0319535
0.0848338
0.0319613
-0.0245983
0.153397
-6.11032
-0.391439
0.46135
-0.633527
-2.72131
-0.1257
0.21475
0.16849
0.0404511
0.111106
-0.421993
-2.82826
-0.00425648
-0.330189
0.382516
1.68182
1.25701
0.0314712
0.191364
0.276381
-0.183755
0.85366
-0.474451
-0.00425648
-0.00425648
-0.261192
0.734406
4.09652
0.114745
-0.661867
0.322146
-0.373757
-3.6667
-0.350569
-0.00425648
-0.00425648
0.459417
1.64941
0.135226
-0.0269471
0.546836
0.382464
6.69976
0.310535
-0.406793
-0.00425648
-0.00425648
0.911373
-11.206
-0.0108049
-0.292895
1.24557
0.548949
-0.432762
1.4789
0.427594
-0.399825
-0.00425648
1.59675
0.0583368
-0.276305
-0.401044
0.104847
0.0303626
1.59738
0.364312
0.123158
0.0903005
0.32367
0.720321
0.00681975
-0.290211
0.240719
-0.09015
-0.394147
-7.57751
0.238151
0.0856229
0.0958617
0.172169
0.649195
0.890714
-3.68385
0.485179
0.134656
-1.41726
-9.07226
0.193649
0.240311
0.198712
0.0147475
-0.504175
-0.280869
-0.764649
0.104847
-0.0379109
0.953423
7.70072
2.29567
0.122631
0.226605
0.0214967
-2.52169
0.531497
-0.0404092
0.104847
0.104847
0.37844
0.429427
-1.96177
-0.115439
0.369892
-0.262097
-7.02199
-1.22992
-0.045993
0.104847
0.104847
-0.0227363
0.287626
1.09696
-0.0769082
0.188727
-0.0930543
0.89334
-0.0103635
0.27782
0.104847
0.104847
-0.585971
2.39241
0.136366
-0.219866
-0.595676
1.23726
13.9071
2.04179
0.41959
-0.152438
0.104847
-2.76221
0.364876
-0.482866
-0.0145657
0.183797
0.130586
0.119414
1.40763
-0.304203
-0.307914
0.22573
0.840032
-2.22717
7.16116
-0.130016
0.339194
0.0470861
1.37409
12.0417
0.335143
0.964375
0.483259
0.796957
0.914789
-1.37092
1.45005
0.620892
0.911313
0.296853
3.38549
-0.104694
-1.31096
0.218096
-0.95047
-0.0258026
6.84419
-0.109843
0.130586
0.594719
1.62103
3.15192
-0.414439
-0.428949
0.235512
-1.73139
-2.06492
1.79976
0.0660219
0.130586
0.130586
0.815751
0.0225964
0.311595
0.80952
1.67238
0.860983
-2.64349
0.0985075
0.0902416
0.130586
0.130586
0.114336
0.233353
2.0346
-0.404945
0.363942
0.327295
-8.64018
-0.118789
0.450109
0.130586
0.130586
0.0317933
4.89573
1.15147
0.507817
0.0114354
-1.39765
18.3498
1.32348
-0.302442
-0.0422843
0.130586
-0.298889
5.06648
0.342841
-0.544689
-0.0341438
1.73651
0.138334
0.145145
0.2694
0.513727
4.88535
2.51019
4.28655
5.66837
3.29453
0.316595
0.37452
0.293113
0.85804
8.00604
0.867351
3.47682
2.91503
0.258457
-0.379284
3.08866
-1.72438
-0.00394777
1.12471
2.31755
7.46161
4.08996
0.762923
4.22413
0.599287
-1.06381
-7.68723
0.185311
0.138334
0.699729
0.807627
3.31884
1.14747
-0.523553
-0.185077
-1.52475
0.0215636
2.29728
0.101985
0.138334
0.138334
-0.173535
0.0808461
1.24952
-0.307195
3.68698
-1.4087
-2.13184
0.311598
0.136473
0.138334
0.138334
0.13203
0.30395
-0.145254
-1.34842
-0.472981
-2.66966
-1.98676
0.29443
-0.0163512
0.138334
0.138334
0.109626
7.60821
1.29278
-0.111195
0.373584
-0.224581
12.0362
1.11187
-0.0167064
0.0356023
0.138334
-0.0122816
-2.84557
-3.28266
0.249731
0.749518
0.062086
25.22
0.149253
0.169721
0.22753
0.749277
0.918957
0.529966
1.00745
0.250815
1.34356
0.562188
0.403934
0.103623
0.0833981
-0.18468
0.206246
-2.08183
-4.02613
-8.64626
-0.227866
-3.04604
0.515271
0.142925
-0.529471
0.955748
0.566156
0.00268285
0.420175
0.728973
2.12965
1.75435
0.452475
0.319203
0.149253
0.583555
0.903898
-0.385158
-0.877526
1.45922
0.890011
0.185962
-0.672476
-0.496602
0.125635
0.149253
0.149253
0.184558
0.192104
-0.230084
0.473975
1.00664
0.266295
-0.61448
0.385276
0.171684
0.149253
0.149253
0.149634
0.375661
-0.248074
1.62724
-1.15711
-0.358582
1.53095
0.121515
0.183575
0.149253
0.149253
0.178343
0.107817
0.525971
-0.646072
-1.05368
0.147884
0.868691
0.00745261
0.174327
0.203305
0.149253
0.174273
0.242203
-0.519576
0.918493
-2.29607
-3.71191
21.4464
1.6035
0.149255
0.169556
0.226462
0.755956
-1.10463
1.33317
-0.885377
0.00947384
0.485656
0.554939
0.400243
0.106724
0.096757
0.105659
-1.4714
-1.77304
1.18656
-0.869818
0.290659
1.10974
0.236924
0.132425
0.124264
0.164313
-0.304288
-0.080199
1.65145
2.40919
-0.834038
-0.822659
0.287526
0.313964
0.149255
0.13459
0.20893
0.54416
0.285351
1.2107
-0.0760437
-0.738019
-0.172096
-0.503824
0.126221
0.149255
0.149255
0.187969
0.193184
-0.349282
0.018926
-3.08093
0.170924
-0.664933
0.366966
0.112345
0.149255
0.149255
0.15014
0.374973
3.36547
-3.47055
-0.907015
-1.00676
1.49035
0.121257
0.182652
0.149255
0.149255
0.180552
-3.46696
0.646692
-3.18759
-0.958741
0.110076
1.06986
0.0827503
0.17366
1.09609
0.149255
0.174805
3.32404
2.63368
0.376138
-1.03748
-0.104829
-2.88245
-0.00413186
0.188995
0.144569
0.133659
0.210646
0.58338
0.915993
0.223049
0.313709
1.73178
0.199053
0.591903
-0.137578
0.105335
0.0891091
-0.00269493
0.0320588
0.992352
-0.723438
0.285982
0.905012
-1.21163
0.339878
-0.0503917
0.115655
0.122352
-0.341144
-0.0808208
-0.429398
-0.127569
-2.85184
-0.146847
2.724
1.07132
0.144569
0.130082
0.188382
0.512529
0.281472
-1.87099
-2.47386
0.618626
1.94545
2.83943
0.0968048
0.144569
0.144569
0.152733
0.171597
-0.30866
-2.81745
0.597188
0.439762
-6.88768
1.39235
0.138231
0.144569
0.144569
0.115006
-0.480703
0.483466
2.89599
1.68719
-0.229175
6.88486
0.118845
0.173494
0.144569
0.144569
0.124278
7.67785
1.53652
1.45839
-0.834073
3.12476
1.03167
0.0770157
0.164998
0.182462
0.144569
23.6338
0.177905
-2.34706
0.261166
0.168569
0.0623956
-2.66401
-0.0115339
0.184405
0.182462
0.127678
0.993195
0.0780106
-0.0231835
0.369804
-1.08616
0.0923667
0.0443594
0.251501
0.74873
1.33647
-0.000303
-0.0308437
0.0445106
-0.765274
-1.21523
-0.120939
-0.0117529
0.588932
0.0596448
0.250091
0.909694
0.0465222
-0.329952
-1.22743
-1.78722
0.0568748
0.1271
0.403249
-0.922178
0.438025
-1.23741
0.127678
0.0946601
-0.133354
0.204664
0.32537
-2.4046
0.015215
-0.810824
0.15177
7.11992
-0.0302824
0.127678
0.127678
1.37934
0.083063
-0.260566
0.189223
-1.52152
-0.0410017
10.9912
0.0916771
2.29406e-05
0.127678
0.127678
0.0733742
-1.2363
0.466235
-1.49636
-1.29026
0.243836
4.02468
0.0314638
0.854775
0.127678
0.127678
0.0552096
-17.3941
-0.326052
-4.71698
-0.0243404
2.88882
-4.51546
0.461837
-0.139177
-0.0748858
0.127678
7.29036
0.61511
-2.99502
-0.583342
0.354501
1.5305
-1.04854
0.575319
0.151796
-0.0748858
1.50278
0.0834704
-0.350679
-0.132337
-0.303999
-1.77081
0.269038
0.106361
0.244872
0.322005
2.23314
0.326381
-0.12616
-0.265989
-1.17633
-1.74796
-1.35043
0.0157765
0.388107
0.476178
0.131934
1.84895
0.546219
-0.221406
-2.42971
-2.41267
-1.92794
0.107499
0.144914
-0.189762
0.242899
0.619239
-2.91382
0.0834704
-0.0302875
-0.498876
-1.23597
-4.52783
-0.0654599
-0.0865306
0.495356
0.276948
-3.04696
-0.310577
0.0834704
0.0834704
-0.504661
-0.252407
1.73291
-0.135074
0.465366
0.146605
11.8571
-0.093831
0.520536
0.0834704
0.0834704
-0.0988755
-0.227679
0.416668
0.147927
0.152434
0.133331
-9.395
-0.280791
0.394838
0.0834704
0.0834704
-0.215736
13.0044
0.502348
-0.618301
0.021331
0.737337
5.97874
0.797372
0.362907
0.576684
0.0834704
-2.52573
0.497455
0.437
0.0556944
0.00727192
-0.0330192
9.97231
-0.14021
0.0569647
0.576684
-1.26718
4.78335
0.0177174
0.386691
-0.336372
0.155897
0.0591178
0.272684
0.167754
0.131426
0.0777914
-0.466941
-1.25505
0.210023
-0.759534
-13.4952
0.454914
-0.0434541
0.155563
0.306136
0.223183
-0.530393
0.318088
-2.1126
0.168012
-1.62591
-11.9308
0.667885
-0.0968618
-0.154526
0.232029
0.363543
1.11272
2.87972
0.0177174
0.139846
0.0554848
0.495464
-2.8475
-0.0464309
-0.130866
0.144788
0.289202
5.10445
0.475405
0.0177174
0.0177174
0.479645
0.508455
-0.308177
0.0608946
-1.05513
0.152331
3.15292
1.92154
-0.36816
0.0177174
0.0177174
-0.532643
-0.855657
0.832122
0.163114
0.159832
0.486771
-0.537004
0.68359
0.0841836
0.0177174
0.0177174
-1.15562
-26.555
-0.195189
0.387852
-0.124074
0.0635658
-1.3751
-0.194274
0.120342
-0.33436
0.0177174
-6.92768
-0.418298
1.17065
0.677052
-0.228974
-0.125962
-15.6745
0.606141
-0.189923
-0.33436
-0.57413
-0.478472
-0.0745756
-0.021518
0.532543
2.25864
0.47036
0.0999263
0.206959
0.190436
0.178374
0.209404
-2.73305
-0.0326653
0.288104
0.1879
14.667
0.443387
-0.00961073
0.246471
0.242977
0.142094
0.0408997
-0.104515
0.393781
0.351837
0.299609
-6.61677
0.0366709
0.239394
0.0566818
0.33393
0.200817
0.270039
-0.878185
-0.021518
0.455751
-0.0767139
-0.837236
-0.0595611
0.0842436
0.218848
0.0191103
0.136632
-3.52468
-0.324169
-0.021518
-0.021518
0.271456
-0.146781
4.00164
0.056916
0.596105
0.1176
-2.41772
-2.46773
-0.218212
-0.021518
-0.021518
0.278218
-0.540178
0.254588
0.0213959
0.175358
0.143843
2.34354
0.735238
0.263752
-0.021518
-0.021518
0.942912
0.690212
-0.0488977
0.0726517
0.270172
0.0950939
-1.75856
1.71211
0.20447
-0.281962
-0.021518
-1.31429
-0.271394
-0.528775
1.24323
-0.0502268
0.066421
-2.58119
2.32963
0.176707
-0.281962
-0.866223
0.205428
-0.297792
0.130044
0.0252046
-0.153999
-0.931192
0.189685
0.221059
0.184557
0.130784
0.233033
0.00161629
-0.0447771
0.0499542
-0.166432
0.038029
-0.918708
-0.0685955
0.201862
0.318482
-0.0807727
0.0327862
-0.0514741
-2.36699
0.462392
-0.0106888
-2.38226
2.30475
0.0730924
0.19456
0.106132
0.0829815
-0.000807502
-0.179268
-2.19088
0.0252046
0.0780298
0.120351
5.27369
2.53908
0.319376
0.230929
-0.0146027
0.357592
-2.16078
-0.306044
0.0252046
0.0252046
-0.086036
1.12525
2.75139
0.0984491
0.363628
0.255689
-0.28365
-0.496201
-0.238577
0.0252046
0.0252046
0.757925
0.224826
-0.0582296
-0.0736487
-0.691869
-0.0781303
1.36007
0.186593
0.418736
0.0252046
0.0252046
1.48202
0.087784
-0.0845289
0.0658867
-0.139167
-0.0481975
4.73739
-0.169563
-0.381679
-0.220171
0.0252046
5.79556
-1.24755
-0.234772
-0.488804
0.850097
0.220545
6.92482
-0.728294
0.355686
-0.220171
-0.332952
-1.21833
-0.262562
-0.0955476
-0.292157
0.107775
0.0497325
-0.804038
0.252728
0.127937
0.126859
-0.211816
0.968909
3.59217
-0.0289208
0.254937
0.00211972
0.0452449
7.28611
0.296517
0.229566
0.0121853
0.152668
-0.168892
-1.39404
3.73884
-0.0941921
0.625127
-1.64487
1.78524
0.18252
0.135299
0.146144
-0.0410892
0.497754
-3.15894
-0.606381
0.107775
0.375231
1.97078
2.66337
-0.706055
0.098808
0.0315749
-0.401565
1.66735
0.805474
-0.0392078
0.107775
0.107775
0.493689
-0.1179
8.24311
0.152427
1.28797
0.354765
-7.66853
-1.04676
-0.0144903
0.107775
0.107775
0.052414
-0.0269014
-0.418623
0.103351
0.764541
-0.00703466
9.45851
-0.59355
-0.134051
0.107775
0.107775
-0.315367
-5.16045
-1.44967
0.000675656
0.333173
0.493275
-6.60078
0.287296
-0.00232157
0.041376
0.107775
-2.22777
-1.20584
-0.339603
-0.167773
-0.705879
1.09648
1.63341
0.577282
0.524991
0.041376
0.0790744
-5.26579
-4.19951
0.0849025
-0.0389528
0.171459
0.13697
0.121756
2.26964
-0.00677339
0.436786
0.661533
-1.12688
2.87147
3.59589
0.290985
0.345082
-0.31065
1.59736
4.28121
0.439157
0.567132
0.449442
0.0290261
0.799696
-0.876505
-0.228992
0.753279
0.452799
-0.784967
-5.85054
-0.510711
0.797968
-0.0373104
0.616475
-0.772363
3.40816
-0.11815
0.13697
-0.247962
-0.0886557
4.12784
1.48087
0.105713
-0.124083
-0.322823
-0.377229
1.93955
0.0693222
0.13697
0.13697
-0.119681
0.117019
2.1493
0.507196
2.00683
-0.106924
7.76098
0.144237
0.109443
0.13697
0.13697
0.125714
0.285423
-1.43119
0.120832
-0.555147
-0.567225
-3.58158
-0.225784
-0.0263987
0.13697
0.13697
0.0954616
-2.31186
-3.17293
-0.105556
-1.3454
0.256152
2.33767
0.486099
0.102424
0.102286
0.13697
-0.214847
1.75681
-2.73418
0.000561693
-0.214926
-1.68059
43.1881
2.96152
-0.0650698
0.102286
0.294659
-0.592949
-3.7386
0.0354688
0.681911
-0.314711
0.931717
0.137768
0.142669
1.84907
2.85877
1.9478
0.183994
-0.957937
1.33499
0.160384
0.279902
0.365943
0.427589
0.327875
15.2867
1.77653
0.713807
0.959585
1.49123
0.621355
2.5433
2.70635
0.691992
1.50065
3.96312
12.7785
-0.638029
-0.165687
-1.38134
-0.0818195
-1.33939
-3.7369
0.00935829
0.137768
-0.256714
-0.353386
1.76951
-3.54953
1.96377
0.165909
1.63491
0.491889
2.11743
0.0909813
0.137768
0.137768
-0.0190687
0.0984714
3.45126
0.664205
-2.98632
-5.92211
-2.32389
0.283601
0.126138
0.137768
0.137768
0.136734
0.30383
-1.58179
3.09982
1.1277
-0.72623
-1.88659
0.46751
-0.0826876
0.137768
0.137768
0.130321
5.97649
2.4816
1.70199
-0.356725
-2.36019
-23.0057
-0.56169
0.0150509
0.000155094
0.137768
-0.0217562
2.7896
0.932539
0.684524
0.482611
1.27009
-4.73735
1.41585
-0.0150194
0.000155094
0.335027
2.2846
7.23378
2.0376
-1.25011
2.86926
1.30751
19.0602
0.147262
0.162983
0.435866
2.4382
1.23105
2.41121
0.672483
2.27485
5.07528
0.365257
0.391487
0.0847907
-0.0596311
9.34135
5.08618
0.47914
0.00601939
-1.63119
-1.23264
-1.6466
-0.0427751
0.113396
0.0170031
-0.0328218
5.25926
-0.145653
-1.256
-2.92052
2.30446
-0.840113
0.276604
0.295161
0.147262
0.129125
0.17871
2.12277
0.329891
-2.47017
-1.71857
-2.313
-0.214517
-0.569447
0.120957
0.147262
0.147262
0.163922
0.180307
0.322478
0.509264
1.59666
0.094575
-1.40846
0.327974
0.0962453
0.147262
0.147262
0.148555
0.365369
3.68388
-0.0298578
-4.75801
2.66408
0.195551
0.023174
0.133684
0.147262
0.147262
0.175652
-6.93952
-0.637728
2.24756
-0.0332392
-0.0130062
-0.347613
-0.347238
0.11186
1.06829
0.147262
0.146937
1.33246
2.6605
-4.11022
0.39994
0.0353483
0.199618
1.16698
0.183589
1.06829
0.379431
-0.787032
5.11381
-1.08152
-1.13101
-0.441693
-2.13511
-4.35431
1.1695
0.149436
0.170344
0.231835
0.758871
0.972125
0.829286
1.04154
0.56697
1.65113
0.563147
0.404683
0.107045
0.0978213
0.125203
0.251758
1.0689
0.5964
1.30487
0.520464
1.12972
0.520513
0.144577
0.124343
0.168565
-0.283484
-0.0595803
0.241183
0.425985
0.847521
-0.415414
0.537094
0.330497
0.149436
0.135167
0.209781
0.546199
0.563062
-0.0981728
0.612531
0.310705
-0.169393
-0.481021
0.128679
0.149436
0.149436
0.188925
0.193268
-0.173993
-0.151496
0.105575
0.272234
-0.606369
0.386401
0.17226
0.149436
0.149436
0.150165
0.37631
-0.203577
-0.227188
-0.867927
-0.352926
1.55008
0.12264
0.184048
0.149436
0.149436
0.181237
0.117403
0.585366
-0.71292
-0.441622
0.152753
1.08463
0.083972
0.174395
0.204048
0.149436
0.184843
0.245155
-0.479035
0.37997
0.643736
0.122459
-2.57912
-0.00168509
0.190075
0.204048
0.396389
0.183342
1.01015
0.943273
-0.0714038
0.182914
1.03587
1.13705
-0.010521
0.0868622
0.140293
0.0717411
0.177616
0.708051
0.814373
0.608849
-0.987369
0.399994
0.0479771
-0.161652
-1.57746
0.103383
0.0729104
-0.468602
-5.36038
-3.09654
-2.16702
-5.07472
0.0632143
-0.192759
-0.153612
0.210039
0.100667
0.023338
-0.474927
-7.29837
-2.31604
-3.10987
-0.209738
3.12152
0.258156
-2.26018
0.140293
0.122015
0.135979
0.446665
0.506172
-0.971366
-0.0857288
0.130752
0.0242954
1.92752
0.0627786
0.140293
0.140293
0.0509009
0.149306
-0.481854
-0.426575
4.38544
2.70141
8.849
0.96915
0.0986258
0.140293
0.140293
0.10539
-0.690387
0.770994
-1.47579
-2.12735
0.012327
5.89798
0.116026
0.161235
0.140293
0.140293
0.111447
5.10597
-0.329419
-4.75903
-0.305697
-1.06025
0.939073
0.0650901
0.16089
0.135977
0.140293
-0.312415
9.99834
-8.55038
0.0969389
-1.7125
-0.3538
-2.99806
-0.0306463
0.176123
0.135977
3.27917
10.2847
-12.7842
0.0760927
-2.43317
-0.996567
-2.01733
-0.195882
-0.075403
0.0675759
0.140293
0.118515
-0.117506
0.0253973
0.527492
0.210797
-1.58316
0.222306
0.20599
0.231799
0.743641
0.912631
-0.000138671
-0.060836
0.603184
-2.85274
-3.21041
0.670065
0.220813
-0.0381299
0.563332
0.857518
1.40414
-0.000674907
-0.70514
-1.56173
-6.55355
-0.0252644
-0.271473
0.243194
0.893222
0.0218568
-5.29775
0.118515
0.0792363
-0.0898558
-0.0159735
0.230677
-4.10212
0.0927092
1.12686
0.150844
-1.13199
-0.0475585
0.118515
0.118515
-0.190655
0.0255622
-0.323813
-0.227377
3.28431
0.184264
-0.464419
0.10615
-0.0497743
0.118515
0.118515
0.0419126
0.748746
-0.269998
-0.313793
4.19776
0.0457201
4.02894
0.0746833
0.0281835
0.118515
0.118515
0.0127285
-9.51176
0.0453098
7.12908
-0.115087
-2.53834
-2.72645
-0.121858
0.0374513
-0.0840854
0.118515
4.8198
0.121049
8.50187
-0.0126983
-0.628319
-2.20153
-3.40054
0.712285
0.135142
-0.0840854
1.2924
1.11619
14.9918
-0.309676
-0.592046
-4.00865
-5.16986
-10.2774
0.053952
-0.281665
0.118515
6.02297
0.0749475
-0.365339
-0.122484
-2.01742
-2.34957
0.115776
0.0724803
0.109206
0.151061
0.222684
-2.70048
-0.156065
-0.310143
-0.989649
-0.887956
0.436998
0.2075
0.0703332
0.280574
0.363929
0.0694201
0.664696
-0.30435
-3.46019
-4.76924
-4.94944
-0.116155
0.0678475
0.366496
0.345897
0.14099
3.71418
0.0749475
-0.0436455
-0.603684
-1.56105
-2.51277
-0.0507703
0.0775009
0.293474
0.0970872
0.249626
0.502139
0.0749475
0.0749475
-0.535035
-0.359106
-0.162949
-0.0626192
0.201731
0.245216
-8.08702
3.33985
0.536548
0.0749475
0.0749475
-0.121813
0.282882
-0.456633
-0.0289134
0.263028
-0.111743
-10.5613
-0.258609
0.351268
0.0749475
0.0749475
-0.219385
-10.094
-0.101856
-0.058958
-0.0149391
-0.598442
-10.9039
0.425981
0.298519
-0.264007
0.0749475
-3.01099
-0.818576
0.373234
-0.176733
-0.239177
0.446305
6.64442
0.320846
0.0488233
-0.264007
-0.922952
-0.460324
0.578001
0.637848
-0.406685
-1.20332
-3.78283
-14.1246
-0.886408
-0.0888523
0.0749475
-5.91696
0.000859291
0.0448939
0.5557
-0.184856
0.957189
0.07836
-0.0530949
0.0218331
-0.00822229
0.145362
0.64959
0.0285988
-0.327812
0.331817
-11.9626
-0.372661
0.129595
0.205741
0.279794
0.437625
0.269325
0.084847
0.322425
0.0980593
2.58521
3.50388
-0.0418514
0.232117
0.234864
0.370541
0.316882
0.132206
-3.23375
0.0448939
0.178172
0.0778725
-1.33359
-0.165069
0.0415729
0.21515
0.192451
0.132835
2.4444
0.645443
0.0448939
0.0448939
0.657588
0.530126
1.06072
0.0526618
0.772808
0.205094
10.0953
2.41228
-0.146076
0.0448939
0.0448939
-0.504464
-0.694346
-0.023956
0.10783
0.339464
0.0222379
0.532223
0.750276
0.231517
0.0448939
0.0448939
-1.15428
0.57341
-0.0431287
0.0436982
0.0564098
-0.148223
-8.23132
1.37218
0.277704
-0.108633
0.0448939
0.399413
-0.327122
-0.269349
0.60652
-0.0992731
0.40295
-5.55334
-0.145414
-0.14683
-0.108633
3.1567
-0.42362
-0.716669
0.756895
0.428405
-0.349565
-0.699486
-5.32122
0.136761
0.170308
0.0448939
-5.33391
-0.567829
-0.27363
0.0220055
-0.255088
2.5287
-0.050678
-0.00910735
0.101451
-0.029926
0.0459802
-0.0273601
-0.123202
0.0964443
0.346738
1.2263
-2.93315
0.425582
0.185896
0.285317
0.307235
0.144523
0.037031
0.233125
-0.126806
0.645217
1.30518
-0.967228
-0.0455805
-0.0323177
0.228314
0.213198
0.209581
-0.659988
0.824483
0.0220055
0.567961
0.33894
1.50834
0.566432
0.154328
0.33154
0.276894
0.152824
0.694045
-0.0939533
0.0220055
0.0220055
-0.87286
0.178171
2.00249
0.128585
0.676831
0.0366966
-6.81384
2.03979
-0.109657
0.0220055
0.0220055
0.474328
0.271749
0.0859415
0.161095
0.277726
0.044428
8.15357
0.0372051
0.547379
0.0220055
0.0220055
1.30453
14.011
-0.087712
-0.100791
0.0639361
0.276192
-4.84656
2.13291
-0.31835
-0.090286
0.0220055
3.48192
-1.08946
-0.340474
-0.0736546
0.187175
-0.232207
-13.6853
-2.40751
0.264598
-0.090286
-0.252686
-2.5973
-0.473515
-0.317189
0.920731
-0.0610599
-0.392765
-0.951175
-0.392279
-0.345378
0.0220055
-0.49981
-4.98081
-0.707459
-0.455858
0.0471601
-0.0320367
0.293529
0.353385
0.0982114
-0.000302753
-0.00315685
-0.114736
-3.3655
0.0574568
0.106522
0.353177
0.573454
11.0245
0.372922
0.23834
0.285577
0.189818
0.227147
-0.403097
-2.0407
-0.225055
0.249272
1.46989
7.59221
0.00688695
0.103022
0.331465
0.208311
0.42357
-2.81929
0.8919
0.0471601
0.463156
0.526903
1.23337
0.580423
0.0207791
0.134158
0.114693
-0.0135193
0.464816
0.150917
0.0471601
0.0471601
0.152793
-0.0725717
7.29676
0.0514345
0.0206296
0.0786249
-33.6417
-3.08463
-0.175618
0.0471601
0.0471601
0.0797068
1.45088
0.39973
0.161123
0.872132
0.355343
-7.57604
-0.382082
-0.0591078
0.0471601
0.0471601
0.354683
-15.8
-0.163057
-0.00921365
-0.0685535
-0.133843
3.86466
-0.75857
-0.0411708
-0.226174
0.0471601
4.93349
-7.21179
-0.538647
-0.0019986
0.20441
-0.0493183
-23.5696
-0.549444
0.253263
-0.226174
-0.200493
-2.76641
-0.795553
-0.617921
-0.276544
1.01213
0.0451834
-1.56934
-0.207399
-0.403987
0.0471601
-0.434316
-0.558784
-1.726
-0.689824
-0.62223
0.114397
0.061111
-0.873973
0.203862
0.089448
0.128865
0.475182
-1.86779
-3.43886
0.301737
0.263274
0.232684
-0.0262932
4.68397
0.495933
0.0891005
0.0877716
0.112711
0.0940631
-0.0741541
-5.18428
-0.092289
-0.129316
2.49191
2.03252
0.143945
0.260531
-0.175466
0.140678
1.08144
-9.37882
1.92337
0.114397
-0.104957
-1.27426
-0.996049
0.138586
0.139708
0.199146
-0.284071
-2.86598
2.5778
0.349584
0.114397
0.114397
-0.311972
0.0342624
9.45898
0.215338
0.424775
-0.238483
-3.8375
-0.812761
-0.00764817
0.114397
0.114397
0.078555
0.0220548
-4.51953
0.161441
0.370251
0.257174
-6.41436
-0.620888
0.0827747
0.114397
0.114397
-0.181078
-3.11943
-0.600418
-0.0376221
0.276334
-0.371088
-10.8819
-1.4663
0.0576881
-0.0567026
0.114397
-2.00069
-1.82469
-1.9621
-0.013273
0.429761
0.112814
-12.0092
-0.191864
-0.209603
-0.0567026
0.0857931
-0.686757
-3.02902
-0.499826
-0.576676
-0.28492
0.901067
6.67792
-0.295547
-0.207044
0.114397
0.141973
-0.113857
-0.358231
-0.645229
-0.482387
-0.343175
0.140216
0.132157
-0.307454
0.671294
-0.204808
-4.02872
-1.17858
-0.688103
-3.14175
0.421184
0.352974
0.457694
1.41906
6.4494
0.490748
-0.432086
0.0522874
-0.28119
-0.105337
0.760578
-0.782057
0.727498
-0.00555933
3.36777
9.47785
0.447814
3.89959
0.0164855
-0.480445
-2.99237
8.77838
2.44105
0.140216
0.300808
-0.110104
-1.15439
0.393867
0.555243
0.00165053
0.314478
-1.17012
0.435962
0.459443
0.140216
0.140216
0.0401172
0.166858
2.86115
0.340218
-0.783856
0.0813225
7.96338
0.135621
0.110363
0.140216
0.140216
0.139689
0.313535
0.8262
0.405588
0.408069
-0.268383
-2.3443
0.00292754
0.0167187
0.140216
0.140216
0.138619
-1.2925
1.64731
-0.141468
1.00509
0.239011
-3.33463
-0.238819
0.121425
0.029029
0.140216
-0.148609
-0.706973
4.42724
-0.236125
-0.229207
0.835241
-14.1767
-1.51551
-0.0111193
0.029029
0.296548
-2.72078
5.94687
0.422603
-0.561072
-0.449383
-0.136401
34.7707
-0.59841
-0.175908
0.140216
0.397373
-0.426771
1.34658
0.597209
0.355088
-0.530662
0.764513
0.14419
0.147169
2.19692
-3.13512
3.76773
-0.794223
-0.754259
-0.281513
-4.73724
0.269731
0.372397
0.597129
-0.326981
3.80804
1.87806
-0.896944
-1.76545
-2.22454
-2.04319
1.53008
2.42834
0.00974631
-0.0318863
1.374
6.43938
2.78198
4.86781
-1.09318
0.093558
0.0919054
-4.03342
0.188947
0.14419
0.0190129
0.0329826
1.63227
2.23279
5.5472
0.387012
-0.530151
-0.401874
-0.784272
0.107
0.14419
0.14419
0.0899352
0.173709
4.0659
1.57943
-0.789064
1.05904
-2.11438
0.277775
0.133943
0.14419
0.14419
0.145494
0.324107
1.31777
-0.471742
-0.763476
1.11438
-1.25342
-0.0401514
0.095158
0.14419
0.14419
0.165488
11.3927
1.33999
-1.13199
-0.242817
0.46544
-3.23254
-0.137471
0.0873101
0.0290219
0.14419
0.0739661
-1.36727
-2.28568
1.84208
0.258353
0.641398
9.57852
0.964115
0.114587
0.0290219
0.351462
2.09832
-2.19562
-0.406605
0.0283801
-6.72081
-0.880983
2.02323
1.5094
0.0730729
0.14419
0.435658
2.75723
-0.251979
-2.69485
-0.038663
-4.5888
-2.64209
5.75879
0.14716
0.162358
0.437078
2.45262
-2.95011
0.0865039
0.937757
0.217414
-0.24309
0.37171
0.393397
0.750288
-0.135855
-0.997735
0.892663
-4.78516
1.58265
2.34152
2.22722
-0.239077
3.30251
0.124125
0.00851495
1.80116
6.19385
-0.0254929
0.288375
-3.62405
-3.12284
-0.848269
-0.789557
0.295562
0.14716
0.117857
0.164838
2.11137
0.535088
0.145853
-2.23276
0.000480186
-0.222049
-0.573875
0.118745
0.14716
0.14716
0.163233
0.180245
0.294187
0.0154652
2.59448
-0.566322
-1.17186
0.346811
0.155614
0.14716
0.14716
0.148612
0.366255
1.08665
3.21093
1.15953
2.77246
0.0810022
0.0154906
0.169485
0.14716
0.14716
0.17618
0.0641872
1.66986
4.76165
1.06039
-1.89799
2.37282
0.00504708
0.166317
0.174943
0.14716
0.155263
-0.94359
0.750627
0.0996477
0.465041
-0.202806
-2.38993
0.499955
0.176694
0.174943
0.383251
0.115855
-0.207567
2.63756
-3.88866
-2.04611
-3.6367
-2.7192
-0.0397565
0.605277
0.14716
0.483881
0.195145
0.748663
-0.686232
0.399597
-0.768426
1.57975
0.817999
0.883741
0.149436
0.170344
0.231835
0.758871
0.972125
0.829286
1.04154
0.56697
1.65113
0.563147
0.404683
0.107045
0.0978213
0.125203
0.251758
1.0689
0.5964
1.30487
0.520464
1.12972
0.520513
0.144577
0.124343
0.168565
-0.283484
-0.0595803
0.241183
0.425985
0.847521
-0.415414
0.537094
0.330497
0.149436
0.135167
0.209781
0.546199
0.563062
-0.0981728
0.612531
0.310705
-0.169393
-0.481021
0.128679
0.149436
0.149436
0.188925
0.193268
-0.173993
-0.151496
0.105575
0.272234
-0.606369
0.386401
0.17226
0.149436
0.149436
0.150165
0.37631
-0.203577
-0.227188
-0.867927
-0.352926
1.55008
0.12264
0.184048
0.149436
0.149436
0.181237
0.117403
0.585366
-0.71292
-0.441622
0.152753
1.08463
0.083972
0.174395
0.204048
0.149436
0.184843
0.245155
-0.479035
0.37997
0.643736
0.122459
-2.57912
-0.00168509
0.190075
0.204048
0.396389
0.183342
1.01015
0.943273
-0.0714038
0.182914
1.03587
1.13705
-0.010521
0.0868622
0.149436
0.494816
0.202479
0.862378
0.623861
0.531368
0.798584
1.00768
1.16085
0.107222
0.110702
0.148931
0.155507
0.226151
0.753455
0.961752
0.814102
0.632111
-1.6001
-0.0989402
-0.00952706
0.0910579
0.106786
0.093533
0.0455787
0.221587
1.03521
0.0526321
1.25965
0.606606
1.2659
-0.104919
-0.00463193
0.122325
0.150449
-0.308715
-0.0754381
-0.469429
0.347222
-2.3639
-0.329155
4.39243
-0.13785
0.148931
0.134295
0.199762
0.535715
0.558289
-0.121006
-1.87432
0.479132
2.449
-0.682624
0.127957
0.148931
0.148931
0.154473
0.190881
-0.187399
-1.48464
-8.22057
0.332819
-11.5342
0.382077
0.168451
0.148931
0.148931
0.148655
0.351886
-0.939121
1.06906
2.13084
-2.07653
1.52865
0.122328
0.18266
0.148931
0.148931
0.178507
-1.92868
0.0733234
3.00491
0.540809
0.115102
1.0714
0.0822674
0.174025
0.198189
0.148931
-0.274341
-8.8434
2.79483
-2.61933
0.491904
0.108862
-2.60645
-0.00418123
0.189192
0.198189
-1.09312
0.807136
1.68788
-2.52752
-0.164139
-0.00613707
1.00421
1.07422
-0.0143784
0.0853048
0.148931
4.34472
5.4844
-1.85998
0.552559
0.468611
0.733513
0.986525
1.14405
0.102269
0.109735
0.148931
0.143296
0.113607
0.196165
0.713553
0.860586
0.141032
-2.50882
-0.357065
-0.0334169
0.0612584
-0.574778
0.10366
0.0755371
-0.38985
-0.502943
-0.411384
-4.9375
0.606317
0.53521
-0.561907
0.152284
0.454994
0.0974461
-0.0128612
-0.52636
-0.264119
-2.93369
0.945726
-0.197468
2.04067
0.658569
6.23361
0.143296
0.122782
0.141855
0.425929
0.500847
-0.868109
-0.171063
2.11139
0.251876
1.28794
0.0973292
0.143296
0.143296
0.111244
0.160624
-0.452285
0.289314
-0.784111
0.293862
8.3594
0.138718
0.128879
0.143296
0.143296
0.134424
0.117016
-0.680404
0.0309164
0.409712
-0.175232
1.16737
0.119195
0.169226
0.143296
0.143296
0.154998
-16.6942
-0.0538574
0.378783
0.107901
-0.92455
0.891496
0.062218
0.16408
0.180811
0.143296
-1.30506
-0.107166
3.70912
-0.0571074
-1.97014
-0.318971
-3.00369
-0.0381417
0.178505
0.180811
-2.11196
-0.643671
-2.57881
-0.30037
-3.40405
-0.757851
0.389828
0.353252
-0.0776561
0.0715365
0.143296
0.465218
5.71596
-0.026712
-3.44549
-0.763209
0.32951
0.582118
0.922246
0.0662308
0.100778
0.143296
-0.321059
0.133959
0.0540878
0.170841
0.62332
-0.50526
-3.65075
-0.181983
0.05316
-0.122421
-0.129172
0.250559
0.0103866
-0.0300123
-2.61333
-7.58664
-0.0507802
0.38067
0.215005
0.936822
0.248549
0.719484
0.563291
-4.92078e-05
0.253753
2.63102
2.46523
-2.38839
0.0710906
0.133845
0.364389
0.335752
-1.0731
0.133959
0.520508
-0.0366374
-0.00361707
-2.46485
0.0439327
-0.0272675
1.88829
0.16352
2.2558
0.300651
0.133959
0.133959
0.0152782
0.0678612
-3.27638
0.221124
2.244
-0.0709477
-2.03313
1.51618
0.0658954
0.133959
0.133959
0.100471
-0.0414604
-0.0456929
-0.0928479
0.608264
0.0371362
-1.90117
0.078924
0.0262053
0.133959
0.133959
0.106574
7.12798
0.0292096
5.25588
0.157662
0.477811
-1.09989
-0.10634
0.1005
0.121316
0.133959
-5.02536
-0.307672
0.0537279
-0.254741
0.0109205
-2.34715
-6.89141
-0.780123
0.0680817
0.121316
-0.465653
-1.69019
-0.122654
-0.290103
-0.349345
-2.56962
-3.56005
-2.84661
-0.101882
-0.017059
0.133959
-1.44499
-0.177246
5.61856
0.0961472
-0.670192
-0.621815
0.429137
3.11463
-0.459346
0.0231387
0.133959
0.239121
-6.07628
0.130062
0.00725549
0.117592
-3.85212
-0.186366
-0.785236
-0.116321
-0.0129386
-0.475055
-0.0900485
0.334777
-0.0427881
1.14127
17.6776
0.754186
-0.000412284
0.196158
0.164524
0.17036
0.0895137
-5.65154
0.00189701
-0.279675
-2.94575
-2.62624
-0.270469
-0.122159
0.135614
0.35183
0.462928
0.521561
2.16449
0.130062
0.442913
-0.384077
1.66554
5.72376
0.24764
0.177032
0.548925
0.0749501
-0.374584
0.400218
0.130062
0.130062
-0.102597
-0.192947
1.67957
0.0206338
0.337446
0.0708738
5.69659
-0.081287
0.135999
0.130062
0.130062
0.00269644
-0.189032
0.016374
0.036215
-0.630808
0.0156321
-1.94366
0.492993
0.113587
0.130062
0.130062
-0.108715
-11.083
-0.0408602
0.134063
0.0212493
0.0349056
-5.95089
0.452786
0.099574
0.077366
0.130062
-1.91689
-0.00623501
-0.0169655
-0.126937
-0.0112658
-0.45982
3.9432
1.28742
0.0434571
0.077366
0.135734
-2.4669
-0.274893
0.247275
0.161147
-0.331527
-2.16284
-11.7627
0.262864
0.0213766
0.130062
0.216751
-4.42341
-0.345236
0.597828
-0.105819
-1.15151
-0.0262334
-2.64135
-0.201871
-0.000772574
0.130062
0.556668
0.6275
-0.518367
0.124227
0.0448955
-0.0898972
0.0267955
-0.157682
0.0218449
-0.0127933
-0.365194
-5.54639
0.380857
0.330565
0.75341
1.14947
-11.4255
0.267111
0.134681
0.165967
0.265519
0.527269
0.370381
-0.570006
-0.015513
-0.167766
-0.0165921
2.85176
0.223737
0.234671
0.473353
0.419078
0.316217
0.541558
-0.593287
0.124227
0.443177
0.923658
4.60032
-1.02014
0.141623
-0.0879329
0.127994
-0.230543
-2.14848
-0.0391035
0.124227
0.124227
0.696053
1.18976
-1.34515
0.0895431
-0.398797
0.0653491
0.274954
-0.299666
0.105813
0.124227
0.124227
-0.0392558
-0.220897
-0.349355
0.0627012
-0.304246
0.188963
-8.1863
0.455165
0.0609699
0.124227
0.124227
-0.651997
-9.90403
-0.221813
0.402411
0.185597
-0.155111
-12.8908
1.64173
0.101925
0.0484727
0.124227
-3.50919
0.0682104
0.106443
0.0331097
0.0495931
-0.161341
4.22725
0.826036
0.586098
0.0484727
0.247633
-0.466002
-0.135365
-0.19927
0.0696118
0.0206328
-0.536257
-6.10551
0.247921
-0.0168042
0.124227
0.312732
-0.0895963
-2.91677
-0.0583552
1.45562
-0.167463
0.0755497
-0.329509
0.827273
0.32331
0.124227
0.546968
0.676982
0.302863
-0.169834
0.127622
0.116649
-0.308374
-0.256573
-0.0890148
-0.119385
-0.473374
-2.83233
-2.44373
0.436939
0.346711
0.636206
0.330414
-6.13628
0.394923
0.102613
0.286676
0.144032
0.307988
-0.588681
1.9909
0.0164827
0.393549
-4.43803
-6.35807
0.401894
0.266495
0.198855
0.408649
0.0381525
6.70069
-0.144403
0.127622
-0.0847425
0.0564726
-1.70867
-0.658122
0.237428
0.286656
-0.00607047
0.180425
1.53407
0.0341195
0.127622
0.127622
0.746967
-0.103807
7.04503
-0.177942
0.144896
0.659361
40.7216
-0.137633
0.0990555
0.127622
0.127622
0.0686166
0.114376
1.63974
-0.221299
-0.0298457
-0.100579
2.92925
0.640489
0.0924884
0.127622
0.127622
-0.391936
-3.54039
-3.7313
0.229183
-0.058544
0.207549
10.2785
-0.332559
0.115637
0.120042
0.127622
-1.40878
-4.29326
-0.856624
-0.00572213
-0.295533
-0.187749
4.7506
-0.6816
-0.367422
0.120042
0.281189
-0.365526
-5.1024
-0.299839
-0.0547171
-0.239211
0.0150958
-23.9195
-0.651628
-0.0210113
0.127622
0.361961
0.103235
-1.78975
-0.0764881
-0.100184
1.00273
0.14833
-0.723922
0.906327
0.365948
0.127622
0.558881
-0.019871
0.626802
-1.20743
-0.0805954
0.143835
0.151821
-0.7516
0.00646202
-0.0757428
-0.249178
-2.19905
-0.678813
0.980495
0.474329
0.379726
-0.0706392
-0.677085
7.32325
0.429003
0.973007
0.0457274
0.175165
0.693068
-1.00721
2.40055
0.0711666
0.0291501
3.11107
6.99699
-0.0356605
1.26739
0.400604
0.608459
-0.305902
3.52845
0.113318
0.143835
-0.0165893
-0.0761352
-2.44321
-1.1941
0.109239
-0.15628
-0.373986
-1.25853
-0.803546
0.091429
0.143835
0.143835
0.11321
0.17046
-5.97277
0.279633
1.33063
0.524106
-4.83133
0.212327
0.133012
0.143835
0.143835
0.138532
0.327347
1.0986
0.310272
-0.0845096
-0.652098
8.91243
-0.102541
0.147339
0.143835
0.143835
0.121057
-0.292484
0.446683
0.111042
0.0260639
0.283369
-5.14249
-0.490114
0.135815
0.136967
0.143835
-0.172747
-1.30504
-2.58295
0.251008
0.263677
0.0842446
-9.80056
-0.934609
0.098279
0.136967
0.345746
0.043902
-1.75223
-0.930289
-0.78787
0.143408
0.278651
-6.96595
-0.630841
0.0317814
0.143835
0.442146
0.139061
0.705937
0.133486
-1.29414
-0.358093
1.07168
0.0820504
0.705031
-0.0723155
0.143835
0.64751
0.969398
3.35892
0.0929451
0.581979
-0.139751
0.148275
0.163288
0.115166
0.0208973
0.120181
0.22042
0.947504
0.439599
1.58776
0.553831
0.397818
0.104618
0.052409
9.58782
3.13499
-0.317847
0.225468
-1.22798
-0.67544
-1.76466
-0.105143
0.134417
0.112707
-0.885585
12.0046
1.46507
0.60663
-1.16576
-2.3813
-0.50728
-1.37944
0.293035
0.148275
0.128572
0.187209
0.206595
4.41304
0.936318
0.978104
-2.16077
-0.233572
-0.532711
0.121968
0.148275
0.148275
0.135937
0.188462
2.86012
1.86291
3.81371
-0.552886
-1.03982
0.335375
0.164275
0.148275
0.148275
0.148128
0.363047
-0.406071
0.775495
1.92951
0.856983
0.628813
0.100345
0.181969
0.148275
0.148275
0.174783
0.021542
0.15513
-0.419567
1.44735
-0.470459
7.06494
0.0531235
0.171065
0.196844
0.148275
0.143731
0.13458
-3.0337
0.70321
-0.450537
1.90282
-11.356
-0.0779958
0.186454
0.196844
0.382813
-0.0201351
-0.617514
-2.03969
-3.49231
-0.686391
0.70951
-5.69674
-0.442313
0.0348456
0.148275
0.480793
0.195782
-0.608704
-1.45966
-3.13081
-4.68255
-1.18367
8.96012
-0.544433
-0.00248893
0.148275
0.699874
1.06733
0.930797
-2.15082
-0.440538
-1.27435
-9.74441
0.149436
0.170344
0.231835
0.758871
0.972125
0.829286
1.04154
0.56697
1.65113
0.563147
0.404683
0.107045
0.0978213
0.125203
0.251758
1.0689
0.5964
1.30487
0.520464
1.12972
0.520513
0.144577
0.124343
0.168565
-0.283484
-0.0595803
0.241183
0.425985
0.847521
-0.415414
0.537094
0.330497
0.149436
0.135167
0.209781
0.546199
0.563062
-0.0981728
0.612531
0.310705
-0.169393
-0.481021
0.128679
0.149436
0.149436
0.188925
0.193268
-0.173993
-0.151496
0.105575
0.272234
-0.606369
0.386401
0.17226
0.149436
0.149436
0.150165
0.37631
-0.203577
-0.227188
-0.867927
-0.352926
1.55008
0.12264
0.184048
0.149436
0.149436
0.181237
0.117403
0.585366
-0.71292
-0.441622
0.152753
1.08463
0.083972
0.174395
0.204048
0.149436
0.184843
0.245155
-0.479035
0.37997
0.643736
0.122459
-2.57912
-0.00168509
0.190075
0.204048
0.396389
0.183342
1.01015
0.943273
-0.0714038
0.182914
1.03587
1.13705
-0.010521
0.0868622
0.149436
0.494816
0.202479
0.862378
0.623861
0.531368
0.798584
1.00768
1.16085
0.107222
0.110702
0.149436
0.719119
1.09746
0.960007
1.86127
0.952143
1.03221
4.93996
0.772982
0.149436
0.170344
0.231835
0.758871
0.972125
0.829286
1.04154
0.56697
1.65113
0.563147
0.404683
0.107045
0.0978213
0.125203
0.251758
1.0689
0.5964
1.30487
0.520464
1.12972
0.520513
0.144577
0.124343
0.168565
-0.283484
-0.0595803
0.241183
0.425985
0.847521
-0.415414
0.537094
0.330497
0.149436
0.135167
0.209781
0.546199
0.563062
-0.0981728
0.612531
0.310705
-0.169393
-0.481021
0.128679
0.149436
0.149436
0.188925
0.193268
-0.173993
-0.151496
0.105575
0.272234
-0.606369
0.386401
0.17226
0.149436
0.149436
0.150165
0.37631
-0.203577
-0.227188
-0.867927
-0.352926
1.55008
0.12264
0.184048
0.149436
0.149436
0.181237
0.117403
0.585366
-0.71292
-0.441622
0.152753
1.08463
0.083972
0.174395
0.204048
0.149436
0.184843
0.245155
-0.479035
0.37997
0.643736
0.122459
-2.57912
-0.00168509
0.190075
0.204048
0.396389
0.183342
1.01015
0.943273
-0.0714038
0.182914
1.03587
1.13705
-0.010521
0.0868622
0.149436
0.494816
0.202479
0.862378
0.623861
0.531368
0.798584
1.00768
1.16085
0.107222
0.110702
0.149436
0.719119
1.09746
0.960007
1.86127
0.952143
1.03221
4.93996
0.772982
0.149436
0.149436
0.170344
0.231835
0.758871
0.972125
0.829286
1.04154
0.56697
1.65113
0.563147
0.404683
0.107045
0.0978213
0.125203
0.251758
1.0689
0.5964
1.30487
0.520464
1.12972
0.520513
0.144577
0.124343
0.168565
-0.283484
-0.0595803
0.241183
0.425985
0.847521
-0.415414
0.537094
0.330497
0.149436
0.135167
0.209781
0.546199
0.563062
-0.0981728
0.612531
0.310705
-0.169393
-0.481021
0.128679
0.149436
0.149436
0.188925
0.193268
-0.173993
-0.151496
0.105575
0.272234
-0.606369
0.386401
0.17226
0.149436
0.149436
0.150165
0.37631
-0.203577
-0.227188
-0.867927
-0.352926
1.55008
0.12264
0.184048
0.149436
0.149436
0.181237
0.117403
0.585366
-0.71292
-0.441622
0.152753
1.08463
0.083972
0.174395
0.204048
0.149436
0.184843
0.245155
-0.479035
0.37997
0.643736
0.122459
-2.57912
-0.00168509
0.190075
0.204048
0.396389
0.183342
1.01015
0.943273
-0.0714038
0.182914
1.03587
1.13705
-0.010521
0.0868622
0.149436
0.494816
0.202479
0.862378
0.623861
0.531368
0.798584
1.00768
1.16085
0.107222
0.110702
0.149436
0.719119
1.09746
0.960007
1.86127
0.952143
1.03221
4.93996
0.772982
0.149436
0.149436
