0000000000000000000000000000000000000000000000000000000000000000000000000000000000000000000000000000000000000000000000011
0000000000000000000000000000000000000000000000000000000000000000000000000000000000000000000000000000000000000000000001100
0000000000000000000000000000000000000000000000000000000000000000000000000000000000000000000000000000000000000000000110000
0000000000001000000000000000000000000000000000000000000000000000000000000000000000000000000000000000000000000000001000000
0000000000000000000000000000000000000000000000000000000000000000000000000000000000000000000000000000000000000000110000000
0000000000000000000000000000000000000000000000000000000000000000000000000000000000000000000000000000000000000001000000000
0000000000000000000000000000000000000000000000000000000000000000001000000000000000000000000000000000000000000010000000000
0000000000000000000000000000000000000000000000000000000000000000000000000000000000000000000000000000000000011100000000000
0000000000000000000000000000000000000000000000000000000000000000000000000000000000001100000000000000000001100000000000000
0000000000000000000000000000000000000000000000000000000000000000000000000000000000000000000100000000011110000000000000000
0000000000000000000000000000000000001000000000010000000000000000000000000000000000000000000000000000100000000000000000000
0000000000000000000000000000000000000000000000000000000000000000000000000000000000000000100000000001000000000000000000000
0000000000000000000000000011000000000000000000000000000000000000000000000000000000000000000000000110000000000000000000000
0000000000000000000000000000100000000000000000000000000000000000000000000000000000000000000001111000000000000000000000000
0000000000000000000000000000000000000000000000000000000000000000000000001000000011110000000010000000000000000000000000000
0000000000000000000000000000000000000000000000000000000000000000000000000000001100000000011000000000000000000000000000000
0000000000000000000000000000000000000000000000001000000000000000000000000000000000000011000000000000000000000000000000000
1000000000000000000000000000000000000000000000000000000000000000000000000000010000000000000000000000000000000000000000000
0000000000000000000000000000000000000000000000000000000000000000010000000011100000000000000000000000000000000000000000000
0000000000000000000000000000000000000000000000000000000000110000000011000100000000000000000000000000000000000000000000000
0000000000000000000000000000000000000000000000000000000000001100000000110000000000000000000000000000000000000000000000000
0000000000000000000000000000000100000000001000000000100000000001000100000000000000000000000000000000000000000000000000000
0000000000000000000000000000000010000000000000000000010000000000100000000000000000000000000000000000000000000000000000000
0000000000000000000100000000001000000000010000000001000000000010000000000000000000000000000000000000000000000000000000000
0000000000000000000000000000000000000100000000000000000001000000000000000000000000000000000000000000000000000000000000000
0000000000000000000000000000000000000000000000000000000110000000000000000000000000000000000000000000000000000000000000000
0000000000000000000000000000000000000000000000100000001000000000000000000000000000000000000000000000000000000000000000000
0000000000000011100000000000000000000001000000000010000000000000000000000000000000000000000000000000000000000000000000000
0000000000000000000000000000010000000010100000000100000000000000000000000000000000000000000000000000000000000000000000000
0000000000000000000000000000000000000000000011000000000000000000000000000000000000000000000000000000000000000000000000000
0000000000000000000000000000000001000000000100000000000000000000000000000000000000000000000000000000000000000000000000000
0000000000000000000000001100000000010000000000000000000000000000000000000000000000000000000000000000000000000000000000000
0000000000000000000000010000000000100000000000000000000000000000000000000000000000000000000000000000000000000000000000000
0000000000000000000001100000000000000000000000000000000000000000000000000000000000000000000000000000000000000000000000000
0000000011000000000010000000000000000000000000000000000000000000000000000000000000000000000000000000000000000000000000000
0000111100000000011000000000000000000000000000000000000000000000000000000000000000000000000000000000000000000000000000000
0001000000000100000000000000000000000000000000000000000000000000000000000000000000000000000000000000000000000000000000000
0000000000110000000000000000000000000000000000000000000000000000000000000000000000000000000000000000000000000000000000000
0110000000000000000000000000000000000000000000000000000000000000000000000000000000000000000000000000000000000000000000000
