0000000000000000000000000000000000000000000000000000000000000000000000000000000000000000000000000000000000000000000000011
0000000000000000000000000000000000000000000000000000000000000000000000000000000000000000000000000000000000000010000000100
0000000000000000000000010000000000100000000000000000000000000000000000000000000000000000000000000000000000010000000001000
0000000000000000000000000000000000000000000000000000000000000000000000000000000000000000000000101000000000100000000110000
0000000000000000000000000000000000000000000000000000010000000000000000000000000000000000100000000001000000000000001000000
0000000000000000000000000000000000000000000000000000000000000000000000000000000000000000000000000000100000000000110000000
0000000000000000000000000000000000001100000000000000000000000000000000000000000000000000000000000000000000000001000000000
0000000000000000000000000000000000000000000000000000000000000000000000000000000000000000000000000000000000001100000000000
0000000000000000000000000000000000000000000000000000000000000000000000000000000000000000000000010000000001000000000000000
0000000000000000000000000000000000000000000000000000000000000000000000000000000000000000000000000000001110000000000000000
0000000000000000000100000000001000000000010000000000000000000100000000000000000000000000000000000000010000000000000000000
0000000000000000000000000000000000000000000000000000000000000000000000000000100000000000000000000010000000000000000000000
0000000000001000000000000000000000000000000000000000000000000000000000000000000000000001000000000100000000000000000000000
0000000000000000000000000000000000000000000000000000000000000000000000000000000100000000001011000000000000000000000000000
0000000010000000000010000000000000000000000000000000000000000000000000000000000000000000000100000000000000000000000000000
0000000000000000000000000000000000000000000000000000000000000001000000000000001000000000010000000000000000000000000000000
0000000000000000000000000000000000000000000000000000000000000000000000000101000000001010000000000000000000000000000000000
0000000000000000000000000000000000000000000000000000000000000000000000000010000000010100000000000000000000000000000000000
0000000000000000000000000000000000000000000000000000000000000000000100000000000000100000000000000000000000000000000000000
0000000000000000000000000000000000000000000000000000000000000000000000000000000011000000000000000000000000000000000000000
0000000001000000000000000000000000000000000000000000000000000000000000000000010000000000000000000000000000000000000000000
0000000000000000000000000000000000000000000000000000000000110000000001111000000000000000000000000000000000000000000000000
0000000000000000000000001100000000010000000000000000000000000000000010000000000000000000000000000000000000000000000000000
0000000000000000000000000000000000000000000000000000000000000000011000000000000000000000000000000000000000000000000000000
0000000000000000000000000000000000000000000000110000000000000000100000000000000000000000000000000000000000000000000000000
0000001000000000000000000000100000000001000000000101000000000010000000000000000000000000000000000000000000000000000000000
0000000000000000000000000000000000000000100000000010000000001000000000000000000000000000000000000000000000000000000000000
0000000000000000000000000000000000000000000000000000000001000000000000000000000000000000000000000000000000000000000000000
0000000000000000000000000000000000000000000000000000000110000000000000000000000000000000000000000000000000000000000000000
0000000000000000000000000000000000000000000001000000001000000000000000000000000000000000000000000000000000000000000000000
0000000000000000000000000000000100000000001000000000100000000000000000000000000000000000000000000000000000000000000000000
0000010000000000000000000011000000000010000000001000000000000000000000000000000000000000000000000000000000000000000000000
0000000000000000000000000000000000000000000110000000000000000000000000000000000000000000000000000000000000000000000000000
0000000000000000000000000000000011000000000000000000000000000000000000000000000000000000000000000000000000000000000000000
0000000100000000011000000000010000000000000000000000000000000000000000000000000000000000000000000000000000000000000000000
0000000000000000000001100000000000000000000000000000000000000000000000000000000000000000000000000000000000000000000000000
0000000000000111100000000000000000000000000000000000000000000000000000000000000000000000000000000000000000000000000000000
0000000000110000000000000000000000000000000000000000000000000000000000000000000000000000000000000000000000000000000000000
0011100000000000000000000000000000000000000000000000000000000000000000000000000000000000000000000000000000000000000000000
1100000000000000000000000000000000000000000000000000000000000000000000000000000000000000000000000000000000000000000000000
