0000000000000000000000000000000000000000000000000000000000000000000000000000000000000000000000000000000000000001000000001
0000000000000000000000000000000000000000000000000000000100000000000000000000000000000010000000000000000000000000000000010
0000000000000000000000010000000000000000000000000000000000000000000000000000000000000000000000000000000000010000000000100
0000000000000000000000000000000000000000000000000000000000000000000000000000000000001000000000010000000000100000000001000
0000000000000000000000000000000000000000000000000000000000000000000000000010000000000000000000100000000001000000000010000
0000000000000000000000000000000000000000000000000000000000000000000000000000000000000000000001000000000110000000001100000
0000000000000000000000000000000000000000000000000000000000000000000000000000000000000000000010000000001000000000010000000
0000000000000000000000000000000000000000000000000000000000000000000000000000000000000000000100000000000000000000100000000
0000000000000000000000000000000000000000000000000000000000000000000000000000000000000000000000000000010000000010000000000
0000000010000000000000000000000000000000000000000000000000000000000000000000000000000000000000000000000000000100000000000
0000000000000000000000000000000000000000000000000000000000000000000000000000000000000000000000000100000000001000000000000
0000000000000000000000000000000000000000000000000000000000000000000000000000000000000000000000000001100000000000000000000
0000000000000000000000000000000000000000000000000000000000000000000000000000000000000000001000000010000000000000000000000
0000000000000100000000001000000000000000000000000000000000000000000000000000000000000100000000001000000000000000000000000
0000000000000000000000000000000000000000000000000000000000000000000000000000000000000000110000000000000000000000000000000
0000000000000000000000000000000000000000000000000000000000000000000000000000010000000001000000000000000000000000000000000
0000000000000000000000000000000000000000000000000000000000000000000000110100000000110000000000000000000000000000000000000
0000000000000000000000000000100000000011000000000000000000000000000000000000000001000000000000000000000000000000000000000
0000000000000000000000000000000000000000000000000000000000000000000000000001001110000000000000000000000000000000000000000
1000000000000000000000000000000000000000000000000000000000000000000000000000100000000000000000000000000000000000000000000
0000000000000000000000000000000000000000000000000001000000000000000000001000000000000000000000000000000000000000000000000
0000000000000000000000000000000000000000000000000000000001000000000111000000000000000000000000000000000000000000000000000
0000000100000000000000000000000000000000000000000000000000000000001000000000000000000000000000000000000000000000000000000
0000000000000000000000000000000000000000000000000000000000000000110000000000000000000000000000000000000000000000000000000
0000000000000000000000000000000100000000001000000000110000000001000000000000000000000000000000000000000000000000000000000
0000000000000000000000000000000000000000000000000000000000000010000000000000000000000000000000000000000000000000000000000
0000000000000000000000000000000000000000000000000010000000000100000000000000000000000000000000000000000000000000000000000
0000000000000000100000000000000000000000000000001000000000011000000000000000000000000000000000000000000000000000000000000
0000000000000000000000000000000000001000000000010000000000100000000000000000000000000000000000000000000000000000000000000
0000000000000000000000000000000000100000000001000000000010000000000000000000000000000000000000000000000000000000000000000
0000000000000000000000000000000000000000000100000100001000000000000000000000000000000000000000000000000000000000000000000
0000000000000000000000000011000000010100000000100000000000000000000000000000000000000000000000000000000000000000000000000
0000000000000000000000000000000001000000000010000000000000000000000000000000000000000000000000000000000000000000000000000
0000000000000000000110000000001000000000010000000000000000000000000000000000000000000000000000000000000000000000000000000
0000000000000000001000000000010000000000100000000000000000000000000000000000000000000000000000000000000000000000000000000
0000000000000000000001000000000010000000000000000000000000000000000000000000000000000000000000000000000000000000000000000
0000000000000010000000000100000000000000000000000000000000000000000000000000000000000000000000000000000000000000000000000
0000000000001000000000100000000000000000000000000000000000000000000000000000000000000000000000000000000000000000000000000
0000000000000000010000000000000000000000000000000000000000000000000000000000000000000000000000000000000000000000000000000
0001000000000001000000000000000000000000000000000000000000000000000000000000000000000000000000000000000000000000000000000
0000000000110000000000000000000000000000000000000000000000000000000000000000000000000000000000000000000000000000000000000
0000001001000000000000000000000000000000000000000000000000000000000000000000000000000000000000000000000000000000000000000
0000110000000000000000000000000000000000000000000000000000000000000000000000000000000000000000000000000000000000000000000
0110000000000000000000000000000000000000000000000000000000000000000000000000000000000000000000000000000000000000000000000
