0000000000000000000000000000000000000000000000000000000000000000000000000000000000000000000000000000000000000000000000011
0000000000000000000000000000000000000000000000000000000000000000000000000000000000000000000000000000000000000000001000100
0000000000000000000000000000001000000000000000000000000000000000000000000000000000000000000000000000000000010000000001000
0000000000000000000000000000000100000000000000000000000000000000000000000000000000000000000000000000000000000000000110000
0000000000000000000000000000000000000000000000000000000000000000000000000000000000000000000000000000000000000000110000000
0000000000000000000000000000000000000000000000000000000000000000000000000000000000000000000000000000000000000011000000000
0000000000000000000000000000000000000000000000000000000000000000000000000000000000000000000000000000100000000100000000000
0000000000000000000000000000000000000000000000000000000000000000000000000000000000000000000000000010000000001000000000000
0000000000000000000000000000000000000000000000000000000000000000000000000000000000011000000000001000000000100000000000000
0000000000000000000000000000000000000000000000000000000000000000000000000010000000000100000000000000000011000000000000000
0000000000000000000000000000000000000000000000000000000000000000000000010000000001000000000010010000000100000000000000000
0000000000000000000000000000000000000000000000000000000000000000000000001100000000000000000000000000001000000000000000000
1000000000000000000000000000000000000000000000000000000000000000000000000000000000000000000000000000010000000000000000000
0000000000000000000000000000000000000000000000000000000000000000000000000000000000000000100000000001000000000000000000000
0000000000000000000000000000000000000000000000000000000000000000010000000000100000000001000000000100000000000000000000000
0000000110000000001100000000000000000000000000000000000000000001000000000000000000000000000000100000000000000000000000000
0000001000000000000000000000000000000000000000000000000000000000000000000000000000100000000001000000000000000000000000000
0000000000000000000000000000000000000000000000000000000000000000000000000000000100000000001100000000000000000000000000000
0000000000000000000000000000000000000000000000000000000000000000000100000000001000000000010000000000000000000000000000000
0000000000000000000000000000000000000000000000000000110000000000100000000001000000000010000000000000000000000000000000000
0000000000000000000000000000000000000100000000000000000000100000000001000000000010000000000000000000000000000000000000000
0000000000000000000000000000000000000000000000000000000000000000001000000000010000000000000000000000000000000000000000000
0000000000000000000000000000000000000000000000000011000000001110000000100000000000000000000000000000000000000000000000000
0000000000000000000000000000000000010000000000100000000001000000000010000000000000000000000000000000000000000000000000000
0000000000000000010000000001000000000000000000001000000000010000000000000000000000000000000000000000000000000000000000000
0010000000000000000000000000000000000000000000000000000010000000000000000000000000000000000000000000000000000000000000000
0000000000000000000000000000000000000000000000000000001100000000000000000000000000000000000000000000000000000000000000000
0000000000000000000000000000100000000010000000000100000000000000000000000000000000000000000000000000000000000000000000000
0000000000000000100000000010000000001000000000010000000000000000000000000000000000000000000000000000000000000000000000000
0001000000000100000000001000000000000000000001000000000000000000000000000000000000000000000000000000000000000000000000000
0000000000000000000000000000000000000000000110000000000000000000000000000000000000000000000000000000000000000000000000000
0000000000000000000000000000000000100000001000000000000000000000000000000000000000000000000000000000000000000000000000000
0000000000000000000000000000000000000000110000000000000000000000000000000000000000000000000000000000000000000000000000000
0000000000000000000000000000010000000001000000000000000000000000000000000000000000000000000000000000000000000000000000000
0000000000000000000000000000000011000000000000000000000000000000000000000000000000000000000000000000000000000000000000000
0000110000000011000000000100000000000000000000000000000000000000000000000000000000000000000000000000000000000000000000000
0000000000000000000000110000000000000000000000000000000000000000000000000000000000000000000000000000000000000000000000000
0000000000000000000011000000000000000000000000000000000000000000000000000000000000000000000000000000000000000000000000000
0000000000011000000000000000000000000000000000000000000000000000000000000000000000000000000000000000000000000000000000000
0100000000100000000000000000000000000000000000000000000000000000000000000000000000000000000000000000000000000000000000000
0000000001000000000000000000000000000000000000000000000000000000000000000000000000000000000000000000000000000000000000000
