0000000000000000000000000000000000000000000000000000000000000000000000000000000000000000000000000000000000000000000000011
0000000000000000000000000000000000000000000000000000000000000000000000000000000000000000000000000000000000000010000000100
0000000000000000000000000000000000000000000000000000000000000000000000000000000000000000000000010000000001010000000001000
0000000000000000000000000000000000001000000000000000000000000000000000000000000000000000000000000000000000100000000110000
0000000000000000000000000000000000000000000000000000000000000000000000000000000000000000010000000000010000000000011000000
0000000001000000000000000000000000000000000000000000000000000000000000000000000000000000000000000000100000000000100000000
1000000000000000000000000000000000000000000000000000000000000000000000000000000000000000000000000000000000000001000000000
0000000000000000000000000000000000000000000000000000000000000000000000000000000000000000000000000001000000000100000000000
0000000000000000000000000000000000100000000001000000000000000000000000000000000000000000000000000000000000001000000000000
0000000000000000000000000000000000000100000000010000000000000000000000000000000000000000000000000000001110000000000000000
0000000000000000000000000000000000000000000000000000000000000000000000000000000000000000100000000010000000000000000000000
0000000000000100000000000000000000000000000000000000000000000000000000000000100000000000000000000100000000000000000000000
0000000000000000000000000100000000010000000000100000000000000000000000000000000000000000000000001000000000000000000000000
0000000000000000000000000000000000000000000000001000000000001000000000001000000000010000000000100000000000000000000000000
0000000000000000000000000000000000000000000000000000000000010000000000000000000000000000001111000000000000000000000000000
0000000000000000000000010000000000000000000000000000000000000000000000000000000000000001000000000000000000000000000000000
0000000000000000000000000000000000000000000000000000000000000000100000000001000000000010000000000000000000000000000000000
0000000000000000000000000000000000000000000000000000000000000000000000000010000000000100000000000000000000000000000000000
0000000000000000000000000000000000000000000000000000000000000110000000010100000000001000000000000000000000000000000000000
0000000000000000000000000000000000000000000000000000000001100000000001100000000000100000000000000000000000000000000000000
0000000000000000000000000000000000000000000000000000000000000000000000000000000011000000000000000000000000000000000000000
0000000000000000000000000000000000000000000000000001110000000000000000000000000100000000000000000000000000000000000000000
0000000000000000000000000000000000000000000000000000000000000000000100000000001000000000000000000000000000000000000000000
0000000000000000000000000000000000000000000000000000000000000000010000000000010000000000000000000000000000000000000000000
0000000000000000000000000000000000000000000000000000000010000000000010000000000000000000000000000000000000000000000000000
0000000000000000000000000000000000000000000000000000000100000000001000000000000000000000000000000000000000000000000000000
0000000000000000000000000000000000000000000000000110000000000001000000000000000000000000000000000000000000000000000000000
0000000000000000000000000000000001000000000000000000001000000000000000000000000000000000000000000000000000000000000000000
0000000010000000000000000000000000000000000010000000000000000000000000000000000000000000000000000000000000000000000000000
0000000000000000000000000000000000000000011100000000000000000000000000000000000000000000000000000000000000000000000000000
0000000000000000000000000000000000000011100000000000000000000000000000000000000000000000000000000000000000000000000000000
0000000000000000000000000000111110000000000000000000000000000000000000000000000000000000000000000000000000000000000000000
0000000000000000001111000001000000000000000000000000000000000000000000000000000000000000000000000000000000000000000000000
0000000000000001110000000010000000000000000000000000000000000000000000000000000000000000000000000000000000000000000000000
0000000000000010000000001000000000000000000000000000000000000000000000000000000000000000000000000000000000000000000000000
0000000000001000000000100000000000000000000000000000000000000000000000000000000000000000000000000000000000000000000000000
0000000000110000000000000000000000000000000000000000000000000000000000000000000000000000000000000000000000000000000000000
0000011100000000000000000000000000000000000000000000000000000000000000000000000000000000000000000000000000000000000000000
0001100000000000000000000000000000000000000000000000000000000000000000000000000000000000000000000000000000000000000000000
0110000000000000000000000000000000000000000000000000000000000000000000000000000000000000000000000000000000000000000000000
