0000000000000000000000000000000000000000000000000000000000000000000000000000000000000000000000000000000000000000000000011
0000000000000000000000000000000000000000000000000000000000000000000000000000000000000000000000000000000000000010000000100
1000000000000000000000000000000000000000000000000000000000000000000000000000000000000000000000000000000000000000000001000
0000000000000000000000000000000000000000000000000000000000000000000000000000000000000000000000000000000000000000001110000
0000000000000000000000000001000000000000000000000000000000000000000010000000000100000000001000000000000000000000010000000
0000000000000000000110000000000100000000000000000000000000000000000000000000000000000000000000000000000000000000100000000
0000000000000000000000000000000000000000000000000000000000000000000000000000000000000000100000000000000000000001000000000
0000000000000000000000000000000000000000000000000000000000000000000000000000000000000000000000000000000000001100000000000
0000001000000000000000000000000000000000000000000000000000000000000000000000010000000000000000000100000000010000000000000
0000000000000000000000000000000000000000000000000000000000000000000000000000000000001010000000001000000000100000000000000
0000000000000000000000000000000000000000000000000000000000000000000000000000000000000000000001100000000011000000000000000
0000000000000000000000000000000000000000000000000000000000000000000000000000000000000000000000000000001100000000000000000
0000000000000000000000000010000000001000000000000000000001000000000000000000000000000000000000000000010000000000000000000
0000000000000000000000000000000000000000000000000000000000000000000000000000001000000000010000000000100000000000000000000
0000000000000000000000000000000000000000000000000000000000000000000000000000000000000000000000000011000000000000000000000
0000000000000000000000000000000000000000000000000000000000000000000000000000000000000100000000010000000000000000000000000
0000000000000000000000000000000000000000000000000000000000000000000000000000000001000000000110000000000000000000000000000
0000000100000000000000000000000000000000000000000000000000000000000000000000000000000001000000000000000000000000000000000
0000000000000000000000000000000000000000000000000000000000000000000000000100000000110000000000000000000000000000000000000
0000000010000000000000000000000000000000000000000000000010000000000101000000000010000000000000000000000000000000000000000
0000000000000000000000000000000000000000000000000000000000000001010000000010100000000000000000000000000000000000000000000
0000000000000000000000000000000000000000001000100000010000000000100000000001000000000000000000000000000000000000000000000
0000000001000000000000000000000000000000000000000000000000000000000000001000000000000000000000000000000000000000000000000
0000000000000000000000000000000000000000000000000000000000000100000000010000000000000000000000000000000000000000000000000
0000000000000000000000000000000010000001000000000100000000010000000000100000000000000000000000000000000000000000000000000
0000000000000000000000000000000000000000000000000000000000000000001000000000000000000000000000000000000000000000000000000
0000000000000000000000000000000000000000100000000001000000000010000000000000000000000000000000000000000000000000000000000
0000000000000000000000000000000000000000000000000010000000001000000000000000000000000000000000000000000000000000000000000
0000000000000000000000000000000000000110000000011000000000100000000000000000000000000000000000000000000000000000000000000
0000000000000000000000000000000000100000000000000000000100000000000000000000000000000000000000000000000000000000000000000
0000000000000000000000000000001000000000010100000000101000000000000000000000000000000000000000000000000000000000000000000
0000000000000001000000000100000000010000000001000000000000000000000000000000000000000000000000000000000000000000000000000
0000000000000000000000000000000001000000000010000000000000000000000000000000000000000000000000000000000000000000000000000
0000000000000000000000000000110000000000000000000000000000000000000000000000000000000000000000000000000000000000000000000
0000100000000010000000001000000000000000000000000000000000000000000000000000000000000000000000000000000000000000000000000
0000000000000000000000110000000000000000000000000000000000000000000000000000000000000000000000000000000000000000000000000
0000000000000100000001000000000000000000000000000000000000000000000000000000000000000000000000000000000000000000000000000
0000000000000000111000000000000000000000000000000000000000000000000000000000000000000000000000000000000000000000000000000
0000000000011000000000000000000000000000000000000000000000000000000000000000000000000000000000000000000000000000000000000
0001000000100000000000000000000000000000000000000000000000000000000000000000000000000000000000000000000000000000000000000
0000010000000000000000000000000000000000000000000000000000000000000000000000000000000000000000000000000000000000000000000
0110000000000000000000000000000000000000000000000000000000000000000000000000000000000000000000000000000000000000000000000
