0000000000000000000000000000000000000000000000000000000000000000000000000000000000000000000000000000000000000000000000011
0000000000000000010000000000000000000000000000000100000000000000000000000000000000000000000000000000000000000000000000100
0000000000000000000000000000000000000000000000000000000000000000000000000000000000000000000001011000000000100000000001000
0000000000000000000000000000000000000000000001000000000010000000000000000000000000000000000000000000000001000000000010000
0000000000000000000000000000000000000000000000000000000000000000000000000000000000000000000000000000000010000000001100000
0000000000000000000000000000000000000000000000000000000000000000000000000000000000100000000010000000000100000000010000000
0000000000000000000000000000000010000000000000000000000000000000000000000000000000000000000000000000001000000000100000000
0000000000000000000000000000000000000000000000000000000000000000000000000000000000000000000000000000000000000011000000000
0000000000000000000000000000000000000000000000000000000000000000000000000000000000000000000000000000010000000100000000000
0000000000000000000000000000000000000000000000000000000000000000000000000000100000000001000000000000000000001000000000000
0000000000000000000000000000000000000000000000000000000000000000100000000000000000000000000000000000000000010000000000000
0000000000000000000000000000000000000000000000000000010000000000000000000000000000000000010000000000100000000000000000000
0000000000000000000000000000000000000000000000000000000000000000000000000000000000000000000000000011000000000000000000000
0000000000000000000000000000000001100000000000000000000000000000000000000000000000000000000000000100000000000000000000000
0000000000000000000000000011000000000000000000000000000000000000000000000000000000010000000000100000000000000000000000000
0000000000000000000000000000000000000000000000000000000000000000000000000000000000000000001100000000000000000000000000000
0000000000000000000000000000000000000000000000000000000000000000000000000000010000000000100000000000000000000000000000000
0000000000000000000000000000000000000000000000000000000000000000000000000001001100000010000000000000000000000000000000000
0000000000000000000000000000000000000000000000000000000000000000000110000000000000000100000000000000000000000000000000000
0000000000000000000000000000000000000000000000000000000000000011000000000100000000001000000000000000000000000000000000000
0000000000000000000000000000000000000000000000000000000000000100000000010000000001000000000000000000000000000000000000000
0000000000000000000000000000000000000000000000000010000000000000000000000000000010000000000000000000000000000000000000000
0000000000000000000000000000000000010000000000000001000000000000000000001010000000000000000000000000000000000000000000000
0000000000000000000000000000000000000000000000000000000000001000000001100000000000000000000000000000000000000000000000000
0000000000000000000000000000000000000000000000000000000000000000011000000000000000000000000000000000000000000000000000000
1000000000000000000000000000000000000000000000000000000000010000000000000000000000000000000000000000000000000000000000000
0000000000000000000000000000100000000000000000011000000001100000000000000000000000000000000000000000000000000000000000000
0000000000000000000000000000000000000000000000000000000100000000000000000000000000000000000000000000000000000000000000000
0000000000000000000000000000000000000000000010000000001000000000000000000000000000000000000000000000000000000000000000000
0000000000000000000000000000000000000000010000100000100000000000000000000000000000000000000000000000000000000000000000000
0000000000000000000000000000001100000000001100000000000000000000000000000000000000000000000000000000000000000000000000000
0000000000000000000000000000000000001110100000000000000000000000000000000000000000000000000000000000000000000000000000000
0000000000000000000000000000010000000001000000000000000000000000000000000000000000000000000000000000000000000000000000000
0000000000000000000000011100000000000000000000000000000000000000000000000000000000000000000000000000000000000000000000000
0000000000000000000001100000000000000000000000000000000000000000000000000000000000000000000000000000000000000000000000000
0000000000000100000010000000000000000000000000000000000000000000000000000000000000000000000000000000000000000000000000000
0000000000000000001100000000000000000000000000000000000000000000000000000000000000000000000000000000000000000000000000000
0000000000000011100000000000000000000000000000000000000000000000000000000000000000000000000000000000000000000000000000000
0000000000011000000000000000000000000000000000000000000000000000000000000000000000000000000000000000000000000000000000000
0000000001100000000000000000000000000000000000000000000000000000000000000000000000000000000000000000000000000000000000000
0000000110000000000000000000000000000000000000000000000000000000000000000000000000000000000000000000000000000000000000000
0000011000000000000000000000000000000000000000000000000000000000000000000000000000000000000000000000000000000000000000000
0001100000000000000000000000000000000000000000000000000000000000000000000000000000000000000000000000000000000000000000000
0110000000000000000000000000000000000000000000000000000000000000000000000000000000000000000000000000000000000000000000000
