0
0
0
0
0
0
0
0
0
0
0
0
0
0
0
0
0
0
0
0
0
0
0
0
0
0
0
0
0
0
0
0
0
0
0
0
0
0
0
0
0
0
0
0
0
0
0
0
0
0
0
0
0
0
0
0
0
0
0
0
0
0
0
0
0
0
0
0
0
0
0
0
0
0
0
0
0
0
0
0
0
0
0
0
0
0
0
0
0
0
0
0
0
0
0
0
0
0
0
0
0
0
0
0
0
0
0
0
0
0
0
0
0
0
0
0
0
0
0
0
0
0.611039
0.514997
1.40699
0.274123
0.252309
16.6852
-0.0295847
-0.290091
1.18688
1.00047
-0.458283
-0.268122
-1.89931
0.124434
0.628112
-0.505314
-0.890872
-7.15926
0.22312
0.11931
0.646004
-0.0657289
0.555502
-1.83484
-0.0944018
0.154725
0.0885664
0.485045
0.279632
0.354598
-0.0371009
0.290254
0.0441318
0.137857
0.0347973
0.429906
0.550023
0.269074
2.5034
0.369349
0.48148
-0.0636526
0.474765
-0.147307
0.836806
0.638585
0.320845
1.51038
-1.54677
2.51134
4.73987
1.83507
-1.99371
-1.44001
22.8244
0.615443
1.10068
6.25172
4.94471
-0.687387
-2.88239
-0.323437
-0.483895
1.81899
6.38984
0.281102
0.408397
0.940343
7.7346
0.298314
0.294654
0.0451976
-0.198962
-0.315629
-0.544745
13.2764
0.204072
0.810565
0.107277
-0.470075
-2.45493
1.00376
0.452144
0.077341
-0.18275
-0.117546
-0.0348611
-12.4856
-0.0552577
-0.410788
1.94952
-0.406023
-0.254072
-8.93166
-0.242957
0.689009
0.477222
-0.0095572
-0.1955
-0.383685
6.76386
0.200586
-0.364708
-0.296278
1.1127
-1.84801
-0.367493
-6.35534
-0.297647
-0.259972
0.501652
0.342807
0.0336505
-0.139821
26.4826
0.112658
0.0815
0.23414
-0.248192
0.840084
0.268132
-0.501873
6.28159
-0.275952
-0.436039
-0.561623
-0.037341
0.114315
-0.118336
16.8051
-0.411982
-0.0787239
-0.461645
0.0305013
-0.0611428
0.905837
-0.0560581
-0.608128
-2.2212
-0.0186773
0.105034
-0.0923439
-0.393939
-0.53017
0.201368
-3.28187
-0.422973
-0.208484
-0.444248
-0.0105327
0.113025
0.0346794
1.03418
-0.472205
-0.0273352
0.5302
-0.325717
-0.123691
0.0319596
0.4068
0.19464
-0.712654
-17.1888
-0.438182
-0.749388
-0.219976
0.0743922
-0.125786
-0.0208507
-0.186713
0.787386
-0.431219
0.116765
3.93131
-0.0583106
-0.280346
-0.26116
0.24962
0.664097
0.872177
-59.185
-0.379387
0.105975
-0.125833
0.168687
-0.105883
-0.0631087
0.0041605
0.0638288
0.633402
0.0728564
0.22156
2.07219
-0.0430296
-0.462695
-0.216187
-0.214879
0.111684
0.733088
128.164
0.382007
0.380627
0.779407
0.0438406
0.0781752
0.00638598
-0.154615
0.279851
-0.0681348
0.650845
0.601788
0.308307
0.875574
0.775631
0.0138766
-2.79256
-3.89076
0.257836
-0.412112
36.6067
0.814924
0.264925
-3.25194
0.229999
-0.0682398
0.201447
0.104447
-0.110314
-0.343691
-0.096946
0.713853
0.49564
1.02635
2.8588
0.188667
-0.195178
-0.0267135
-0.113992
-0.275418
-1.42347
4.28127
0.232575
0.570643
0.794906
0.964335
0.379791
0.223189
0.326277
0.149312
0.0399728
0.18508
0.0950835
4.10407
0.152144
0.0929449
5.63049
0.210089
-0.159726
0.087705
-0.0535144
-0.104427
-0.0403024
-6.0502
-0.00457278
-0.460788
0.652427
0.95792
0.230649
0.400652
0.0625952
0.0479791
0.126373
-0.0567505
-0.00496359
-4.39606
15.4981
-0.383616
0.0947974
-5.75638
-0.237452
0.0940496
0.141786
-0.0544303
-0.118554
0.177484
-22.6159
0.177373
-0.293718
-0.868201
0.0595795
0.894787
0.265004
0.182877
-0.181891
-0.0115755
0.0844497
0.130245
6.89999
-13.6549
-0.117053
0.606669
-0.474715
-7.99096
-0.38443
-0.223928
0.110845
-0.0375772
0.0286363
0.0368044
-2.91061
0.1601
-0.236201
-0.839667
-0.656837
-0.0558997
0.763158
0.300174
-0.0920258
0.110201
-0.0257778
-0.12524
-11.5372
-1.31955
-0.178342
0.300377
0.356697
-0.36632
-6.12537
-0.470669
-0.399708
-0.143465
0.0867137
0.109612
-0.0714103
-17.5027
-0.217902
-0.214026
0.437592
-0.392314
-0.557465
-0.473705
0.886408
0.250406
-0.049082
0.0375969
-0.0705037
1.54123
79.1045
-0.141858
-0.0490077
0.488656
0.970453
-0.773628
-1.04935
0.0175943
-0.149971
-0.413191
-0.217237
0.00848533
0.0164366
15.0014
-0.113186
-0.391215
0.4402
0.356782
-0.181716
-0.435917
-0.590048
-0.200234
0.111719
0.156609
0.127383
-2.74313
-53.415
0.102933
0.00792114
0.071159
1.11074
-0.673783
0.16273
-2.94064
0.159218
0.0311894
-0.07255
-0.384512
-0.316524
-0.113145
8.36128
-0.126506
-0.126452
0.0483274
-0.122028
0.14475
-0.0396717
-0.0627149
-0.0437358
-0.525708
-0.20485
0.154144
-6.88333
-4.01307
0.13351
0.0356415
0.0406739
0.179764
0.793747
0.0787272
-0.385214
-4.74759
0.0896927
0.0790585
0.0373571
-0.0446574
-0.337507
-0.410605
-4.66017
-0.238608
-0.0649488
-0.552393
0.200854
-0.129109
0.107066
-0.222599
0.131641
0.472704
-0.789855
-0.405535
1.42556
-4.74514
0.0217107
0.136601
0.0109243
0.0186298
0.191919
0.568493
0.18091
0.261597
-4.64851
-0.102624
-0.186812
-0.0846431
0.0771522
0.00625128
-0.330001
-25.8462
0.0814103
-0.27959
0.355596
-0.0429538
0.0829522
0.128961
-0.0103633
-0.250622
0.480246
0.748564
-0.690788
-6.54827
36.9906
-0.019763
-0.0713581
0.00494643
0.0925815
-0.0297878
-0.0721111
0.110615
-0.124104
-0.0229439
-2.86202
-0.26368
-0.0359691
-0.0119817
-0.169661
0.0459798
0.0372951
5.59715
0.134826
0.213006
0.383603
0.173441
-0.0690548
-0.134364
-0.0516186
-0.0390296
0.0801164
0.698183
1.13235
1.28943
-2.90499
0.19654
-0.0646662
0.0103326
-0.054778
-0.0236849
0.000235251
-0.285036
0.141885
0.41634
0.269413
-0.613971
0.365252
-1.57302
-0.17256
-0.0620442
-0.19507
0.0159935
8.66033
0.172561
0.221974
-0.858001
-0.0854006
-0.0840048
-0.296458
-0.118948
-0.205849
0.306302
0.169166
0.652301
26.1037
16.1856
-0.39762
-0.0726949
0.25785
-0.0450652
0.0639214
-0.033116
-0.128531
-0.371594
-0.487103
0.295406
0.789591
3.21673
-0.431404
-0.121591
0.0234766
-0.0975418
0.0373612
0.0860311
19.5958
0.109942
0.235884
0.961177
0.13709
-0.00818161
0.145922
-0.0493085
-0.106839
0.249616
0.0235875
0.0211676
1.54704
53.1924
1.02318
-0.0583873
0.03417
0.0142072
0.0731244
0.0328039
-0.0281194
0.0141003
-0.00873259
-0.115181
-0.0632237
-0.617024
3.66856
-0.225306
0.0893654
-0.0675282
-0.00059001
0.0520427
-0.0672871
-10.0777
-0.308397
-0.365704
0.178182
0.395018
0.122682
0.0122656
0.119447
0.0676578
0.059664
0.0466123
-0.00323244
-14.1319
-41.8648
0.90337
0.649136
0.034213
0.0262227
0.156483
0.167518
-0.117883
0.102259
0.0298866
0.111115
-0.296362
0.812466
0.27899
1.24277
0.0499786
0.108628
0.00795204
-0.074958
-0.0193852
-0.0997238
-6.87526
0.0645698
-0.232356
-1.28285
-0.212475
0.153091
0.0295228
0.0270974
0.249288
0.0890796
-0.0558754
0.0446735
-6.15884
-47.3988
-0.681618
0.25455
0.73804
0.109294
0.0779769
0.0544139
-0.0139356
0.14808
-0.113883
0.0406376
-0.370534
-0.316879
0.351228
-0.168609
-1.25942
-0.0804003
0.0897316
0.199905
0.0106613
0.0165429
-0.154728
2.54727
-0.167967
-0.154766
-0.291166
-0.368838
-0.306733
0.112863
-0.00155576
0.179765
-0.0489699
-0.0392404
0.011439
-13.3419
-18.1643
-0.284668
-0.533818
0.367982
0.736648
0.388241
0.115926
0.139213
0.025878
0.115963
-0.383084
-0.163351
-0.295531
-0.0315697
0.427014
0.032744
-4.86003
-0.120362
-0.266641
0.0353769
0.0679769
0.0648633
0.124771
-1.01403
0.0446721
0.00443255
-0.868063
-0.626661
-0.448743
-0.222007
-0.173722
0.0869507
0.0907882
-0.0316406
-0.103441
-5.03891
-51.5306
0.257259
-0.138776
-0.673041
0.0335285
0.795054
0.359473
0.0414705
0.0642437
-0.0420094
-0.00620277
0.163673
-0.0622072
-0.183308
0.454809
-0.105933
0.13463
4.57987
-0.378524
-0.224059
-0.376303
-0.257646
0.0345387
0.200034
8.60269
0.123371
0.104808
0.29588
-0.231499
-0.275904
-0.472635
-0.523342
-0.407951
0.030441
-0.0500727
-0.0171296
-9.7092
18.8285
-0.196115
0.0248804
-0.0957465
-0.52438
-0.131219
0.333939
0.341173
0.225162
0.0791467
-0.023423
0.308292
0.462193
0.146361
0.0253198
1.15609
-0.270688
-0.390537
3.87424
0.367787
-0.0211368
0.0768027
0.0283225
-0.314481
-0.629846
5.15186
0.11159
-0.0345318
-0.532595
0.362546
0.284038
0.198479
-0.214058
-0.250255
-0.590786
-0.349632
-0.00169456
-7.58466
65.0361
0.0767088
-0.00334355
0.163379
0.0313911
-0.0628839
0.717301
-0.892637
-0.37923
0.154703
0.171097
0.165749
-0.0443793
0.1285
0.0956104
-0.0136191
0.984422
0.262647
0.0642592
7.48535
0.0939949
6.81314e-05
-0.00591318
0.050384
0.00911713
0.0612516
-1.5281
-0.0386699
0.319272
-0.465324
0.0372631
0.0255314
-0.0912568
0.204555
-0.116709
-0.329635
-0.247743
-0.223261
-3.13873
10.0001
0.0618109
0.0128783
0.0790695
0.0310533
-0.0510846
0.0844017
0.761154
-0.515713
-0.330572
-0.0780396
0.229836
0.093264
0.102396
0.0504406
0.0255173
0.169156
0.625387
-0.280083
0.515167
1.20963
0.0483651
0.00731287
0.000663051
-0.110428
-0.0651397
0.0721867
1.46975
0.102231
0.288054
0.923476
-0.108356
-0.129944
-0.123834
0.0278843
0.180862
-0.108412
-0.0481655
-0.30477
-6.80992
10.4499
0.159541
0.102092
0.0291865
-0.0666649
0.221677
-0.108036
0.12951
0.923834
-0.527495
-0.371565
-0.0893628
0.00903536
0.0994158
0.101731
-0.0523432
0.0648835
-0.105272
0.160182
-0.25056
-0.363879
0.782628
-0.135356
0.15727
-0.0903356
0.0327297
-0.169537
-0.181603
-5.30576
0.0457802
-0.0234395
-0.0144502
-0.268101
-0.000916921
-0.0774348
-0.10516
0.0650591
-0.144897
0.323296
0.114629
2.41774
-34.4608
-0.0547271
0.0124331
-0.0825225
-0.113166
0.058527
0.0310703
0.0104748
0.0390428
1.05985
0.348522
0.273923
0.194861
0.0860421
0.0850526
-0.0127778
0.0990499
-0.216039
-0.526513
0.00299234
0.443012
0.221158
1.54028
-0.396476
0.197306
-0.238939
-0.0569286
-0.0355508
-0.268308
-23.6785
0.130192
0.218628
-1.838
-0.013775
0.0080019
0.178753
-0.0699609
-0.162298
-0.0992815
0.240508
0.103054
8.69783
29.1611
0.302665
0.0914531
0.00963234
-0.0889776
-0.0709098
0.178297
0.0263775
-0.137385
0.908139
0.749324
-0.251182
0.154016
-0.050342
-0.040546
0.0581357
0.130396
0.100534
-0.0861382
-0.321172
-0.930499
0.174058
0.772579
2.6243
-0.0077716
-0.0564931
-0.126926
-0.0226746
0.0181027
-0.0396747
-7.85493
-0.0536491
0.138335
-1.13801
0.024041
0.00963829
0.0607463
-0.11991
0.0879401
-0.0943411
-0.0684189
0.188744
-6.29759
7.02934
0.380161
-0.102843
0.383908
0.223497
-0.148091
0.110423
0.0453161
0.0625928
-0.103724
-0.350594
1.32102
0.860214
-0.401326
-0.0911904
0.100405
-0.159836
-0.0800617
-0.0155327
0.116196
0.123394
0.0793233
-0.773062
-0.123203
2.46901
0.0670567
-0.153606
-0.0708823
-0.00196501
-0.0774502
0.0306597
-5.45621
0.0220327
-0.385736
0.0771193
-0.00218263
-0.0524594
0.139014
-0.107578
-0.055954
-0.0227737
0.137172
0.022711
1.58261
-17.1161
-0.0763053
0.22046
0.00318571
0.260142
0.015426
-0.0246944
0.0618068
-0.00788056
0.0518045
0.158848
-0.310795
1.05274
0.556941
-0.105785
0.209739
-0.0946589
0.00779964
0.0749289
0.0338168
0.149998
0.509183
-0.304546
0.111483
0.285733
-0.310258
0.110331
-0.145431
-0.0501929
0.00613221
-0.0335448
0.129618
6.04034
0.26037
-0.268174
0.303105
0.0966962
0.0483392
0.0997783
0.0138946
-0.180779
0.145254
0.0653717
0.0605353
-4.9499
-8.43987
-0.579763
-0.254718
0.0615015
0.000719473
-0.0380685
0.157328
-0.0207321
-0.0678393
-0.0473072
0.271148
-0.412145
-0.501652
0.612158
0.639368
0.053813
0.169279
-0.135594
-0.00999858
0.114693
0.187495
0.202457
-0.367915
-0.279718
0.442304
0.0149948
2.5268
0.388798
0.146005
-0.0288128
0.114836
0.0171853
-0.0190948
5.2718
0.0761454
0.00667578
-2.26596
0.186653
0.152816
0.231176
-0.103337
0.154936
0.150076
0.0225786
0.0480597
7.07383
44.307
-0.420257
-0.228779
-0.158895
0.195128
0.112887
0.0710295
0.061151
0.205404
-0.0681355
0.00265317
-0.476549
-0.471459
-0.617548
0.532608
0.716025
0.316864
0.268596
-0.0393003
-0.0167446
0.0951642
0.327421
-0.261472
-0.437951
-0.362424
0.304967
0.212644
-0.509549
-2.77527
-0.13841
0.138589
0.134222
0.30419
0.160082
17.6245
0.210552
0.177195
1.56032
-0.112663
0.188934
-0.118039
0.360613
0.154341
0.596295
-0.0660927
-0.0236328
-9.60028
9.91888
-0.155192
-0.188231
-0.134325
-0.363024
0.381643
0.430915
-0.00219977
0.0173964
-0.417826
-0.16913
0.0969333
0.133987
-0.362401
-0.853521
0.780567
0.529738
0.23043
-0.0241611
-0.064054
0.304629
-0.0238648
0.170355
-0.305864
-0.396702
0.337636
0.406884
0.266601
0.217681
0.677688
-0.246107
0.221697
0.0674012
-0.14671
-0.155192
-50.5978
0.23495
0.231512
0.0771939
-0.103154
-0.512983
0.052918
-0.11587
0.0653751
-0.201983
0.414305
-0.301115
-1.47675
-7.27772
-0.0287401
0.0496796
0.146372
-0.096882
-0.27155
0.0284998
0.0477442
-0.222812
0.10232
0.736547
-0.353227
-0.26373
-0.344422
0.226046
-0.433023
1.31381
0.0832798
0.179678
0.0065661
0.185717
-0.765119
0.410327
0.058617
0.0300647
-0.598527
1.76136
-0.0179966
0.200237
-2.81801
-0.111754
0.204524
0.0183303
0.0431061
0.218042
0.146172
19.464
0.172716
0.165063
0.744221
-0.386804
-0.0270212
0.0122102
0.159929
0.217266
0.316664
0.116344
0.0254198
13.5833
-17.5318
0.276473
-0.0408729
0.0644211
-0.0427073
0.0892033
0.00649853
0.166404
-0.14218
-0.048216
-0.680862
0.457976
0.0591274
-0.0202936
-0.0636027
-0.178411
0.116754
1.27178
0.147484
-0.531538
-0.138208
-0.550655
-0.0681242
-0.049414
-0.0220224
-0.0498321
0.0859036
2.03122
0.314406
-0.323283
-4.581
-0.261988
0.0989163
-0.0268938
-0.0299459
0.132693
0.113718
14.5589
-0.0666633
-0.382742
0.682624
0.0751258
0.201628
-0.00395221
0.0558912
0.066627
0.0549297
0.19153
-0.00417378
-2.64597
-76.3927
-0.043014
-0.0465834
-0.0651332
-0.0890548
-0.00850386
0.132152
-0.0068318
0.0402793
-0.0912898
0.0116382
0.100277
-0.0444986
0.00290637
0.0803709
0.0404878
0.154033
-0.0376355
0.877165
0.0846973
-0.337954
-0.469211
0.26715
0.0698618
0.0672316
0.00928054
-0.0303639
-1.58758
0.372213
-0.29307
0.0791376
-0.612422
-0.0277363
0.0393578
-0.0282001
-0.111944
-0.0193564
-0.175453
-6.45627
0.0158853
0.0917719
0.20962
0.114467
0.161029
-0.041809
0.165164
-0.040993
-0.00707754
0.243424
0.306145
6.88041
-0.283219
0.11118
0.0960737
0.073391
-0.103799
-0.131559
0.0531089
0.0281395
0.0104493
0.0382097
-0.381669
0.265136
0.0361423
0.0473899
-0.00969196
0.149206
0.0654448
0.0188791
-0.112136
0.940042
0.00909243
-0.39611
0.17978
0.260851
0.100919
0.171791
0.323552
1.09905
-0.212054
-0.193401
-0.168416
-0.00656827
-2.1295
-0.000472437
0.0082518
-0.0464293
-0.0032557
-0.0170018
-0.168995
4.09169
0.10349
-0.135364
0.455547
0.192254
0.12872
0.0329874
0.013701
0.123331
0.0937139
0.155605
0.111317
-5.09051
-1.7909
0.282255
0.0800412
0.141199
0.128318
-0.051127
0.135087
0.147859
0.190402
0.136334
0.369143
0.0677499
-0.0733736
0.132732
0.0869062
-0.00666002
0.298144
-0.188232
-0.0662411
-0.32321
1.12552
0.699588
0.29356
0.154522
0.0237298
0.205142
0.324521
0.245782
0.0314647
-0.452197
-0.425608
0.460386
0.285373
-0.230718
0.342954
-0.010071
-0.0703821
0.0430505
-0.0286098
-0.302012
2.85763
0.209896
0.263026
0.355352
-0.0480612
0.142972
-0.0161878
0.0776207
0.100481
0.0261667
0.0676688
-0.298769
1.23419
33.6727
0.207957
0.0499529
-0.164767
0.0405295
0.0417672
0.172158
0.130651
0.280067
0.596677
0.125451
-0.0692131
-0.0628518
0.168538
0.272407
-0.0917861
0.33811
-0.0371127
-0.00117467
-0.0732123
0.350812
0.820598
-0.0436544
0.268352
-0.0873015
-0.40624
-0.734394
-0.919684
-0.15466
-0.29149
-0.461307
-0.875331
0.112725
-0.50653
-2.0832
-0.031476
0.0847151
-0.107694
0.0574301
0.036022
0.0251252
14.8026
0.33721
-0.151745
0.629189
-0.298763
-0.161047
0.069798
0.0651691
-0.197583
-0.0503807
0.0721012
-0.00891079
-0.987508
16.6143
-0.0877799
0.10923
0.0273411
0.0850322
0.174049
0.0207897
0.00921441
-0.01243
0.153439
0.204895
-0.00856081
0.41055
0.140423
0.19713
0.116257
0.0958001
0.0496119
0.0513587
0.144447
-0.0711798
-0.207762
1.0806
0.101297
-0.291568
-0.101603
0.216111
0.400732
0.191906
-0.115151
0.134992
0.0531917
0.00277032
1.06115
0.214706
4.38943
-0.25297
0.0215583
-0.0786049
0.0770736
0.0186996
0.0111388
8.66751
-0.0126075
-0.009305
-0.176856
0.214803
-0.0736408
-0.0727969
-0.0250736
0.0998135
0.0716645
-0.0245559
0.130543
-8.35238
-13.1745
-0.0202789
-0.0692065
0.193203
0.0852656
-0.0987037
0.0223355
0.108612
0.18527
0.120176
0.518935
-0.0766943
0.0321277
0.0382172
-0.16566
0.318025
0.100415
-0.0238307
-0.0300949
0.0994363
0.0516072
-0.0432196
-0.408141
0.952522
0.361629
-0.306089
-0.0104197
-0.117836
-0.126365
-0.102802
0.125714
0.0792541
0.991593
-0.484213
0.24536
-0.249403
2.12103
0.00902101
0.0451834
0.039343
-0.0492634
-0.0245176
0.0208145
15.1432
-0.0909818
-0.375399
1.20252
0.151144
0.220542
0.041867
0.184156
-0.0242247
0.0839785
0.110901
-0.0469637
-4.12559
16.9941
0.186673
-0.0228813
0.187658
-0.0918277
0.056295
0.030684
0.03475
0.122385
0.143329
0.315133
-0.137673
-0.0647354
0.00675569
0.182078
0.20438
-0.0497965
-0.0767702
0.136101
0.0945149
0.104994
0.130697
-0.487538
-0.372127
1.12889
0.499931
-0.454606
-1.07304
-0.206908
0.295909
0.133759
0.0626836
-0.0640953
-0.340063
-0.481184
-0.224261
0.0561656
5.12761
-0.368082
0.0298801
0.144862
0.00533258
-0.071419
-0.0210736
-14.8171
0.155796
0.0460245
0.934675
0.207359
0.0685486
0.200251
0.0861248
-0.00273829
-0.0666211
0.131664
0.0633044
-18.7147
-41.7679
-0.184208
-0.136913
0.0990124
0.0324571
-0.143082
-0.0870992
-0.0622092
-0.124706
0.215263
0.00866616
0.2239
-0.0750687
-0.0660022
0.0397391
0.352807
-0.128011
-0.0240227
0.075758
0.110993
-0.0285643
0.175586
0.137192
-0.0915407
-0.294295
1.09796
0.907208
-0.29286
0.175846
0.0679763
0.0536923
0.0920869
0.57538
-0.244887
-0.175202
-0.234857
0.426559
0.266892
0.0898458
-0.0688072
0.18635
-0.0906294
0.0481036
-0.174221
0.197208
3.22648
0.239444
0.233215
1.12189
0.0993144
0.25614
0.444823
0.481225
-0.135679
-0.0446958
0.23008
0.104255
1.1959
44.7186
-0.572407
-0.061429
-0.0809408
0.0527982
0.0290922
-0.105071
0.0409256
-0.0223075
0.127328
-0.438655
-0.990746
-0.0947683
0.136408
-0.0603235
-0.118814
0.0975971
0.255757
-0.18025
-0.0880676
-0.103936
-0.160813
-0.005602
-0.117552
-0.199548
-0.145949
1.98937
3.04745
-0.382519
0.0966515
0.351791
-0.114148
-0.21309
-0.371764
0.0504356
0.0232378
0.474103
0.331348
0.232497
-1.29013
-0.826652
0.0596846
0.155671
-0.0787526
0.142884
0.164286
-22.6597
0.198316
0.196846
-0.0930926
-0.328648
0.0531805
-0.11662
-0.0347142
-0.219814
0.182728
-0.240125
0.296453
-0.358088
29.0255
-0.151353
0.0167259
-0.164025
-0.00660855
0.129147
-0.147079
-0.0421395
0.0908524
-0.226396
0.188498
0.499977
-0.154333
0.0336293
0.0320818
-0.11825
-0.263905
0.0945799
-0.061897
0.0978592
0.0445235
0.044318
-0.336777
0.017494
0.0770011
0.195557
-0.0301311
4.12513
0.453736
-0.182245
0.0733
-0.148821
-0.175059
0.296837
-0.153595
-0.0061983
-0.217353
0.874824
-0.40067
0.00686827
-5.15441
0.0608597
-0.0205895
0.022342
0.134149
0.110052
0.0205918
-5.40941
0.0719798
0.0306603
-0.425823
0.315792
0.0094799
-0.0363344
-0.00857618
0.146341
-0.178672
0.0463948
0.1168
-5.15605
-23.3579
0.185557
0.0819824
0.141388
0.103988
0.0247148
0.0499261
0.102689
0.253316
0.0571979
0.180875
-0.230999
-0.0204893
0.0134083
0.0382706
0.0607059
-0.0203065
-0.0197989
0.223069
0.0887251
-0.041704
0.178806
-0.00598407
0.0704563
0.0899472
0.0311386
-0.0110131
0.355466
0.942816
0.541244
-0.0368445
-0.150097
0.984521
-0.0648008
-0.0217872
0.112123
0.0253749
-0.190299
0.393021
0.185813
0.193566
-1.6938
0.035475
0.0281277
0.00148151
0.00739548
-0.0424152
-0.110143
-9.16479
0.27691
-0.496376
-0.568531
-0.231563
0.0302116
0.0670238
-0.144046
0.0828021
-0.0782661
-0.0169289
0.114662
5.63942
27.5009
0.203511
0.151343
0.124707
0.0503521
0.0140958
0.0219675
0.0908072
0.00607925
0.0617777
0.205721
-0.0557347
0.0393508
0.113802
0.085035
-0.0382843
-0.0456157
0.0260921
0.085634
0.118181
-0.110235
-0.0171007
0.108124
0.0909078
0.207943
0.177666
-0.322416
0.392409
-0.0503547
0.967182
0.63846
-0.176591
-0.253018
0.210428
0.028106
0.00396168
-0.03342
-0.0458557
-0.328237
0.037891
-1.09737
0.190079
-2.60352
0.218029
-0.00945196
-0.0356754
0.0788519
-0.0294054
0.109097
-9.70813
-0.0102548
0.0951588
0.0639339
0.257065
0.150932
0.0928706
0.0212171
-0.00988579
-0.0252787
0.0155792
-0.0401998
-10.5929
-36.0742
0.17535
0.0103042
0.0302605
0.094309
0.0641716
0.0979395
0.0756185
0.041048
0.0605492
-0.310198
0.0483099
0.128254
0.0196083
0.0631945
-0.1022
0.137359
-0.108305
-0.123535
-0.0892842
0.181467
-0.277352
0.105846
0.0773894
0.167106
-0.127395
0.182212
0.0720503
-0.0758204
-0.473932
1.14221
0.556229
-0.562482
-0.0448189
0.14994
0.0330566
0.0079044
-0.359451
0.00270375
-0.250035
-0.24825
-0.0560963
-0.11951
-1.18139
0.10183
-0.0668079
0.0628818
-0.0697969
-0.089443
-0.276925
-3.59446
0.294016
-0.44725
0.120418
-0.0892205
-0.01433
-0.127421
0.113237
-0.150767
-0.112301
-0.436997
0.0536343
-0.875253
-10.3658
0.114059
0.114022
-0.003726
-0.0803351
0.153471
-0.0175925
-0.000154108
0.296142
0.140879
-0.0584862
0.173142
0.0755159
0.124278
0.035563
-0.00187185
-0.134733
0.0894574
0.0839056
-0.0941153
0.0739866
0.626547
0.287119
0.104322
0.175609
0.124235
-0.100048
0.357411
-0.263724
-0.155135
-0.471259
1.22424
1.42801
0.157894
0.117427
0.102553
0.0986085
0.0115878
-0.165849
0.0225709
-0.250428
-0.608571
0.537865
0.298442
0.870031
-0.553926
-0.0498117
0.16359
-0.201581
-0.231312
1.05756
8.14974
0.267334
0.277185
-0.213671
0.275202
0.231972
0.237772
-0.243398
0.309478
-0.354238
-0.199863
-0.00156658
3.81268
-94.9167
0.328488
-0.167832
0.261058
0.290026
0.0114327
-0.00801636
-0.133298
0.0561515
-0.29139
-2.14246
-0.0225694
0.475306
0.0792914
0.277942
-0.295843
-0.137947
-0.195503
0.11801
0.0252669
0.202222
0.397928
0.139488
0.0246133
0.0831968
0.234268
-1.87554
-1.41254
0.1727
0.121488
0.0759764
-0.313294
1.13294
0.130357
0.860369
-0.165586
-0.202364
-2.66495
0.495098
-1.15189
-0.444485
-0.689795
-0.762997
0.179893
-0.193583
2.64628
-0.19426
-0.120027
0.0242315
-0.00473566
0.0213938
0.289126
-6.18247
0.267412
0.202707
-0.245445
-0.0270849
0.0890246
-0.0756926
-0.141788
-0.0518189
0.150726
0.014503
0.00332498
16.0848
8.03437
-0.12326
-0.0356097
0.032512
-0.0489721
-0.130289
-0.0324463
0.127558
0.208048
0.112562
0.0243023
0.0548984
0.0646213
0.098431
0.0331833
0.0659819
0.0260728
-0.176348
-0.00160088
0.0168254
0.0751354
-0.108095
0.15825
0.19773
0.18485
-0.0444225
-0.102903
0.936756
0.0428468
0.251849
0.0892675
0.216007
0.152756
0.94434
-0.445798
-0.389536
0.0693901
0.848843
-0.172917
0.156877
0.0746951
0.171732
-0.06503
7.30703
0.895555
0.195228
1.70391
0.0135069
-0.0420829
0.0583119
-0.0838953
0.0638085
-0.0357509
11.7817
0.0120584
-0.168864
-0.0493368
-0.161181
-0.00486924
0.0945532
0.070137
-0.275495
0.0428505
0.107545
0.206465
1.16257
20.3051
0.101473
-0.0684705
-0.0996654
0.110515
-0.0555265
0.0296449
0.00192633
0.0517185
0.0625331
0.480158
0.00894412
0.121696
0.148808
0.086054
-0.105678
0.13265
0.157876
0.116449
0.1298
0.0370159
0.810237
0.115472
-0.0773234
0.0505545
0.158496
-0.233467
2.11803
0.120194
0.191008
0.11154
0.116939
0.428202
-0.158787
0.921885
-0.202798
-0.248246
-0.0705962
-0.0924411
-0.0481178
0.031758
0.125292
-0.0894184
13.3957
-0.361114
0.352452
0.512986
1.59472
0.0206454
-0.0432041
0.0383293
0.0338042
0.124653
0.0708244
-12.5558
-0.104223
0.131848
0.193472
-0.00365318
0.0861064
0.128918
-0.0424716
0.0253553
0.0602683
0.00139761
0.104813
18.5873
66.6423
0.06095
0.0458122
-0.0881084
0.174481
0.0494437
0.0377121
0.148167
0.0108601
0.0573344
0.099849
-0.14954
0.175137
0.127622
-0.024615
0.048437
0.0240085
0.0557308
0.153622
0.115447
-0.0179312
-0.0805315
0.161764
-0.14661
-0.0430901
0.28019
0.563151
1.65882
-0.155779
-0.0149038
0.0720242
0.150919
0.265209
-0.282115
-0.182987
0.990044
0.1356
-0.203347
-0.0956487
0.0231623
-0.037786
0.0951524
0.0823219
7.00514
-0.302704
-0.324905
-0.138631
-0.0655583
2.27922
0.171284
-0.100426
-0.0904128
0.00269143
0.0484758
0.0813175
13.3131
0.0959225
-0.0481502
-0.336734
-0.046639
0.0999625
0.0496678
-0.0288872
0.0838745
0.141839
0.00992301
0.084309
-1.18888
10.4069
0.158773
0.142573
0.071193
0.119732
-0.0685875
-0.00884536
0.0702322
0.11355
-0.109851
0.10593
-0.140105
-0.0285436
0.0383088
0.0627221
-0.00502756
0.124377
-0.0333679
0.0837325
-0.0453352
0.00879253
0.144556
-0.0958601
-0.0337631
0.0534458
0.149294
-0.0194515
-0.996951
-0.0688456
0.0834087
-0.0141637
0.115999
0.172871
0.337567
-0.244747
0.0852166
1.1016
0.483478
0.119338
0.113646
0.0517448
0.223573
-0.187761
8.9763
-0.137519
-0.272968
-0.0241286
0.208426
0.377475
6.40608
0.208775
-0.0323733
0.110489
-0.0485335
0.0942584
-0.0619803
30.4911
0.133982
0.48612
-1.21707
0.144756
-0.204966
0.0410424
-0.196595
-0.00501951
0.00132622
0.135635
-0.00357136
-5.82842
-24.6544
-0.0687199
0.0735105
-0.0362673
0.0387483
-0.0726099
-0.0320025
-0.00855924
0.0159739
-0.107584
0.0363893
0.00414482
0.0887191
0.0319473
-0.0398437
-0.144065
-0.0500859
0.0948702
-0.0677585
-0.0541526
0.00219046
-0.0732186
-0.021334
0.0242758
0.0256467
-0.27105
-0.362331
-0.793873
0.0793772
0.079581
-0.0339141
0.0467258
-0.410408
-0.227711
0.179267
0.144235
0.176979
1.07954
0.590896
0.0333382
0.0662583
0.119594
0.146358
-12.6034
0.0947312
0.0199371
-0.0325032
0.452348
-0.000435792
0.0107422
2.26225
0.0426831
-0.0187616
-0.017724
-0.00330955
-0.0562732
-0.14522
7.50584
0.0435596
-0.0369966
0.64858
-0.217234
0.0533421
0.0787144
0.105902
0.172813
-0.0100345
0.0238323
0.226751
5.51464
21.8012
-0.00645861
0.0510894
0.0320703
0.0348339
0.105468
-0.0163977
-0.0355365
0.116419
-0.0322185
-0.0174046
0.282117
0.0851571
0.146438
0.0124277
0.118054
0.149924
0.0636578
0.012814
0.126813
-0.00450631
0.162297
-0.16
-0.187651
-0.121697
0.19134
0.236549
-0.021261
0.0741041
0.0806314
0.0384261
0.062571
0.326264
0.117867
0.0272681
0.0299202
0.122759
0.262813
0.867986
0.549846
0.0267682
0.230459
0.0138916
6.03099
-0.00955046
0.0371928
0.0333948
-0.189131
0.472337
0.352798
-0.178241
0.632918
0.0837043
0.0976965
-0.0269615
0.0591247
0.010704
0.00488712
-12.6598
-0.185309
0.260253
0.743155
0.153625
0.071657
-0.0591245
0.112408
-0.0574137
0.092462
0.0282105
0.0561504
2.09201
-14.3339
0.00642921
0.101802
0.0736418
0.110782
0.0321688
0.123906
-0.0496958
0.098301
0.022125
-0.209643
0.0888428
0.10152
-0.0336638
0.172452
0.249128
-0.0114034
0.104315
0.0820212
-0.00168569
0.223835
0.32709
-0.12501
-0.0629769
0.110919
-0.04287
0.110328
-0.635172
0.105751
0.147961
-0.128946
-0.014818
-0.293202
-0.107183
0.106881
0.0562565
0.157225
0.214562
0.0426195
1.16084
0.619212
0.0887278
-0.0308543
9.41544
0.0178049
-0.104288
-0.0227405
0.0232526
-0.097968
0.347453
0.281214
0.211126
9.75965
0.0922142
0.0790008
0.00922525
0.0809279
0.00201787
-0.156967
26.0305
0.0572452
0.160452
0.688769
0.123659
0.0929396
0.0481462
0.0462874
0.0362363
0.0203745
-0.203639
-0.0584502
-1.99775
42.535
0.118769
0.184159
0.0283808
0.0343038
0.190144
-0.0205051
0.0340986
-0.179893
0.0436693
-0.184844
0.0729816
-0.0113297
0.147982
0.198299
0.180327
-0.145584
0.413755
0.0649205
0.00128345
0.0257492
0.234831
0.0565867
0.0863495
0.210546
0.0780233
0.053117
0.0201453
-0.037777
0.108872
0.457882
0.0182882
0.420097
0.0867863
-0.0470686
-0.0598585
-0.0571808
-0.0898855
-0.0111124
-0.380396
0.81916
0.755799
-0.172766
-15.2848
0.0902267
0.00369081
0.0704929
0.0392276
0.118869
-0.179883
0.254378
-0.576367
-0.291479
-1.26019
-0.168833
0.199308
0.0519183
0.00817869
-0.0548762
-0.160073
-31.6427
0.11848
0.312714
0.586619
-0.149524
0.0435847
0.0426989
0.0922598
0.0905071
0.00654768
0.0349395
-0.0909004
-1.44375
1.20847
0.0237073
0.141376
-0.126439
0.0270739
0.0372945
-0.0135841
0.0801578
0.0631989
-0.0941302
-0.141193
0.310723
0.0986596
0.289696
0.140358
-0.0175353
0.00987244
0.101868
-0.0333889
0.0668406
-0.00315518
0.000148974
0.156002
0.132837
0.0238324
0.0787802
-0.154418
-1.93227
0.0386305
-0.108122
-0.135814
0.38124
-0.181992
0.113372
0.210893
0.104279
0.211772
-0.458484
0.0172337
-0.146356
-0.459618
1.14651
0.857516
-2.61128
0.267994
0.0271898
0.0482967
0.0761811
0.0500913
-0.0171382
-0.254037
-0.324617
0.0628858
-0.508361
5.77356
0.312873
0.00256594
0.0369949
-0.00445314
-0.11197
-0.268539
-17.4095
0.0227342
-0.186696
0.22404
0.0949275
0.228322
0.0720187
0.0130023
0.123803
0.00650708
0.0127984
0.145751
-1.51131
30.9723
0.260869
0.167716
0.187218
0.165487
0.0871421
0.00729658
-0.0424865
-0.178373
-0.137479
-0.316583
0.23656
-0.243316
0.175529
-0.229942
0.0573754
-0.125479
0.0469554
0.0521536
0.303552
0.347037
-0.0965674
0.0787127
0.0681919
0.277977
-0.20292
-0.358799
-0.246626
-0.124833
-0.0428826
-0.14497
-0.201297
0.84579
0.215982
0.0173685
0.0918268
-0.0415751
0.579119
-0.082381
-0.326541
-0.194632
-0.439457
1.26105
21.874
0.187534
0.2773
0.0487971
0.122246
0.039298
-0.0431403
-0.23772
-0.377574
-0.659954
0.563405
0.311517
0.632063
0.206926
-0.363355
-0.172738
-0.048493
-3.33419
-2.02159
8.81159
0.277082
0.284556
-1.56218
-0.846593
-0.528758
-1.07673
0.0554857
0.423074
-0.130462
-0.613027
-1.22956
4.8205
5.07359
0.807173
6.41207
0.313446
0.432969
0.639994
-1.43874
-0.614914
0.539013
0.14776
1.09836
-0.350866
2.51908
0.974945
-0.982152
0.0726916
0.792254
0.888997
-0.697382
-0.338553
-0.136965
0.128292
0.397971
1.68301
0.0587095
-2.70196
0.274578
2.35342
0.433248
-0.17708
-0.0788772
0.646773
-0.924724
0.0300957
2.31938
1.18751
0.264214
-0.353671
-0.343709
0.392734
-0.146952
0.217208
-0.142022
22.0283
0.511852
-0.29778
-0.410639
0.410459
0.61328
0.28413
-0.0351399
0.179361
-0.28222
-0.364309
0.275135
0.192887
-2.49707
0.0943003
-0.219893
-0.00197449
-0.0924105
0.0305608
-0.0301664
13.3542
0.440076
0.104317
-1.1977
0.254218
-0.21425
0.0915169
0.0979959
0.200613
0.119253
0.0156916
0.0120859
-0.0190121
-7.75467
0.126486
-0.183159
0.00815914
0.0248235
0.0377512
-0.121598
0.0789536
-0.00377984
0.0691115
-0.0689738
-0.306822
0.00525756
-0.0283951
-0.105578
-0.0300249
-0.233813
0.252077
0.124095
0.00996885
0.162153
0.350151
0.0389732
0.014339
-0.0631533
0.0783044
0.334406
1.21079
0.0691675
0.0404108
0.286198
0.0738957
-0.276961
0.203418
0.137531
0.0143563
-0.426565
-0.352308
0.00944734
-0.0997361
-0.094719
0.0291325
-0.0202478
-27.5072
0.958582
-0.595107
-0.227714
0.0104959
-0.0286831
0.078604
0.163305
-0.0489492
-0.124144
0.210578
-0.573307
0.344798
-0.428706
10.3254
-0.0248258
-0.0563342
0.0312124
0.03787
0.00519303
0.225434
-13.5886
0.0609703
0.283392
-0.175408
0.0846238
-0.0240767
-0.0114573
0.0722205
0.230583
0.16444
0.00849901
-0.0525944
14.3684
-10.526
0.0877679
-0.0349081
0.0336109
-0.0704716
0.144827
0.0762423
0.130976
0.139173
0.204618
0.032486
-0.460401
0.0308321
-0.0158181
0.0349045
-0.0410011
0.189511
0.158217
-0.0622015
0.0987813
0.0264165
0.367488
-0.106605
0.0141331
0.106104
0.0564019
0.409306
-0.476148
0.0139273
0.022645
0.163745
-0.0199163
-0.155238
0.479798
-0.0455266
-0.0448434
-0.293662
-0.0867895
-0.0809667
0.0524034
0.0105878
-0.000980555
0.149214
0.57919
0.418179
0.918829
-0.443193
-0.243355
0.193392
0.0696987
0.0485341
0.0916495
0.0889093
0.13037
-0.17114
0.0146302
0.258446
0.0295756
2.29065
0.205354
-0.0436808
-0.0114418
0.0628206
-0.0596732
0.102858
6.89194
-0.260759
-0.189444
-0.000423026
0.00510839
-0.0307407
-0.0633088
0.0939956
0.0730564
0.0478182
0.115637
0.1036
-0.760262
-1.69072
0.0311604
0.0737513
-0.0089857
0.0165216
0.00460003
-0.0536677
0.0872003
0.0804945
0.0812837
0.185355
-0.168013
-0.150293
-0.0577983
-0.0954375
-0.0343139
0.0942715
-0.18461
0.0864719
0.0789515
-0.063667
-0.0126737
0.0913841
0.0455586
0.0155333
-0.000586054
0.510963
-1.06916
-0.13021
-0.0248457
0.00579411
0.0401406
-0.0996952
0.153852
0.0223054
-0.0962608
0.112369
0.0538184
0.21735
0.0121099
0.14434
0.0855192
0.00757108
3.97724
-0.14957
0.288398
0.761785
-0.287709
-0.176329
0.0407653
-0.0143584
0.0852366
0.0832797
0.258349
1.62188
-0.306233
0.124508
-0.72254
0.613347
1.30323
0.186531
0.154485
0.0870378
0.0352758
0.0576809
0.0954379
-10.8221
0.396983
0.17379
-0.593301
-0.0146766
0.0566069
0.0155041
-0.0256688
0.130554
0.140479
0.136777
-0.0209219
-0.856162
-35.5279
0.0864692
0.051076
-0.0112899
0.0113351
0.0932174
0.153911
0.11375
0.00760432
0.233722
-0.000196365
0.112169
0.0175643
-0.0545485
0.0872217
-0.0284393
0.0390743
0.200019
0.0698711
0.0108124
0.0681129
0.262015
-0.0138098
0.153061
-0.0538993
0.0333396
0.554028
-1.58685
0.054087
0.00375056
0.098033
0.0259489
0.123983
0.111069
0.0680792
0.00133338
-0.101575
0.156701
-0.261935
-0.020893
0.0146269
0.0415257
0.104163
-11.0314
-0.0693424
-0.0983287
0.314051
0.847903
0.30094
0.0722983
-0.0562633
-0.0737082
0.0478492
-0.0327712
0.336248
0.12228
-0.173966
0.336535
-0.164964
-0.198905
-2.83707
0.0892366
0.168791
0.0221261
0.0613503
0.0259007
0.0895555
-16.8253
-0.147646
0.109413
0.830259
-0.0704715
0.0509458
0.0779835
0.166898
-0.0701534
0.143655
0.0388033
-0.0377582
0.947146
17.6934
0.0956415
-0.0139788
0.0518161
-0.0181837
0.0512112
0.113572
0.0936646
-0.0402062
0.139067
-0.0533359
-0.0671969
0.0131496
0.0555512
-0.0206683
0.0701968
0.158801
0.146018
0.0568356
0.125624
0.0772245
0.0612991
0.112297
0.0797483
0.17925
-0.0368635
-0.0556705
0.156431
-0.0750707
-0.0274425
-0.0867301
0.0400326
-0.163488
-0.0778606
0.0225811
-0.0952622
0.112084
0.539849
0.111182
-0.017334
0.1466
-0.0390286
-0.0413418
2.35841
0.00295394
0.0666973
-0.0387848
0.234184
0.851403
0.471927
-0.0948767
0.0452856
0.11957
-0.0631681
-0.452614
-0.0599654
0.0647915
-0.172575
0.450758
-0.511856
-0.411151
-1.57952
-0.0500591
0.00110417
0.144434
0.0266388
0.0178312
0.217103
25.4651
-0.310341
-0.00136874
-0.411194
0.210589
0.0799495
0.128817
0.0160625
-0.00829426
0.0180217
0.0945613
-0.039099
-2.72709
5.62852
-0.0903732
0.0540648
-0.0984595
-0.0116747
0.230319
-0.0703325
0.0982581
-0.00316394
0.0040278
0.181901
0.0907917
-0.0252184
0.0375444
0.125373
0.0328777
0.0448081
-0.0457415
-0.0651395
-0.0544566
0.0460215
-0.141276
0.100905
0.13394
0.00913186
0.0896283
0.0113046
-0.645291
0.176676
0.0957534
0.112159
0.0499829
-0.0729045
0.122451
0.0633108
0.00217011
0.176884
-0.0402101
0.416667
0.0739754
-0.076813
-0.0745424
-0.0601943
-7.03996
-0.0200457
0.0554062
0.138204
0.00968034
0.161696
0.817751
0.471704
-0.13278
-0.0796892
0.0172273
0.593113
0.125024
-0.11459
0.000105867
-0.111624
0.379427
-0.369262
0.271385
2.93893
0.280036
0.086015
0.0489892
0.0123799
0.0892391
-0.0286228
-12.6187
0.0593188
-0.114928
-0.343156
0.0604719
-0.113132
0.181793
0.178228
0.0113343
0.0268349
0.0903617
0.0933559
0.796305
-12.1214
0.0174893
-0.0448721
0.164212
-0.00405232
-0.0599881
0.161173
-0.0628676
-0.0486035
0.0378603
0.256918
0.0472267
0.235261
0.110138
0.157721
-0.00558099
0.0904105
0.0597248
0.123302
-0.00431946
0.00838963
-0.00647022
0.0695873
0.0754457
-0.101518
0.118638
0.156978
0.595406
0.0619748
-0.0197997
-0.126785
-0.163204
-0.257088
0.104138
0.0081898
0.0930197
0.0208208
-0.0444519
0.199065
-0.209167
0.146387
-0.0712291
0.113136
7.295
0.0949621
-0.111479
0.0418065
-0.0323936
-0.105658
-0.207339
0.691219
0.772468
0.0961985
0.0605204
0.00245135
-0.0805351
0.0391103
0.0475802
0.0812576
-0.00870085
0.315934
0.675284
0.394601
2.37528
0.025068
0.0462802
0.0879883
-0.0157123
0.116194
0.0844962
-7.27896
0.069056
0.376306
-0.345402
0.180918
0.118471
-0.0313324
-0.139988
0.11444
-0.0909331
-0.0953576
-0.0567122
-11.2763
25.3814
0.0653604
0.100595
0.193119
0.0681022
0.196736
0.0460726
-0.0593067
0.0274329
-0.16616
-0.143135
0.24482
-0.0201526
0.129579
-0.0292691
0.209544
0.093372
-0.0960429
0.0835672
-0.112975
0.0504067
-0.103247
-0.062332
0.0180181
0.0621668
-0.017978
-0.121103
0.918884
0.135628
0.037569
-0.0355929
-0.0477659
-0.0910138
0.0470593
-0.00710003
0.166136
0.0804017
0.510094
0.337389
-0.23095
-0.0593823
0.304151
0.117256
-4.5344
0.205293
-0.0936331
0.101171
0.0295998
0.126372
-0.0454634
-0.372551
0.878745
0.902051
-0.513106
-0.283867
0.0404243
0.0711695
0.033858
-0.0103586
0.080812
-0.216209
0.176324
-0.181092
0.126708
0.864583
0.270787
0.147764
-0.0491488
0.0887983
-0.00160351
0.0517875
31.1531
-0.120758
-0.290952
0.393217
0.259664
0.0233169
0.167634
0.0862622
-0.123859
-0.0326211
-0.0714157
-0.120306
-7.6104
20.2451
0.102349
0.18692
0.149767
-0.0369828
0.103076
0.0840571
-0.0138496
-0.0980405
-0.0399137
-0.601634
-0.0930223
0.195131
-0.0570135
0.155919
0.00433031
-0.158647
0.0771279
0.24664
0.0607999
-0.0423853
-0.296695
-0.0351556
0.0209599
0.011484
-0.0038334
-0.392766
2.17409
-0.01868
-0.0953546
0.210671
-0.0055944
-0.0128652
0.0849792
-0.0793115
-0.0405116
0.122211
0.365229
-0.310855
-0.0441284
-0.206118
-0.221352
0.445563
3.2349
0.136238
0.105556
0.0479314
0.14676
0.0620353
0.00762433
-0.0567214
-0.590442
0.87993
0.712001
-0.0988153
0.036422
0.171913
0.155289
-0.0159739
-0.0115784
0.0796391
-0.288016
-0.0649751
0.267085
0.0953426
-3.87253
-0.00511027
0.137969
0.0219398
0.00144666
-0.0971227
0.287431
2.83749
0.181856
-0.11055
0.388442
0.372315
-0.193538
-0.18177
-0.16676
-0.244824
-0.0706131
0.0585918
-0.142565
2.70308
0.986616
-0.376183
0.00194185
0.0818105
0.0127957
0.0209
0.0446151
0.0400674
-0.134173
0.109211
-2.65441
0.0614274
0.196873
0.0644455
0.0521014
-0.0469837
0.296629
0.110452
0.053655
-0.0818084
-0.145285
-0.117956
0.226913
0.15236
-0.0863285
0.16797
-2.95405
-4.83827
0.285831
0.263923
0.511365
0.12849
-0.288684
-0.163504
0.037708
0.0961766
0.659242
-0.768603
0.0976759
-0.0983679
0.295457
-0.345589
-0.333457
15.4137
0.26133
-0.0684097
0.158867
0.0112991
0.00893256
0.159455
-0.277158
-0.185942
-0.705358
1.24514
2.74599
0.128223
0.0792348
0.0472374
0.13857
-0.104347
-0.0633921
0.124218
-0.0446487
-0.0439554
0.609404
0.617909
2.65483
-0.459251
4.94127
-0.371982
0.482045
-1.04297
1.08651
9.15511
0.277127
0.168759
1.15152
-0.367749
1.29796
4.20019
2.67157
2.1726
0.352228
-2.8105
0.521945
5.0421
-42.2558
0.232867
-0.541228
0.224633
-1.26635
0.644519
5.41178
2.12015
-0.0346521
-1.9667
2.6005
-0.793143
2.37193
0.611144
1.28281
-0.153121
-1.63731
1.24645
0.627008
0.0367303
0.697539
2.73885
1.13539
1.11484
0.51455
1.38825
0.999828
1.28256
1.67714
-1.15401
-0.430269
-0.273033
-0.953735
-3.17587
0.918503
-0.11432
-1.35882
3.67943
2.11183
3.23007
0.769474
-0.0960455
1.13338
25.3529
1.04358
2.16738
3.6529
-1.98349
-1.93815
-0.84896
-2.03263
-0.138548
0.0417212
-2.17983
1.82065
2.78345
0.21543
0.731778
2.60611
-0.061275
-2.21927
0.520862
-1.02941
-0.667252
0.114509
0.365495
0.242809
-0.216939
-0.73429
-0.180812
0.333358
0.0122916
-0.147687
0.198933
0.770145
0.0886053
0.180737
0.0142168
-0.12559
-0.0524605
0.0731784
0.141581
-0.287212
0.0183029
0.295006
0.158007
-1.08318
1.41333
-0.41328
-0.128176
-0.191304
-0.169712
0.201391
0.259498
0.030549
0.126457
0.255234
0.160832
0.252471
-0.112687
-0.00419876
0.208436
-0.188
0.143852
0.00564664
0.228166
0.305569
0.205271
-0.386052
-0.0751272
0.0767427
0.0736645
-0.0900934
0.552677
-0.38972
0.0982072
-0.0871875
-0.0968187
-0.0909789
0.351778
0.0895091
0.403766
0.00713751
0.318944
0.293076
0.185789
0.0719218
0.326542
0.147001
0.0502884
3.29655
0.16459
0.0171261
-0.0292394
-0.244315
0.0841103
0.0128479
-0.197846
0.196835
0.0263303
0.11055
0.181328
0.723747
-0.572269
-0.236165
-0.034692
-0.00653196
-0.222448
-0.0881743
-0.0957996
0.00480236
0.391309
0.215
-0.371216
-0.145186
2.97557
0.0645266
-0.0401037
0.116311
-0.0103709
0.0840014
0.185196
11.8273
0.137125
-0.196699
0.166946
0.0756095
0.107791
-0.0490538
0.110827
-0.050914
0.0284832
0.206736
0.26048
5.38973
1.28355
-0.10382
-0.0739012
-0.112634
0.0676798
-0.000137768
0.0667313
0.181873
0.0782904
0.147447
0.366748
-0.158916
-0.0660929
0.0600004
-0.0393045
-0.0190458
0.0665279
0.13018
0.0699485
0.064534
0.10517
0.0881717
-0.298376
0.10231
0.103913
0.141942
0.345798
-1.69204
0.00504712
0.0807214
-0.086394
0.225096
0.28692
0.0380294
0.00950414
-0.0801601
0.101252
0.330609
0.148864
0.0599378
0.140294
0.255572
0.167
6.84074
0.275553
-0.24602
-0.210218
-0.193041
0.0685095
-0.0197877
-0.0252651
0.158916
-0.00460493
0.0103866
-1.80674
0.621713
0.827761
-0.703838
-0.111405
-0.0706915
-0.0789956
0.0639809
-0.00687368
0.137424
-0.512906
0.44953
0.794953
-0.236653
0.05919
-3.1465
0.194739
0.261188
-0.049964
0.0583241
0.245833
-0.00900015
9.53531
0.0632429
-0.277581
-0.154995
-0.0865322
0.0617835
0.0349423
-0.0589644
0.171251
0.203068
0.197304
0.104775
0.238475
-8.05822
-0.0906633
0.0205029
0.0400285
0.0960041
-0.0184376
0.113825
0.0855822
0.0898278
0.108784
0.353741
0.041059
-0.147964
-0.0695621
-0.0208287
0.204446
0.15744
0.00245075
0.107685
0.0253345
0.349659
0.319177
0.0162892
-0.0314412
0.0446092
-0.0343976
-0.130881
0.813278
0.0849957
0.0614732
0.0527411
0.0554472
-0.0856547
-0.109367
-0.0533353
0.0815121
-0.00199273
0.020704
0.143807
0.0378622
-0.0424983
0.0256002
-0.119754
2.30999
-0.00650898
0.071011
-0.111724
-0.142882
0.0285959
0.0499912
-0.0547373
-0.0445483
0.0265124
0.122843
1.0591
-0.105961
0.518624
0.608
-0.526547
-0.030844
0.0849673
-0.0797333
-0.00494511
0.0483794
0.0292618
0.209123
-0.136522
0.347034
0.470853
0.0817308
-4.38067
-0.00283229
0.15492
0.15963
0.0940888
0.049069
0.0868588
5.32581
0.0476134
0.187638
0.0273799
0.0830528
-0.018189
0.123619
0.09512
0.0884916
0.150828
-0.00056628
0.109547
3.20052
20.486
-0.130201
-0.0890887
0.00332213
0.193182
0.0500302
0.147042
0.184722
0.041449
0.0805698
0.310079
-0.0380149
0.0552053
-0.00470103
0.00761073
0.0545505
-0.248454
-0.0391177
-0.0848213
-2.84836e-05
0.0781655
-0.0933578
-0.199419
0.0288185
0.0154271
0.0643083
0.301737
-0.401327
0.0654344
0.15575
0.0279011
-0.00610098
-0.0131855
-0.0537482
-0.0439333
-0.0601808
-0.00795886
-0.113692
-0.101503
0.0997143
0.0393388
-0.0604518
0.189951
5.47426
-0.0440116
0.00583992
0.0444416
-0.103947
-0.262569
-0.10766
0.0264472
0.0525491
0.0160787
0.0318966
0.43579
0.0833837
-0.24223
0.29057
0.45451
0.0290701
0.0363798
-0.0113223
-0.0471893
-0.165503
-0.100013
0.0135005
-0.0440043
-0.177536
0.332709
-1.27518
0.101493
-0.270268
-0.0806849
0.127865
0.000274482
0.0222406
0.176672
0.314979
-1.04117
0.00717527
-0.227705
0.278832
-0.0411799
0.145449
-0.0902465
0.120889
0.12958
-0.0393688
0.0181933
0.0716448
1.27188
-13.8288
0.288182
0.0448396
0.0418471
-0.074082
0.176133
0.0134625
0.049885
0.109742
0.038519
-0.102891
0.0987683
0.0863296
-0.0195931
0.0183572
-0.0145775
0.0242614
0.108564
0.0980049
-0.0257036
0.0391305
0.0619759
-0.0788679
0.0536044
0.0554986
-0.00883477
-0.247898
-0.145682
-0.0701453
-0.0241044
0.0135266
0.0301171
0.020424
-0.0838998
-0.00786714
-0.00490644
-0.0108549
0.0520532
0.21955
0.254373
0.0325505
-0.00836831
0.104725
0.9423
0.217759
-0.0149224
-0.0450821
-0.0511539
-0.117928
-0.0459355
-0.04172
0.0639884
0.0451161
-0.0101874
-0.335037
-0.147031
0.0707317
-0.0924463
0.161972
0.273085
0.298775
-0.066342
-0.0762055
0.0917994
0.0205862
0.0594645
-0.119266
-0.0274118
-0.078858
0.42806
-0.0166659
0.105894
-1.59019
0.203042
0.114416
0.059461
0.100503
0.151861
0.10287
3.93703
-0.0206403
-0.0357831
0.452017
0.321226
0.126856
0.0956637
-0.00835017
0.0605673
0.1172
0.178675
-0.00870038
0.978971
-6.14291
-0.0501772
0.107414
-0.0352384
0.289301
0.11369
0.0649462
0.10246
0.0984561
0.149135
-0.0149
0.180337
-0.00037766
0.0238257
-0.12221
-0.0262404
-0.126702
0.00203769
0.00285642
0.0390672
-0.0930604
0.0739717
0.0725597
-0.0890415
0.117228
0.0285029
-0.275653
0.232203
-0.137781
0.116891
-0.041182
0.0800071
0.120524
0.0851174
0.0158679
0.023597
0.0817663
0.525419
-0.198297
-0.0873515
-0.0382952
0.0202884
-0.072239
-6.47803
-0.123303
0.0302799
0.0105422
0.191594
-0.0594852
-0.0768148
0.116011
-0.00091801
-0.123772
0.151244
-1.67037
-0.0253913
0.0592874
-0.0134977
-0.0418599
-0.131641
0.434915
0.583553
0.0815289
0.0836192
-0.138052
-0.428503
0.0258569
-0.0391971
-0.090732
-0.101806
0.531167
0.301226
0.297073
2.89029
0.274809
0.108934
0.105693
0.124307
0.00762391
0.0881756
5.25332
0.061077
-0.0838202
0.408552
-0.0935071
0.117763
0.177802
0.128634
0.00454057
0.0435955
0.0349412
-0.011817
-5.83366
-12.5455
0.172804
0.132025
0.171309
0.151783
0.089287
0.0498945
0.0851302
-0.016864
0.0499242
-0.0760177
-0.192956
0.126572
0.0419469
-0.0874369
-0.0055058
0.312314
0.05422
-0.116696
-0.0161515
-0.0195807
-0.225264
0.147533
-0.0249809
0.0125299
0.0490046
-0.198583
0.0526689
-0.0620972
0.0998297
0.14831
-0.111939
-0.0412956
0.0300818
0.117707
0.0131402
0.0552153
0.0416066
0.0642825
0.0905882
-0.00720131
-0.140747
0.0276133
2.19507
-0.0500493
0.11209
0.00314313
-0.0879154
-0.0319414
-0.111229
-0.176672
0.220609
0.0329674
-0.0616972
1.14947
-0.0035222
0.00649191
0.00828254
-0.0330678
-0.0615429
-0.186625
0.330183
0.812272
-0.0326137
-0.0887857
0.373183
0.0794053
0.0228309
0.0773517
-0.0872474
-0.1022
0.410396
0.190232
-0.138739
-5.99042
0.115045
0.109915
0.0741295
-0.000693377
0.160688
0.195478
6.37837
-0.170787
0.405571
0.352601
0.0739435
0.224829
0.121594
0.0699951
0.142789
0.0439846
0.0393626
-0.0426235
-9.37385
39.3145
0.0935115
-0.000640014
0.0981398
0.107107
-0.0163156
0.0514871
0.0596622
-0.106317
-0.0524323
0.231347
0.407122
0.0837718
0.0253204
0.0738578
0.247476
0.338342
0.215425
0.110789
-0.00239935
-0.0307936
0.231553
0.214954
0.0799908
0.0648258
0.0965812
0.319897
-0.139883
0.117244
0.0810044
-0.0721415
-0.101004
0.196816
0.0342005
0.0354462
-0.00987569
-0.0810566
-0.062761
-0.294077
0.0587549
0.0656967
0.184986
-0.0582464
-4.39133
-0.0762288
-0.00577607
0.0274718
-0.0793339
0.00847528
-0.0603321
-0.142878
-0.262449
0.215599
0.310611
1.9137
0.079441
0.115117
-0.0655078
-0.0290751
-0.00222553
-0.125858
-0.545107
0.57562
0.838422
-0.0534972
-0.293619
-0.0555351
0.00251999
-0.079922
0.0272832
-0.0260861
-0.0293008
0.273278
0.0782648
0.127064
-0.116864
0.149345
0.0111494
-0.0867255
0.0257595
0.252971
0.270931
-9.37908
0.0990582
-0.0537805
0.318004
-0.00581398
0.243935
0.0630969
0.0338565
0.146722
0.195354
-0.1182
-0.033205
1.07254
-8.36525
0.154447
0.0691085
0.0094065
0.106695
-0.0285032
0.0543247
0.0241648
0.0629799
-0.0277713
0.753582
0.0878767
0.212346
-0.0800537
0.164086
0.038717
-0.342719
0.297769
0.0389114
-0.0520421
-0.112319
0.0239486
-0.0107605
0.0710654
0.205417
0.183277
-0.586516
-2.38756
-0.376917
0.103376
-0.0356189
-0.136865
-0.345063
0.100007
0.0957669
0.0349612
-0.0240294
0.270838
0.622952
0.180981
-0.0109381
0.0354701
0.108055
-9.86458
0.062558
0.0749121
-0.0327505
-0.0455181
0.140474
-0.248227
0.26284
-0.24595
0.150191
0.655979
1.5295
-0.0730319
-0.083707
-0.0429708
-0.130412
0.0489421
-0.103057
0.0837922
-0.632023
0.694695
1.11697
0.601808
0.148124
0.0318053
-0.0405849
-0.00425535
0.0336942
-0.147244
-0.10721
0.139469
0.473661
0.630891
5.78966
0.483261
0.259968
-0.315595
0.359066
-0.0585614
0.00120651
7.86446
0.248531
0.359554
0.22717
0.853698
0.247664
0.248791
0.441644
0.0990068
-0.226242
0.0272092
-2.83658
4.29707
-7.81147
-0.140313
0.0861102
0.129177
0.181458
0.297662
0.322885
-0.0763961
-0.191875
-0.411819
1.08676
0.570989
0.339378
-0.0338761
0.0742585
-1.21755
0.302995
-0.116523
0.256369
0.0882645
0.139051
-2.26127
-0.275059
0.663144
-0.0483922
-3.35137
-0.861801
0.340056
-2.56324
-0.0157106
-0.0481438
-0.055738
1.45971
0.151011
0.152369
-0.20366
-0.889505
-2.358
-2.69532
-3.88505
-0.282181
0.0777533
0.550317
6.81764
0.176821
0.238809
0.00460454
-0.0050603
-0.254439
-0.059532
-0.606971
-0.416878
-0.672326
-1.04106
2.22941
0.0633872
0.289707
0.317793
0.103934
-0.0858118
0.00624934
-0.793207
-0.0625908
-1.0829
1.23232
1.34502
1.08594
-0.194603
0.319835
-0.111002
0.116474
0.299276
-0.0504438
0.595726
0.468063
0.638926
0.32213
1.5175
1.05602
1.51285
2.64397
5.00948
8.62987
2.79846
9.25911
0.285707
0.286735
0.0260951
4.1749
-0.356117
-1.73503
-2.72912
-1.59783
-0.956662
-0.460241
0.541773
5.1122
19.1953
0.983228
-0.653845
-1.11081
0.242682
-1.29481
1.31796
-0.535918
-0.80113
0.0320278
2.711
0.879433
0.0504101
-0.731871
0.499405
2.49124
3.22974
0.867932
-0.0308973
-3.33386
0.632748
3.0584
0.216829
-2.08916
-0.450507
1.8897
2.87491
1.29525
2.03399
4.20222
-2.33966
-0.00746694
2.95187
1.02733
-6.42458
0.368321
2.76934
3.92526
4.2317
4.4
-2.93321
-0.0625492
0.822879
9.80322
-0.190618
-5.94453
-2.54945
6.42206
3.50823
2.81293
-0.141113
-0.135124
0.00305277
1.13208
0.618596
3.36827
-1.63533
-0.357451
-0.48467
1.96859
3.19137
0.0664859
-1.58674
1.44015
4.96812
0.289298
5.5406
1.91503
-2.19313
-3.55205
-1.80011
-2.76664
-2.20378
0.151339
0.739014
3.2486
0.545446
0.308681
1.30401
-0.192586
-2.54878
-0.163541
0.0759548
0.0407237
0.06598
-44.6288
0.264665
0.26587
-0.0720186
0.0600077
-0.837773
-0.381962
0.203152
-0.0883361
0.744271
-0.109144
0.111887
-10.7823
17.3659
0.867562
0.230974
0.0925013
-0.261089
0.00653327
-0.254488
0.195409
-0.169288
-0.101433
0.137976
-0.451321
-0.367731
-0.204879
-0.10181
0.0516067
0.156547
0.0998725
0.220662
-0.232257
-0.380037
0.547945
-0.810084
0.0830513
-0.0690118
0.192714
0.196813
1.84808
-0.3525
0.0367171
0.300365
0.0143621
0.265292
-0.775836
-0.383544
-0.089495
0.0204195
-2.76063
-2.7156
0.278964
0.25028
0.148298
0.190365
8.8882
-0.0944839
-0.0521499
0.0924629
-0.0924231
0.358849
0.0547097
-0.0852121
-0.161107
0.19537
0.445982
0.560831
0.307874
0.479027
-0.208869
-0.312808
-0.110454
0.0303384
-0.155152
-0.0723004
-0.168381
-2.90197
0.278969
0.947984
-0.94794
-0.228456
-0.112663
-0.0483057
0.0271101
0.0964486
0.353525
0.622049
2.61669
0.271652
0.0931235
0.173315
-1.34918
-0.0488695
0.425384
-0.090317
0.067644
0.102334
0.206005
5.82474
0.542451
0.122318
-2.88975
-0.330701
0.100391
-0.0662877
0.0969359
0.0925397
0.282833
-0.117582
0.163884
-6.00519
-2.24796
-0.030301
0.0412629
-0.0668171
0.0312385
-0.033444
-0.0285797
0.174493
0.0850694
0.0977862
0.0396868
-0.402895
-0.0347722
-0.0773592
0.137581
0.149987
0.0315344
0.187483
-0.147013
0.00485226
0.0119781
0.221897
-0.249035
-0.193147
-0.000732392
0.0494324
-0.115908
-0.992651
0.0419548
0.0453671
0.0853231
0.221808
0.119852
-0.288562
0.0634657
0.135809
0.17002
-0.228129
-0.146244
0.111101
-0.0656736
0.101925
-0.076555
-4.11033
-0.209787
0.172659
-0.102592
0.0277514
-0.196524
-0.0965185
0.0109289
-0.0305133
0.0879336
0.321371
0.094605
0.0589914
-0.252084
-0.249596
-0.200933
-0.0351621
0.201474
0.0805835
0.0605172
0.0610643
-0.0356208
0.175848
0.855332
0.514132
-0.688636
-0.0203717
0.0122191
-0.0704751
-0.0590711
-0.101761
-0.56163
8.52154
0.184493
5.2317
-0.561146
-0.170799
0.776519
-0.029754
0.157506
0.0662655
0.144121
0.114793
0.244082
-9.90953
0.220002
-0.113788
-0.142877
0.0183781
0.113209
0.0230826
0.178094
0.0762945
0.0535074
0.137392
0.000914131
-3.30277
-25.0728
0.0225319
0.0120705
0.038086
0.160544
0.151681
0.0297467
0.0204214
0.0562927
0.105742
0.0852407
0.0741416
-0.0153332
-0.0262939
0.07249
0.00358256
0.0581464
0.0502893
0.0192245
0.106119
-0.0234092
-0.0454301
0.0126932
-0.00289002
-0.0657857
0.00201063
0.149142
0.578884
0.0207372
0.0101084
0.122506
-0.0176337
0.00394175
-0.16608
-0.0697825
0.181141
0.0317828
-0.461174
-0.0318616
0.0211011
0.00397272
-0.0326246
0.0880419
-0.160359
-0.0830299
-0.00854706
-0.0057337
-0.0610867
-0.211835
0.00816546
-0.0402909
0.0726563
0.0636041
0.0982093
-0.2391
0.0757296
0.118846
-0.216525
-0.21771
0.0415282
0.0387467
-0.028112
0.102986
-0.00205431
0.0326674
-0.392674
0.0363939
0.579451
0.216384
-0.396663
0.0182939
-0.0576225
-0.0545953
-0.041135
-0.0724615
-5.6002
0.0364575
-1.47076
0.637286
-0.393003
0.672695
3.06596
0.0933947
-0.0222062
0.187953
0.116501
0.19401
0.208326
2.13702
-0.447407
-0.0521369
0.223373
-0.0671666
0.0304291
0.0618065
0.101832
0.163172
0.227781
0.129323
0.131441
5.15335
12.5688
0.190084
0.0925188
0.0183553
0.00399808
0.00136139
0.0235943
0.0280938
-0.0266509
0.068328
0.162952
-0.120567
0.00311146
0.00588857
-0.135714
0.03741
0.11274
0.0410253
0.124144
0.106875
0.0277557
-0.0304853
-0.0260006
-0.0212239
-0.14219
0.0663244
0.0412106
-1.14648
0.131548
-0.044935
-0.00948424
0.0289472
-0.0557693
-0.0174907
-0.0337909
-0.0497217
0.0391877
0.689306
-0.0108678
-0.00556799
0.122573
0.0648268
0.118866
3.04702
-0.0201398
0.122162
-0.0347537
-0.0750867
0.0344909
0.0190312
0.038177
-0.0270297
0.0651655
0.144874
0.330691
-0.192426
-0.0494837
-0.0282305
-0.211823
-0.173965
0.00268768
0.00590949
0.012425
-0.00353058
0.152976
0.0514707
-0.437675
-0.130963
0.365077
0.0599942
-0.209165
-0.00850013
-0.0438038
0.0145487
-0.0724846
2.45251
-0.064073
0.0149016
-0.159491
0.85532
0.431412
-0.187794
6.07724
0.105416
0.180883
0.294569
0.100118
0.117752
0.107403
-3.44113
0.0750478
-0.0254747
0.269175
0.191755
0.167072
0.185535
0.165569
0.0416398
0.0840767
0.201322
0.112283
-7.33589
-11.3043
-0.0866633
0.000836006
0.112767
0.053981
0.00362419
0.0252162
0.150287
0.126546
0.034834
0.0779594
0.00920301
-0.04333
-0.0610562
0.145159
0.00602529
0.00931459
0.105119
-0.00534262
0.0248379
0.0504295
0.133766
0.0414872
0.063288
0.0618437
0.0149492
0.433414
0.981685
0.163005
-0.00119982
-0.0558035
-0.112859
0.0188924
0.00122226
0.00631933
-0.0741444
0.0402301
-0.0951408
-0.0958983
-0.125579
0.148341
0.0921583
-0.00756892
-0.933683
-0.0445428
-0.0103688
0.0417994
-0.0192323
0.0126508
0.0353625
-0.141828
0.00474125
-0.163005
-0.00849182
-1.6131
-0.0890513
-0.0993221
0.00783
-0.153921
-0.250254
-0.221209
0.0197524
-0.0100396
-0.0308425
-0.0945087
0.217178
-0.13371
-0.0306644
-0.0974409
0.106853
0.117601
0.226685
-0.0364811
-0.0769105
-0.0730387
6.09319
-0.0837751
-0.55905
-0.185967
-0.166127
0.72913
0.545932
0.235547
3.41922
0.0126379
0.19317
0.153878
0.168888
0.0953146
0.0379155
3.6688
0.206252
-0.171894
-0.058263
0.0995634
0.161147
0.0432087
0.0891903
0.114164
0.176947
0.0942791
-0.0643588
8.87906
13.5544
0.303536
0.0938093
0.0624593
-0.0176632
0.0827648
0.0679492
0.000417548
-0.0938509
0.0225021
-0.0720774
-0.0335481
0.00350704
0.0976208
0.227722
0.045631
-0.0421388
-0.0284123
0.0721375
0.0994312
-0.0107418
0.079958
-0.147384
0.0527645
0.106625
-0.0396004
0.454325
-0.422197
-0.00284528
-0.0572297
-0.0805763
0.0255288
-0.262933
0.0875082
-0.0126149
-0.0592688
0.245321
-0.0414092
0.0393718
-0.00401538
0.101837
0.0433037
-0.0262441
-17.7254
-0.0829053
0.00679422
0.0552446
0.0513855
0.0998488
-0.0900443
-0.0449046
-0.0238318
-0.0657187
-0.106697
-0.665971
0.028484
-0.00232485
-0.0248855
-0.0333674
-0.0946293
-0.301727
-0.0612221
-0.0288641
-0.0202047
-0.0749947
-0.308169
-0.274466
-0.0930785
0.0713897
-0.116176
-0.187967
0.129866
0.547156
0.00070856
-0.0355717
-16.3806
-0.043415
-2.13921
-0.0716493
-0.126584
-0.253227
0.643381
1.18639
0.0469236
1.08546
0.281644
0.136197
0.089084
0.0985531
0.0825456
-0.153566
-26.4812
-0.0868687
0.431968
0.0709297
0.217042
0.0228435
0.0633357
0.26671
0.0856633
0.158623
0.0240233
0.00536858
-5.2101
2.99926
-0.0890348
0.11417
-0.00971335
0.060329
-0.00555356
0.180858
0.0469651
0.06083
-0.0305926
0.047988
0.218076
0.149368
0.0226604
-0.0104837
0.0256461
-0.185649
-0.0487677
0.010143
0.0280217
0.0390833
-0.00611933
-0.00135029
0.0402336
0.0802901
0.0783396
-0.0526249
0.861296
-0.0790967
-0.0483972
0.0768406
-0.0681025
0.117667
0.0297177
0.0679954
0.0979182
0.0390398
0.0937838
-0.154005
-0.0562838
0.00857287
-0.181212
-0.0404747
3.74619
-0.00428057
-0.0647704
-0.0158481
0.0120946
-0.253313
0.161401
-0.154543
0.121133
0.0356734
-0.23019
0.283174
-0.211862
-0.0634938
-0.0107275
-0.0377959
-0.194196
-0.125726
-0.114702
0.105313
-0.0944448
-0.354947
-0.221789
0.184817
0.0373508
0.00267043
-0.0203937
0.0134364
-0.401525
0.0691832
0.61185
0.0414475
-10.8601
0.0490323
3.21701
-0.0243105
-0.0857039
-0.108093
-0.263239
0.587021
-0.00462698
0.240171
3.01439
0.0230842
0.155859
0.208347
0.0367985
-0.0139436
-0.038585
-12.908
0.111524
0.362936
0.0892983
0.11817
0.123705
0.144703
0.211678
0.17916
-0.0592442
0.172833
0.0714658
1.04783
29.1719
0.191899
0.200478
-0.0391283
0.0746956
0.188485
0.0756972
0.156753
-0.0987555
0.0135932
-0.274587
0.0460554
-0.00778007
0.223088
0.00529008
0.183833
0.428853
-0.102124
0.0173726
0.0511083
-0.224783
-0.769365
0.0875142
0.0798757
-0.0501161
-0.107323
-1.13181
0.28316
0.11583
0.0963463
-0.132445
0.120034
0.0294752
0.108788
-0.0108133
-0.0749459
-0.0452094
0.331871
0.00491875
0.278298
0.00261071
0.161944
-0.225002
-37.0713
-0.0196915
-0.0619099
0.0647637
-0.0556106
-0.1654
-0.178255
-0.199375
0.0198643
0.0615259
-0.268519
0.21146
0.29148
0.0897701
0.0235924
-0.0792346
-0.0957696
-0.0399727
-0.204897
-0.172405
0.214351
-0.0685972
0.39861
-0.297555
-0.135738
0.0152652
0.037075
0.0131875
-0.0161364
-0.568098
0.188172
0.81294
-4.54547
0.157208
0.0695045
-0.0353557
-0.124033
-0.112246
0.0429798
-0.185886
0.518571
0.427726
0.664249
4.64765
0.177714
0.167242
0.0645211
-0.154072
0.148257
-0.0480992
7.82544
0.230714
0.226577
0.08969
0.665106
-0.159779
0.564978
0.109567
0.395885
-0.252226
-0.173631
-0.295391
4.02302
15.7886
0.27242
-0.0711421
0.504682
-0.0190895
0.094231
-0.0988431
0.0126201
0.0991569
0.139112
-1.58606
0.640334
-0.0302912
-0.0580152
0.167478
0.0949341
0.220244
-0.790352
-0.047566
-0.350547
-0.0897954
-1.05555
0.0227483
-0.0524215
0.110171
-0.150997
2.53945
-0.207526
-0.39066
-0.066574
0.125213
-0.150345
-4.04508
-0.00678395
-0.0755913
0.0373336
-0.18533
-2.39086
0.0425422
-0.545637
-0.162047
0.0647366
-0.26268
-13.0682
-5.61658e-05
0.00591416
-0.0716825
-0.0728281
-0.195293
-0.080356
0.262696
0.110818
0.112411
0.480863
0.194318
-0.512168
-0.0825069
-0.216281
0.147931
-0.20392
-0.0663142
-0.441457
-0.165644
-0.139825
0.311175
0.784906
0.870619
-0.0308516
-0.0992745
0.0750322
-0.0712108
0.179641
-0.0554692
-0.757673
0.765845
13.6558
0.230084
-3.33804
0.1071
0.196135
-0.208993
-0.0163028
0.202805
-0.173409
0.699155
0.564418
0.681055
5.65189
-0.0626726
-0.66839
0.506793
0.202124
0.211508
-1.54098
8.77846
0.268211
0.596858
-0.586044
0.846218
-0.479885
0.989328
-0.168883
0.354657
0.484315
-0.89977
-2.09035
4.81838
82.026
-0.929025
0.288874
0.377567
-0.197063
0.216647
0.711308
0.48583
-0.00960429
0.723497
0.289465
0.167732
0.619428
0.868796
0.324824
1.55916
-0.151051
-0.68358
0.706838
-0.583599
-0.291125
-0.649452
-0.262826
-0.0584263
0.481371
1.38942
-0.984165
2.54561
1.12501
0.470916
0.837407
-0.532161
-1.32345
-0.459854
-1.14278
0.257768
2.18515
2.34571
0.0145867
0.96697
-0.0610578
-0.0693072
-0.0055784
-21.4226
-0.476101
0.736107
-0.113542
-0.305628
0.146989
0.442927
-1.1183
0.249098
0.198017
0.990989
1.72473
-1.77673
0.165447
0.794922
-0.65924
0.371755
-0.382543
-0.103168
0.124168
-0.105329
-0.493668
0.340878
-3.22549
0.622816
-0.547113
-0.291546
-0.367186
0.276101
-0.485546
-1.35527
-0.678639
31.1617
0.255737
-0.591065
-2.1961
0.389889
-0.0277186
-0.39147
-0.927242
0.172285
-0.319844
1.08516
0.635972
0.32202
1.51491
0.919415
1.26692
-0.598328
-1.47312
-2.20787
1.63269
9.25055
0.285476
0.286636
0.0255791
-0.0499681
-0.504125
1.68837
1.62318
0.705257
0.207833
3.8954
0.511276
5.09865
19.1819
0.973039
-3.09167
-0.0105253
0.487276
2.28369
-3.05438
2.08723
0.4347
-2.24802
1.96281
0.772034
-2.63074
-0.383714
1.35591
-3.23502
0.0128308
0.815289
-2.62465
1.21745
-2.16473
1.6113
-0.230806
1.32726
0.650451
-1.91965
2.85515
-1.7183
-1.10961
-3.25616
-1.65795
-0.675009
2.85097
4.05881
1.68314
-1.36012
-1.40632
-2.82131
0.00738145
-2.56118
1.79536
1.10744
0.617506
9.79861
3.68635
0.236356
-2.57256
-0.22017
-0.321712
-0.677613
4.48559
-0.109864
-3.59122
0.0382407
0.618421
-0.484186
-0.863851
-3.54106
-0.610077
-0.925791
-1.70223
0.532285
1.75553
0.172829
1.61163
0.289227
2.62278
2.3603
2.2328
-4.02235
-2.99095
1.49007
1.55411
-0.0107403
0.650576
3.21105
0.285406
4.28903
0.539685
3.1464
-2.99128
-3.11853
2.4203
-1.85105
0.677024
0.497302
4.58776
0.635931
0.32162
1.50771
0.668675
-0.526309
-0.335462
-1.26771
-3.13645
-1.47997
8.75839
0.285374
0.285892
0.0228933
0.164357
-0.509777
-3.23435
-0.107082
1.9318
1.829
2.80174
-0.86788
4.56728
18.2844
0.310653
-2.04968
0.141926
1.77826
2.38325
-2.08343
-2.94319
-1.12931
-0.268417
-1.81463
0.563449
-2.12537
-0.204267
2.57795
0.0171177
-0.478083
-0.701086
-1.21159
0.271092
0.163797
-0.368479
0.102917
0.0617991
-0.192436
-0.264912
1.42768
-1.97455
-0.223402
-2.74045
1.89275
-3.24992
-1.05857
-1.31673
-0.0132501
-0.941329
-1.22323
2.48309
0.069974
-2.84353
2.12778
0.031183
0.220992
9.77413
-1.54002
2.57189
0.844272
-2.72836
-1.9969
0.11859
2.96862
-0.478647
-2.16908
-0.0868451
0.616989
-2.05015
0.11054
-3.66587
-2.04516
-0.30139
4.36256
0.391252
-3.29484
-0.416715
1.76984
0.289093
0.169482
-0.261831
0.488388
0.0631372
1.98428
-0.466655
-3.76453
-0.431424
0.0688273
3.22148
0.285107
2.13951
0.261003
0.269644
-0.512375
-3.35217
-2.78768
-0.840137
-1.86285
0.610822
0.536203
0.511711
0.569542
0.309545
1.37036
-0.467801
-2.17466
0.218276
0.104626
0.23358
0.0505376
-20.9544
0.27106
0.269478
-0.362598
0.142259
0.364459
0.278733
0.132209
0.277414
3.14631
0.943603
0.0510815
5.54499
17.4557
0.150272
-0.102685
-0.23563
0.261294
0.168808
0.0592142
-0.0779848
0.122587
1.03084
0.496053
-0.29188
-0.449304
-0.109534
-0.114071
-0.0675766
0.0515606
0.367025
0.165572
0.38365
-0.0523523
0.265276
-2.12798
0.166288
-0.0246317
0.0777564
-0.961161
-1.45597
0.00875962
-0.0193426
0.994092
0.0831073
0.405899
0.341988
-0.32155
0.356665
0.0112692
-0.614563
-0.613872
-0.136289
0.0808881
-0.131172
-0.149505
8.17271
-0.339675
-0.351922
-0.309921
-0.25352
-0.902348
0.253735
0.329881
0.215053
0.0294602
-2.95337
0.582685
-0.350076
-0.148257
0.00956068
-0.0461333
0.0205306
-0.0183885
-0.438354
-0.00416183
0.708558
-2.14837
0.281061
0.166661
-0.277151
-0.400584
0.24822
0.257409
-0.0953312
0.0560893
-0.654271
-1.7558
2.80405
0.270143
1.25664
0.872007
-0.281789
0.239611
-0.0879835
-0.715198
-2.27651
-1.75704
0.128206
0.385787
0.47018
1.7631
0.34286
0.256845
0.681908
-2.05543
-0.415849
0.0318108
-0.103005
0.0119638
0.0160045
6.05005
0.211875
0.232976
-1.72991
0.282543
0.0937263
0.0792301
-0.021215
0.410562
0.769805
0.183021
0.107068
-1.77394
13.8647
-0.10314
0.0571635
0.35232
0.0498041
0.113111
0.147695
-0.0454753
0.0014102
0.0140133
0.0468036
-3.48572
-0.127807
0.0690094
-0.182019
0.128663
0.253493
-0.0363689
0.0184357
0.0834819
0.124118
0.165726
0.103482
0.0627685
-0.0256064
-0.160301
0.267782
1.87516
-0.115574
0.199303
0.133296
0.053346
0.0975951
0.072871
-0.036807
-0.180691
-0.137308
0.156728
-0.196471
-0.00550221
0.301969
-0.0583997
-0.114717
3.04015
-0.236079
-0.210351
0.453302
-0.0248543
-0.00137028
0.0150567
0.103813
-0.0945971
0.137066
-0.0929049
0.477793
-0.0524523
0.0943827
-0.092468
-0.136225
-0.0801527
-0.0980557
-0.0749892
-0.00270326
-0.159761
0.0367538
0.249974
-0.331166
0.044975
-0.208665
-0.240518
0.0516838
-0.0611884
-0.130447
-0.0824062
-0.222795
0.470185
0.242379
-0.463319
0.457833
0.30444
0.00919409
0.0552652
-0.105054
-0.170102
-0.559376
-3.75172
-0.494369
0.341597
-0.213704
1.48699
0.042783
0.195124
-0.696941
-0.334995
-0.00770487
-0.0875343
-0.0372932
0.017118
-0.067004
1.76991
0.166106
0.209036
-0.633745
0.00433586
0.0191867
0.108181
0.291761
0.135959
0.259108
0.196905
0.0865492
6.06484
-9.03633
0.26026
0.0792074
0.0258762
0.0773363
0.140619
-0.0195054
0.0609071
0.133218
0.100218
0.161194
0.19469
-0.0369376
0.13856
0.0420682
0.0214508
0.19322
-0.0532949
-0.0379618
0.0890023
-0.0265478
0.00727553
-0.151868
0.0243913
0.0738501
0.0287598
0.0891599
-2.92568
-0.112443
0.0414888
0.140495
0.103034
-0.0270029
-0.0062238
-0.0748711
0.0493637
0.154594
-0.283321
0.00481349
0.112727
-0.0459618
-0.066325
0.0211548
3.42436
-0.168582
-0.14974
-0.125614
-0.019362
-0.11157
-0.00110163
0.00332577
0.0965006
-0.0174532
-0.175974
0.828941
-0.323349
-0.110869
0.0849928
-0.0152923
-0.099562
-0.00255582
-0.0399891
-0.0403969
0.142033
-0.0132084
0.175265
-0.0677069
-0.0916497
-0.0384466
-0.335229
-0.182917
0.127688
0.0229557
0.162343
-0.00066684
-6.54681
0.216251
-0.0479976
0.0367002
0.442424
0.159972
0.244628
-0.0691346
-0.0871792
-0.0992724
0.353626
-2.01571
0.206849
-0.0849215
-0.508216
0.231559
-0.376053
0.123612
-3.94784
-0.160974
-0.145115
-0.0887032
-0.0404075
-0.0361348
-0.127269
22.5112
0.140837
0.160673
0.660388
0.0721207
0.0743603
0.182051
0.338451
0.253787
-0.00583952
-0.0128021
0.146327
1.15432
-14.2098
0.0896697
-0.0603686
-0.0241601
0.111354
0.110724
-0.00515416
0.032166
0.14025
0.0663576
0.112654
0.0558959
0.142715
0.0737257
0.0277447
0.114498
0.167499
-0.0975758
-0.103877
-0.0187346
0.0137761
-0.27619
0.066908
-0.000379861
0.0089011
-0.117884
0.0824614
-1.63756
-0.0401248
0.0620671
0.0147394
0.0408339
0.335063
0.00114691
0.0474331
-0.0390692
0.0133603
0.148365
0.256065
0.0273699
0.0531655
-0.00222157
-0.0302597
-4.4387
0.015414
-0.0247015
0.0680637
0.0174882
0.0663779
-0.152699
0.0253942
-0.0248585
0.00225559
0.0911871
-0.0667216
-0.1677
-0.0746502
-0.0374274
0.0326747
-0.150445
-0.0833768
0.0311466
-0.0599456
-0.0823595
-0.414009
0.608094
-0.289926
-0.179334
-0.0620938
-0.0664131
-0.309271
-0.0872562
0.0600713
-0.137697
-0.0888345
-1.77588
0.192199
1.39995
-0.18037
0.00775815
0.320997
-0.104903
0.358768
-0.0171229
-0.089012
-1.70175
1.39251
0.180467
0.304777
0.660905
-0.138711
0.2579
-0.346707
0.163996
-2.52847
-0.252931
-0.0387408
-0.0367449
-0.0781364
-0.106684
-0.229854
-9.57314
0.191073
0.572562
0.629396
0.0787339
0.200097
0.291525
0.149193
0.14499
0.0603126
0.0468843
-0.0851003
0.654098
-32.9452
0.00408755
0.117423
0.0277542
0.108278
0.0478976
0.0524662
-0.00981243
0.0292023
0.0128799
-0.198991
-0.061207
-0.00668772
-0.068865
-0.0977227
0.0464408
0.275527
0.01267
0.188788
0.00996594
0.0896655
0.0573649
-0.0255525
0.181809
0.00116538
-0.0274663
-0.763171
0.435838
0.048549
0.0161393
0.158444
0.145804
-0.638571
0.00563971
-0.0467939
-0.0248074
-0.0629831
-0.101955
-0.316007
0.11616
-0.133241
0.0588806
0.016829
9.46176
-0.0834812
0.109617
0.04618
0.043585
-0.00725887
-0.22198
0.15266
0.272447
-0.0744044
-0.0246518
-0.302194
-0.114161
-0.0195166
-0.0701759
-0.0285306
-0.0136689
-0.0443598
-0.112641
-0.0321764
-0.014054
0.0668524
0.556063
0.0495759
-0.0628461
-0.024937
-0.0415691
-0.109376
-0.290983
-0.227454
-0.0521322
-0.218622
3.40756
0.22403
1.08777
0.0809611
-0.13607
-0.0114328
0.0538623
0.139569
0.417171
0.0383716
0.391377
0.336201
0.287479
0.416756
-2.28909
0.15629
-0.0566731
0.205975
0.387491
0.154498
-0.60208
-0.103093
-0.0870274
-0.0116979
-0.121541
0.00710362
-2.10506
4.81348
0.243861
0.152012
0.486227
0.0358343
0.318026
0.176137
0.0299685
0.045417
0.0994454
-0.149773
0.215267
3.57101
-20.213
0.0762689
0.177797
0.065988
-0.17349
0.37046
0.0694654
-0.044016
-0.0925698
0.175309
0.556957
-0.0381347
0.235141
0.117512
-0.0343331
0.0654065
-0.104107
0.211009
0.0564369
0.0198673
0.0832977
-0.277361
0.125776
0.0592863
0.129777
0.199484
-3.95208
0.960926
-0.0316678
0.038685
0.132594
-0.10132
-0.233387
-0.0464956
0.106305
0.0546739
0.00491629
-0.658108
0.0124666
-0.333315
0.0520072
-0.0273705
-0.124789
21.9273
0.0383941
-0.147914
0.107477
0.0979968
0.022228
-0.732101
-0.104147
-0.134797
0.0960491
-0.18776
0.127643
-0.524829
-0.052327
0.0962534
-0.121441
0.0151808
-0.0903599
-0.0641749
-0.0271654
-0.114369
0.15727
-0.0622894
-3.49583
0.121612
-0.119637
-0.112758
-0.040063
-0.000185891
-0.0911197
-0.025283
-0.103117
8.11763
0.253629
-0.404648
-0.371102
0.00214451
-0.064001
-0.0525406
0.0717457
0.136822
0.499385
0.32579
-1.51079
0.424101
0.489232
1.5489
-3.9732
-0.355141
-0.27739
0.292389
0.570244
0.224166
0.0561258
-0.188888
-0.119554
-0.199579
-0.201328
0.32401
-0.726117
7.10458
0.273609
0.239385
-1.05237
-0.396667
0.264368
-0.169305
0.633499
-0.669229
0.133731
0.345252
-2.85391
4.739
22.0289
0.519748
-0.0410319
0.0649685
0.148216
0.281149
0.354543
-0.007408
-0.574143
-0.360689
-1.47334
0.0378319
-0.00112698
0.415794
0.269703
-0.0751195
-2.48393
0.423657
0.307411
0.0396854
0.207604
-0.430905
-0.323176
-0.120126
-0.476464
0.0931214
-1.09498
1.09177
0.412974
-0.0579187
-0.208119
-0.0753118
-2.03729
-0.195671
0.0570559
0.0506569
0.411683
-3.08971
-1.71733
-0.477125
0.243583
-0.192202
-0.17851
-6.02771
0.0257856
0.212254
0.121376
-0.0502375
0.692125
0.230426
0.0599763
0.185352
0.268997
-0.81553
0.094977
0.641816
-0.0775383
0.105755
-0.120463
0.0322905
-0.302727
-0.426283
-0.536169
0.103342
-0.163772
0.00681485
-1.78107
0.0987968
-0.196145
-0.0899666
-0.221811
0.269925
0.232212
0.364466
0.213784
-17.5095
0.271956
0.251253
0.463619
-0.340605
0.0620388
0.00370641
-0.370374
-0.486639
0.757625
0.579321
-0.529715
0.485079
0.602595
1.53812
0.448275
0.696609
0.451472
-0.0677439
0.445137
0.618343
0.271048
1.00809
-0.00466465
-0.429633
-0.274501
0.239085
-2.91656
0.64903
9.19034
0.283228
0.271099
4.01753
-2.07485
0.24256
2.08048
0.951234
-0.406334
0.508203
-0.396273
0.203691
5.05284
-59.3998
0.434413
3.54991
1.82776
3.29394
-0.318872
0.516335
-0.378451
0.0363456
-0.0905917
2.57704
-0.834447
2.05406
0.340592
0.170811
-1.32048
-1.07511
1.65232
-0.111174
-0.256636
0.137416
0.823317
0.42771
1.1364
-0.0158908
0.476873
0.494209
1.27455
-0.103146
1.07989
0.645099
1.12251
2.35182
-0.975926
1.85861
-0.190015
-1.93102
1.25304
-0.283204
-0.526927
0.0087158
-0.0855315
-0.942608
5.99721
0.619987
1.16807
-0.143086
0.00188305
-2.23207
-1.44425
-1.7414
-0.494577
2.78892
5.3933
0.175422
-1.79511
-0.430345
2.22864
-0.133541
0.437035
-2.16844
-2.39166
0.726913
3.89261
0.607839
0.130802
-1.53153
-2.03141
-0.484378
-0.245626
0.142026
-0.267345
-0.781807
-1.08585
-1.21986
3.52445
0.27937
4.26315
-1.8715
-1.87974
0.0284482
-0.0659953
0.698566
0.266646
-0.526848
6.40772
0.0942684
0.505736
0.663553
1.84801
3.32176
-1.91196
-1.89782
-2.08977
-2.93084
21.5957
0.639313
0.321915
1.51565
0.943001
-1.37626
-1.61568
-1.30399
-1.2995
0.571149
9.2552
0.285635
0.286689
0.0226522
-2.66353
1.07288
0.186675
0.773748
-0.25987
0.320346
2.12847
-1.29856
5.10918
19.1861
-1.56029
0.882767
1.29674
-2.03524
-1.47315
-1.63677
2.27776
0.00737045
2.30282
-0.597352
0.78945
2.52286
0.365268
-1.59038
0.233603
-0.396131
0.677272
-0.982528
1.08527
1.1319
-0.800157
-0.877696
0.619139
1.1838
0.409593
0.770078
1.28758
0.56096
-2.40466
0.405584
3.0511
1.49176
-1.67698
0.451777
1.85909
0.433856
0.94812
0.116959
0.578
2.13456
-0.0422468
-2.76515
9.79644
-1.01737
-0.340091
1.58062
-0.963997
-0.186154
-0.063506
-2.1151
0.104196
2.1227
0.53311
0.618319
-0.188566
2.30321
0.662153
-2.32849
-0.981902
-1.53247
1.68148
0.352796
-2.23466
1.16932
0.289082
1.27819
-1.61062
0.411657
1.06553
1.88775
0.918888
0.876964
2.54461
0.299461
3.24114
0.285417
4.28794
0.036862
-1.90919
2.87362
1.34321
1.21533
-2.05626
-1.91017
0.636943
0.553584
0.514527
0.688015
1.92679
0.539793
-0.874093
-1.54588
-0.586579
-1.86911
6.73697
0.586494
0.638926
0.32213
1.5175
1.05602
1.51285
2.64397
5.00948
8.62987
2.79846
9.25911
0.285707
0.286735
0.0260951
4.1749
-0.356117
-1.73503
-2.72912
-1.59783
-0.956662
-0.460241
0.541773
5.1122
19.1953
0.983228
-0.653845
-1.11081
0.242682
-1.29481
1.31796
-0.535918
-0.80113
0.0320278
2.711
0.879433
0.0504101
-0.731871
0.499405
2.49124
3.22974
0.867932
-0.0308973
-3.33386
0.632748
3.0584
0.216829
-2.08916
-0.450507
1.8897
2.87491
1.29525
2.03399
4.20222
-2.33966
-0.00746694
2.95187
1.02733
-6.42458
0.368321
2.76934
3.92526
4.2317
4.4
-2.93321
-0.0625492
0.822879
9.80322
-0.190618
-5.94453
-2.54945
6.42206
3.50823
2.81293
-0.141113
-0.135124
0.00305277
1.13208
0.618596
3.36827
-1.63533
-0.357451
-0.48467
1.96859
3.19137
0.0664859
-1.58674
1.44015
4.96812
0.289298
5.5406
1.91503
-2.19313
-3.55205
-1.80011
-2.76664
-2.20378
0.151339
0.739014
3.2486
0.285487
4.29144
1.70646
0.864551
0.939106
-0.0850126
-1.95927
1.08862
3.5122
0.64199
0.554757
0.514713
0.687247
1.92767
9.4263
5.05879
5.5119
4.84265
17.9002
6.74447
0.586654
0.616638
