9.176634073257446
9.16809892654419
9.206853866577148
9.05774474143982
9.159008026123047
9.176220893859863
9.240190029144287
9.397199869155884
9.232934951782227
9.103395938873291
9.247854948043823
9.257593154907227
9.356950044631958
9.341347932815552
9.955796957015991
9.071489095687866
9.099196910858154
9.143656969070435
9.307789087295532
9.235735177993774
9.160863876342773
9.17712116241455
9.35078763961792
9.478147268295288
9.55091404914856
9.207397937774658
9.068434000015259
9.188275814056396
9.077414989471436
9.153668880462646
9.557607889175415
9.121855974197388
9.271960020065308
9.266480207443237
9.693545818328857
9.599918127059937
9.04270601272583
9.184560775756836
9.292154788970947
9.239755153656006
9.304615020751953
9.522666931152344
9.16588306427002
9.06894588470459
9.229766845703125
9.097884178161621
9.61000108718872
9.271153926849365
9.289241790771484
9.096710920333862
