7.237100839614868
7.039441108703613
6.965131044387817
7.182369232177734
6.996157884597778
6.914400100708008
7.160254001617432
7.04238486289978
6.9968039989471436
7.5533671379089355
7.0856711864471436
6.932116985321045
7.115891218185425
7.0892698764801025
7.223297119140625
6.950579881668091
6.945940971374512
7.187856912612915
6.972337961196899
6.950392007827759
7.004082918167114
6.968736886978149
7.025813102722168
7.08086895942688
6.9131858348846436
6.998884916305542
7.136198043823242
6.982367992401123
6.951505899429321
6.9251110553741455
7.289886951446533
7.054764986038208
7.067225933074951
6.980207204818726
6.894031763076782
7.552303075790405
7.181065797805786
7.104159116744995
7.049540281295776
7.024965047836304
7.000093221664429
6.941941022872925
7.33332371711731
6.989744186401367
6.976921796798706
6.924178838729858
7.286880016326904
7.337185859680176
7.00301718711853
6.9158830642700195
