0000000000000000000100000000001000000100100000001001000000100100000011111000000000100000000011000000000100000000000000000
0000000000000000000000000100000000011001000000010011000000111110000001110100000000001100000000010000000000110000000001100
0000000001000000000010000000001000000100010000001001000000111110000011011100000100110000000001000000000100000000001000000
0000000000000001100000000011100000000101000000011010000000100100000011011000000011111100000001100000000011000000000110000
0000000000000001011000000010110000001101100000011011000001100111000011111111000110011000000000110000000001100000000010000
0000000000000000000000000100000000001000100000111101000001111111000000001100000000011000000000100000000001000000000010000
0000000000000000101000000011110000001111000000011010000001000100000111111110001000110111000001100000000011000000000100000
0000000000000000000000000010011000000100100000011011000000111110000001111100000000110000000001100000000011000000000110000
0000000000000001000000000100001100010000011001100001100011000111000111111110000111001100000000110000000001100000000010000
0000000000000000000000011000010000011000100000111111000000111110000000000100000000001000000000010000000000100000000001000
