0
0
0
0
0
0
0
0
0
0
0
0
0
0
0
0
0
0
0
0
0
0
0
0
0
0
0
0
0
0
0
0
0
0
0
0
0
0
0
0
0
0
0
0
0
0
0
0
0
0
0
0
0
0
0
0
0
0
0
0
0
0
0
0
0
0
0
0
0
0
0
0
0
0
0
0
0
0
0
0
0
0
0
0
0
0
0
0
0
0
0
0
0
0
0
0
0
0
0
0
0
0
0
0
0
0
0
0
0
0
0
0
0
0
0
0
0
0
0
0
0
0.149037
0.146249
0.171052
0.140643
0.158662
4.22769
0.113214
0.10567
-1.48069
0.0906096
0.0958387
0.0555569
-0.286651
-0.817699
0.017277
0.0981535
-0.0312502
0.00766789
0.818553
-0.251052
-0.0375969
0.0977801
0.544695
0.0147063
-3.67562
-1.26208
-0.350171
-0.105924
0.118106
0.859822
0.0400597
0.574099
2.28818
-3.61677
-0.436751
-0.0740318
0.139599
0.0561999
0.172503
0.941856
0.467273
0.79727
-1.29313
-2.04318
0.0115512
0.149057
0.183296
0.235631
1.01937
0.921187
1.2242
0.857262
0.401812
-2.34131
2.90435
0.144567
0.180692
0.156094
0.960276
0.804695
0.512681
0.406735
0.19218
0.786113
0.535704
0.321272
0.142783
0.0587452
0.0725179
0.834372
0.679964
-0.447869
-1.60593
2.70514
-0.426313
0.524547
0.314105
0.370439
0.133268
-0.0214058
-0.799502
0.309721
-0.187196
0.0522319
-0.164961
-2.40818
1.58413
0.403001
0.278245
0.0509045
5.83539
0.113738
0.0853528
2.21343
0.379319
-0.128616
-0.332713
-0.10663
-0.368494
-0.0853907
0.132856
0.215431
0.508454
2.09208
45.5432
0.0570319
-0.0163208
-2.14153
0.357668
0.576023
-0.283247
-0.517905
-1.24808
-2.93679
-0.310154
0.0758648
0.388667
1.37966
-28.1419
0.880395
0.00186548
-0.146342
-1.79099
-0.413107
-0.129138
0.803134
-0.0729857
-0.479327
-0.112481
-0.838163
-0.0157351
0.291839
0.304838
-3.43967
-0.516056
0.325321
0.00846664
-0.633299
-0.75345
-1.89002
-0.688366
-0.286917
0.794795
0.251658
-0.558079
-4.35458
-0.0642297
0.190832
3.573
15.6916
0.410573
-0.257603
0.0756278
0.0349482
-0.402671
-0.64526
-4.75106
-3.97428
-0.35274
-0.249246
0.529659
0.43092
-0.547157
-0.937475
0.336199
5.3249
2.03494
0.152288
-0.134135
-0.313405
-0.0194946
0.0923652
-0.0232895
-0.252624
-1.20189
-3.68662
-5.78413
-0.616848
-0.423912
0.261544
5.86391
0.389218
0.233806
1.88685
0.625804
-0.887217
-0.173259
0.0126785
-0.333144
0.231802
0.128713
-0.0234753
0.0348968
0.796138
-0.765624
-0.541856
-2.59909
-2.01544
-0.391357
0.14041
1.37687
0.513782
0.653172
2.29963
4.00534
1.11523
-0.376111
0.0477918
-0.551834
2.10685
0.147102
0.177275
0.220272
1.00781
0.804807
1.11843
0.639873
0.278312
-1.80542
-0.456337
-0.119836
0.0619888
0.466974
-0.754112
-0.602645
1.80367
-0.664308
1.08525
-1.72197
-2.42442
10.812
0.144343
-0.0385457
0.14505
0.762592
-0.977722
0.0570411
-0.837434
-0.410169
-2.19144
0.533616
0.321933
0.601686
0.582453
6.27407
0.542619
-2.11611
-3.32099
-3.48934
1.19665
3.12293
-11.9065
0.125485
0.140088
-0.0508452
0.0638704
0.581161
-1.76463
-1.80268
-3.65376
2.22512
-1.31486
0.475824
0.304075
0.988127
-0.442617
-9.34031
-3.48242
-0.70972
-0.0256908
0.594478
1.30942
-4.78954
-7.89986
0.764898
3.32714
0.132439
0.0295562
1.90966
-4.77683
-2.25689
-5.59032
0.560554
-3.80306
-3.42628
0.39243
0.279372
0.48409
1.95135
-2.58545
1.0803
-0.63281
-0.168958
-0.343991
-0.194204
0.99413
-0.331873
0.706844
0.673025
7.69709
0.11655
-0.0109526
-0.0590287
-0.178236
-0.109387
-0.281664
-0.701511
-3.87752
-0.96786
0.145191
0.223236
0.314202
1.26717
9.83194
0.740338
-0.0772105
-0.014517
-0.0775976
-0.24228
0.271364
6.92194
0.541833
0.0986621
4.764
26.5198
0.0499516
-0.0329764
0.949533
-0.00249715
-0.105975
-0.140085
-0.272617
-0.260724
0.79927
-0.487366
0.0448023
0.0806415
-1.03888
-12.5784
-0.171841
0.84775
-0.245358
-0.113748
-0.191152
-0.509316
1.50248
0.281825
-0.0918341
2.53942
5.20013
1.00874
-0.0402108
-0.286906
-0.0602137
-0.423227
0.121549
0.0917479
0.262512
-0.215315
-0.181698
-4.18264
-0.142528
0.176023
-4.81895
-7.72746
-0.18127
-0.25297
0.840738
0.251999
-0.324267
-0.162076
-1.47064
0.16928
0.172643
-0.114153
5.59821
-0.113545
-0.126887
-0.015666
-0.394624
-0.913604
-0.0824338
-0.12378
-0.0428349
0.0417523
0.248
-0.1488
-0.71877
-0.485398
-0.221353
1.80002
-5.32391
-1.11886
-0.17174
-0.485925
0.925352
0.637359
-0.609778
-0.229779
-0.423416
0.63995
-0.121575
13.8514
0.37635
-0.160156
-0.316721
0.0532179
0.499013
-0.581472
-2.97312
-3.97889
-0.421491
-0.205525
0.0895603
0.310186
1.54715
0.200149
-0.0767583
-0.265334
18.5227
-0.827689
-0.243049
-0.251725
-0.493415
0.924474
1.53
5.11605
0.46824
0.481758
2.78678
2.49354
0.842759
-0.216053
-0.0744346
0.038527
0.117713
-0.219113
-0.043443
0.56031
2.28301
-1.59484
0.130767
-0.340359
0.0417657
0.526272
0.673351
-0.139404
0.288971
9.29411
0.00863252
0.407874
0.151593
-0.286192
-0.65622
1.08108
0.925231
1.08214
-0.325573
0.792336
-2.87202
1.86489
0.980438
-0.136839
-0.193
5.56107
0.142664
0.0995031
0.207948
0.980052
0.654886
0.985062
0.431973
-0.588941
-0.878968
3.70853
-0.319041
0.0976931
0.472345
2.40836
-0.37027
-0.154887
0.384344
-4.05235
-0.443614
-3.63247
-1.08911
3.16484
0.148391
0.984032
4.34693
0.0420026
-0.854712
-2.51089
-1.49349
0.270362
3.30975
0.149221
0.184781
0.237758
1.02206
0.939029
1.23329
0.877988
0.409158
0.870359
0.541927
0.326582
0.105838
0.526942
3.12947
-0.277738
0.518625
0.615693
1.01595
0.0297758
0.403827
1.01774
0.139179
0.186457
0.167666
0.927279
-0.0399262
0.639958
0.200129
0.160142
-0.370755
1.45978
0.129495
0.146729
0.175949
0.193983
0.90832
-0.121711
0.136379
-0.575879
2.67847
0.0675762
0.531232
0.322045
0.0212129
0.0410004
-17.383
0.203644
-5.20807
-3.66213
3.77329
-3.04394
-1.90778
0.682399
0.116274
1.81355
2.18107
-0.869048
0.944505
1.09732
2.77078
3.95077
4.10377
0.744362
1.71734
0.146729
0.146919
-0.039589
0.190446
0.749813
-0.0785574
0.0686461
0.0488213
-3.61646
1.40841
0.532852
0.322426
0.00773816
-0.374655
-18.9122
-0.77866
1.52934
2.26458
1.78753
0.231336
4.1428
0.822386
0.13057
1.53091
4.90329
7.79273
0.164437
-0.715827
-5.11819
-3.55529
-1.70405
-2.45816
0.115752
0.146919
1.23985
0.139365
0.162363
0.332
-0.774118
-4.90704
-0.613072
-0.540042
-5.63671
-0.620672
0.477468
0.308387
0.337798
0.317494
1.65199
-2.63958
-0.41592
-0.593164
-0.0663244
0.415089
0.251902
-2.24463
0.0996364
0.304336
-3.25958
3.56494
-1.43572
-1.00875
1.94999
1.21696
0.0565075
10.8428
0.0959891
0.139365
0.381654
1.16921
0.131834
0.138378
0.72609
0.0491748
-0.0571506
0.276142
-1.21942
-1.20654
-2.54676
0.413607
0.280045
0.170033
2.52794
2.56893
0.378361
-0.541015
-0.151791
-0.478071
-0.50428
-1.01781
-8.78547
0.0340475
0.132507
-1.08491
-2.51473
1.50177
0.348831
0.138168
0.812937
0.944517
0.180821
-0.00149553
0.131834
0.125302
-0.21775
5.90579
0.0459975
-0.0400408
1.16336
-0.157444
-0.00539906
0.0999377
-0.0342958
-0.0636935
-0.167704
-1.80624
0.0392108
0.11457
-0.479012
20.2203
0.158201
-0.02909
0.0152079
-0.181599
-0.23215
0.312806
-4.98774
0.264687
-1.50095
-0.399156
-15.1039
-0.453432
0.853209
-0.204326
-0.138816
-0.384931
-1.04579
0.480055
0.0459975
0.125972
0.33789
-0.532335
1.69322
-0.0868047
-0.785623
-1.50198
-0.0030898
-0.109184
-0.130203
0.0101506
-0.144467
-0.148127
-0.500561
-0.519033
-0.401062
-0.55215
8.12522
-0.185457
0.223824
-0.212137
0.179149
0.00549122
-0.0397342
0.0221961
-0.408276
-0.253415
-0.802275
5.50589
-0.55502
-0.0805355
0.807281
0.761241
-0.356995
-0.0466542
0.738741
-0.0868047
0.435351
-0.73992
3.58182
-0.964409
-0.291577
-0.000619948
0.145176
-0.850794
0.354857
-0.101238
-0.137278
-0.00780175
-0.00820734
5.63269
-0.893311
0.245674
-0.0725307
2.27097
0.471545
-0.239324
0.139689
-0.0580751
-0.0546633
0.490562
-1.86482
-6.47193
-1.17417
0.149644
-0.626857
10.0451
0.160138
-0.131549
-0.346448
1.22061
1.07008
-2.61602
0.476969
-0.000619948
0.227079
-0.0703535
3.95886
-0.844445
0.00450206
-0.696091
0.102722
0.968402
-0.115806
-0.138387
-0.258817
-0.347538
-0.0981016
-0.211409
-0.105909
-0.580413
0.575227
0.0655771
1.37517
3.13691
-0.0581841
-0.646126
-0.256975
-0.171004
-0.414357
0.361144
1.0048
0.313189
1.59294
1.86856
5.21464
-0.591828
0.138812
-0.0914102
-0.722709
1.54295
0.957969
2.39455
0.102722
1.08125
0.776584
-1.49784
-0.272687
-0.156754
-0.203624
1.63924
0.140383
0.0648623
0.198364
0.961795
-0.392782
2.0347
-2.69816
0.800816
-0.0577648
-2.67468
-0.197933
0.0964768
0.435152
2.04758
-0.633227
-2.22188
-3.17332
0.323752
0.512419
4.25765
0.746174
-0.598179
0.104084
0.918225
4.23542
-0.0202772
-3.23651
0.727419
0.0916764
0.162939
5.03382
6.151
0.140383
0.605662
0.091848
0.310279
-0.379937
0.13864
-0.10337
-1.2491
1.77662
0.148785
0.182865
0.235176
1.0035
-0.0811699
2.27437
0.52915
-3.37048
0.846592
0.53606
0.325259
0.0999609
0.511986
2.72412
-0.286364
-1.37277
8.34571
-2.5908
-1.17029
-1.04263
-0.623018
0.122761
0.168496
1.03769
4.45762
0.292979
0.108639
0.362668
0.224336
-0.355337
0.0242814
1.7211
0.148785
0.663432
0.11795
0.393006
-0.0483269
-2.01053
1.88409
2.5502
1.54132
11.2469
0.149221
0.184781
0.237758
1.02206
0.939029
1.23329
0.877988
0.409158
0.870359
0.541927
0.326582
0.105838
0.526942
3.12947
-0.277738
0.518625
0.615693
1.01595
0.0297758
0.403827
1.01774
0.139179
0.186457
0.167666
0.927279
-0.0399262
0.639958
0.200129
0.160142
-0.370755
1.45978
0.129495
0.149221
0.0819112
0.178587
0.407208
0.878908
0.0242146
0.930814
0.25557
-0.301226
0.184674
0.124303
0.147819
0.180195
0.210898
0.9537
0.193929
0.989915
0.656925
-0.412911
2.10313
0.539243
0.32488
0.0794527
0.122409
-15.5273
1.70594
-0.622663
-0.496974
2.4906
1.51539
1.63214
1.00196
0.136512
-0.166664
-0.298379
-6.86642
0.545687
1.20231
2.18615
1.25114
-4.584
1.44666
0.126593
0.147819
0.437873
0.429239
0.985276
5.51515
0.293
-2.23755
-0.154149
-0.303346
0.178801
0.123161
0.147819
0.147723
1.02985
0.208559
-0.172797
0.165701
0.908928
-0.174694
-2.87024
-5.22223
0.530027
0.323693
0.0793827
0.113205
-15.5688
1.53426
-1.89324
-1.52425
1.23846
-4.78489
4.80064
-0.935507
0.135289
-0.169839
-0.312182
-6.87574
-1.29154
0.567731
0.280964
-1.71451
-1.50167
-3.12608
0.121562
0.147723
0.437352
0.343386
0.977437
5.51263
-0.462532
-2.26398
-0.000904953
-0.0517727
0.152856
0.122572
0.147723
0.46894
0.14745
0.172346
0.194041
0.934234
0.133607
-1.06236
-0.951725
4.04819
1.76482
0.53456
0.322893
0.0792736
0.0506713
-18.4263
1.67055
-1.79041
-1.98695
-0.0741036
1.60199
-2.13303
1.00042
0.134222
-0.177828
-0.34145
-7.37071
0.450543
-0.239038
-4.13623
1.37353
1.48623
-9.35213
0.122992
0.14745
0.434683
0.397201
3.77744
-3.26836
-4.77853
-0.0688719
-0.144148
-4.67524
0.169469
0.122871
0.14745
0.468162
0.530206
0.135339
0.152121
1.32407
-0.363218
0.12867
0.282876
0.543164
0.41566
-0.428859
-0.860432
0.285157
0.207686
3.3395
-12.4869
-0.102561
-0.309434
0.215634
-0.21045
-1.16969
-0.00244254
-3.04888
0.0112275
-0.0382276
-2.41968
4.03672
0.0130061
1.5645
0.0349834
-0.0747494
-0.849998
0.937898
-0.0693387
0.135339
-0.375211
-0.833775
2.03739
3.01417
-0.0814917
0.668806
2.08932
-1.54395
-2.99846
0.0517769
0.135339
0.000711319
-0.00637468
0.515169
0.00598369
-0.232977
0.517542
-0.0418032
0.0504482
0.0519749
0.0796599
0.0352962
0.152475
0.288104
-0.363838
0.0746372
-3.19491
-2.46171
0.125386
0.0522623
0.114945
0.161923
0.00987235
0.0333148
-0.431527
-0.3145
0.396533
-0.507923
14.2373
0.343712
0.272181
0.315786
-0.0684819
0.150083
0.298081
1.87222
0.00598369
0.671649
-0.0191702
-2.02396
-1.32726
0.966468
0.413603
-0.0889988
-0.065046
-2.46082
0.45981
0.00598369
0.0725456
-0.0710403
-0.67373
5.87832
-0.126872
-0.736173
0.391368
-0.168852
0.192166
-0.332556
-0.0257586
-0.470822
-0.548108
0.851778
-0.171126
-0.398639
-4.97139
-1.65941
-0.0993057
-0.197964
0.362654
-0.395107
-0.622054
0.0452678
0.634732
-0.540654
0.890744
-1.22115
-5.15648
-0.183908
0.221857
0.0695745
0.48546
0.237759
-1.78799
0.317655
-0.126872
0.328697
0.211961
-2.01413
1.29032
-0.236614
1.61584
0.899532
-0.0495503
2.05353
0.0603003
-0.126872
-0.298828
-1.23417
-0.702055
-4.11579
-0.51872
0.0421166
0.28196
2.24281
-0.22813
0.156554
0.245766
0.108531
-0.0681605
-0.102321
-1.30852
0.417965
-0.0335874
-2.55169
-1.8545
0.160339
0.00869774
0.0492755
0.0984594
0.174946
0.331682
-0.306831
0.0777385
0.527808
1.83008
-4.68117
-0.296523
-0.178551
-0.159695
-0.0996774
0.606031
0.247458
0.0346581
0.0421166
-0.0815477
0.203205
0.250486
0.169409
-0.196725
-0.289841
0.8842
7.38764
-4.1454
-0.628999
0.0421166
-0.0178809
0.200417
0.57882
-3.87301
-0.20236
-1.33036
0.137727
-0.047481
0.129835
0.776992
0.492549
-0.434337
0.572009
-0.336804
-0.381127
-0.14065
-0.170665
0.0906374
0.366712
-5.35687
0.316298
0.972574
-0.090769
-0.75028
-0.36814
0.0333036
0.431243
0.614529
0.032185
-0.107532
-2.24805
-1.61271
-0.193151
0.0655938
-0.271824
-1.11839
-0.401162
-0.339533
0.137727
-0.0192106
0.114936
-0.0989193
-2.00986
-0.231799
-0.193429
-1.57887
1.82395
14.1905
0.747891
0.137727
0.105708
0.0274225
0.0826509
2.56454
0.0686097
-1.89369
1.01969
0.146007
0.118566
0.224559
-0.721427
-0.165231
0.47112
-1.9727
1.38006
2.32707
1.39133
0.278958
0.104422
0.510141
3.02824
-3.18282
-0.509154
2.65163
-3.20945
-0.346315
-3.41853
5.91135
0.0587261
0.17927
0.146316
0.878414
-0.397263
1.45514
1.83949
-3.10402
-0.672008
-0.146242
0.833766
0.146007
0.0784577
0.173849
0.394428
0.486299
1.43843
-0.0142819
-4.22342
0.219479
6.13154
0.90699
0.146007
0.115223
0.102134
0.149072
-0.854398
0.23286
2.24006
-0.769331
42.907
0.149119
0.184546
0.236065
1.01956
0.682518
2.16137
0.0024509
-2.53975
0.828059
0.534963
0.325974
0.105698
0.525861
3.11823
-0.406104
-1.67001
1.11165
0.539776
-0.0680939
0.30376
0.97314
0.133618
0.186104
0.165944
0.919875
-0.0415671
-3.44664
0.558267
0.143857
-0.376784
1.44762
0.125221
0.149119
0.0818195
0.178412
0.406376
0.509851
0.82136
-2.30093
0.202266
-0.398911
-0.0776659
0.0885943
0.149119
0.116516
0.111437
0.155544
-0.542337
0.166833
-3.37602
-2.48146
18.4836
1.41493
0.149221
0.184781
0.237758
1.02206
0.939029
1.23329
0.877988
0.409158
0.870359
0.541927
0.326582
0.105838
0.526942
3.12947
-0.277738
0.518625
0.615693
1.01595
0.0297758
0.403827
1.01774
0.139179
0.186457
0.167666
0.927279
-0.0399262
0.639958
0.200129
0.160142
-0.370755
1.45978
0.129495
0.149221
0.0819112
0.178587
0.407208
0.878908
0.0242146
0.930814
0.25557
-0.301226
0.184674
0.124303
0.149221
0.116624
0.111905
0.155616
-0.499302
-0.183341
-0.762992
0.207407
2.00291
0.320981
0.201117
0.149221
0.184781
0.237758
1.02206
0.939029
1.23329
0.877988
0.409158
0.870359
0.541927
0.326582
0.105838
0.526942
3.12947
-0.277738
0.518625
0.615693
1.01595
0.0297758
0.403827
1.01774
0.139179
0.186457
0.167666
0.927279
-0.0399262
0.639958
0.200129
0.160142
-0.370755
1.45978
0.129495
0.149221
0.0819112
0.178587
0.407208
0.878908
0.0242146
0.930814
0.25557
-0.301226
0.184674
0.124303
0.149221
0.116624
0.111905
0.155616
-0.499302
-0.183341
-0.762992
0.207407
2.00291
0.320981
0.201117
0.149221
0.14903
0.155188
0.234874
0.995512
0.88495
-2.51895
1.14609
4.39345
-0.256434
0.540334
0.326049
0.105708
0.488261
0.154984
-0.376022
0.410039
-1.16345
2.80437
1.93108
0.388791
1.01727
0.138742
0.169577
0.0914675
0.837929
-0.0434783
-2.46331
-1.60054
0.267
-0.165842
1.45693
0.128186
0.14903
0.0799811
0.160678
0.324539
-1.01212
-2.06204
-1.03014
0.288155
-3.58654
0.18164
0.124362
0.14903
0.116225
0.109406
-0.0923682
-0.534005
-1.89482
-0.420527
2.64578
1.98434
0.320869
0.201003
0.14903
0.14903
0.14824
0.14485
0.21389
0.20177
0.0934865
-2.92257
-2.81421
-1.35475
-0.347813
-4.1059
0.316373
0.105255
0.416598
-2.79417
-0.937892
-2.54963
-3.11014
0.176829
4.11203
0.447927
3.36956
0.120374
0.162
0.0354914
0.247323
-0.677353
-3.94207
-2.70918
2.58828
-1.84968
3.76864
-0.00658289
0.14824
0.0769869
0.154224
-1.96576
0.274496
1.02155
-0.432367
1.01499
0.169023
-2.8758
0.121492
0.14824
0.114991
0.101498
0.666852
17.2558
-1.0876
2.37715
1.58222
-10.0791
0.273227
0.194055
0.14824
0.14824
0.507226
0.123965
-0.000807445
0.20508
4.00966
2.73608
-0.0843467
0.25904
0.0278514
0.289569
1.41112
0.0821385
0.346407
-0.502795
-1.12306
0.38184
0.95557
0.318397
0.302629
0.387413
-0.210204
0.833489
0.280077
0.201572
1.62033
-1.73335
2.7599
-0.0148019
0.090767
-0.140949
0.554938
0.35383
0.487788
0.123965
-0.408342
-0.296308
-0.771471
2.67964
0.600801
0.231403
0.0211589
0.202317
-1.43254
-0.0835935
0.123965
0.029915
-0.0111576
-0.138865
38.8057
1.27512
-0.834362
0.157706
7.64738
0.29364
0.0134636
0.123965
0.123965
0.0591252
2.90891
-0.0714486
-1.02053
-1.99846
-0.0165039
-0.0495822
-0.0269261
-0.0305018
0.00745866
0.31032
2.80416
0.0315315
0.0861414
1.26122
-4.99882
-0.324181
0.0670235
0.104848
0.0428438
0.0921805
0.401949
0.286202
0.262672
-0.739967
-5.07962
-1.36352
-0.0607938
-0.070747
0.204921
0.123741
0.160255
0.139792
0.647852
-0.0714486
0.173438
-0.629129
0.4562
2.18218
0.162811
0.491397
-0.0303911
0.330527
2.22362
0.0966332
-0.0714486
-0.00453995
-0.518183
0.294708
-3.81594
1.22666
0.640016
0.00508201
36.0771
0.524746
0.0377374
-0.0714486
-0.0714486
-0.70452
-1.60698
-0.687073
-0.129942
-0.0661524
0.176675
5.64861
0.16451
0.0588766
0.0105943
-0.0433858
0.20138
-1.11981
-0.170315
-0.00270379
-0.404058
-15.0786
0.38374
-0.128535
-0.222014
-0.140139
-0.277662
-0.452381
-0.510564
-0.509756
0.987798
-0.13839
-5.32639
-0.243389
-0.52239
0.107966
0.11139
0.364894
0.0464359
-1.23476
-0.129942
-0.825789
-0.919371
-0.513704
-0.539946
-0.0609904
-0.0308303
0.975131
-3.50857
-2.62646
-0.398096
-0.129942
-0.340739
-0.307694
-0.969403
-3.93149
-0.0499991
2.55417
1.33176
-15.5179
0.910565
-0.0103959
-0.129942
-0.129942
0.0293787
0.00789714
-0.697927
-0.240894
0.104759
1.11735
1.22732
-0.0572261
0.0560787
-0.00250699
0.0706487
0.266598
-0.128401
0.877508
-0.406512
-0.0399116
0.959019
3.36054
0.203589
0.364649
0.190036
0.155325
-0.00463872
-0.0262312
0.281226
0.303055
1.29822
0.350271
-4.90535
-0.174412
0.140584
0.0594739
0.0986529
0.36097
0.257906
-0.0826412
0.104759
0.474736
0.732265
3.97679
-0.0711465
0.175919
0.152185
0.608182
0.747408
6.61662
0.567252
0.104759
0.0454383
0.661533
1.32791
-0.704823
-0.0799166
0.046348
1.44676
20.9324
3.86226
0.708309
0.104759
0.104759
0.0878353
1.06221
-0.494667
-0.208394
-1.40802
0.143619
0.116907
0.0795867
-1.62718
0.119463
-0.0561277
-0.793914
0.239339
1.80269
1.38643
0.273611
0.00921765
-1.08642
-1.9109
0.290511
-0.397651
0.163372
0.496605
0.489916
-1.62671
4.61712
0.0514989
-0.0661753
-0.233227
-6.56593
-0.547587
-0.344842
0.100283
-0.425043
0.132752
-5.74394
0.828382
0.143619
0.0223804
0.100916
-1.07309
-5.90843
0.485735
-0.850945
-1.37044
-2.22221
0.30781
0.0732223
0.143619
0.100893
0.0825629
0.11899
-6.12062
-0.592239
0.0374804
-0.562235
30.2139
2.92709
0.124985
0.143619
0.143619
0.126812
0.178552
0.101233
0.379692
-1.07886
1.29709
0.144776
0.178104
0.133521
0.045688
-0.726391
-2.04468
4.34302
0.0534092
0.793581
0.538377
0.323033
0.629786
0.95642
2.09432
4.86308
4.30836
4.57054
2.18607
-0.640147
-2.40243
0.815779
0.128159
0.35641
1.87649
3.01741
-1.80671
2.62311
-2.4989
0.336827
1.65229
-5.65888
0.122519
0.144776
-0.0738257
-0.158096
0.567955
0.689852
2.21214
0.553888
-1.35154
-0.353576
0.159422
0.11793
0.144776
0.0783088
0.0918772
0.0454808
-0.294102
3.21147
-3.14684
-2.57131
1.28577
0.290706
0.191794
0.144776
0.144776
0.141073
0.338717
8.31567
-1.05061
4.43502
2.51438
6.40344
0.148745
0.184249
0.233645
1.01516
0.925472
1.05816
3.1399
4.63251
0.197831
0.536306
0.324831
0.0992435
0.492157
1.75163
4.23183
4.79214
4.44099
1.17172
0.274072
5.7874
-2.2004
0.119536
0.182283
0.149137
0.80525
8.7331
-2.37259
0.272341
-1.86303
-4.49326
-3.21067
0.124153
0.148745
0.0760436
0.175712
0.394509
0.851806
1.5087
2.50536
0.02286
-0.309606
0.156626
0.122541
0.148745
0.11466
0.109861
0.154509
-0.768014
-0.181551
-3.77204
0.0835385
1.65314
0.310565
0.192097
0.148745
0.148745
0.150609
0.366515
-2.346
-0.525195
-1.06307
-0.845664
0.686533
0.114894
0.149221
0.184781
0.237758
1.02206
0.939029
1.23329
0.877988
0.409158
0.870359
0.541927
0.326582
0.105838
0.526942
3.12947
-0.277738
0.518625
0.615693
1.01595
0.0297758
0.403827
1.01774
0.139179
0.186457
0.167666
0.927279
-0.0399262
0.639958
0.200129
0.160142
-0.370755
1.45978
0.129495
0.149221
0.0819112
0.178587
0.407208
0.878908
0.0242146
0.930814
0.25557
-0.301226
0.184674
0.124303
0.149221
0.116624
0.111905
0.155616
-0.499302
-0.183341
-0.762992
0.207407
2.00291
0.320981
0.201117
0.149221
0.149221
0.151067
0.367491
0.118662
-0.526511
-0.391344
-0.777397
0.848674
0.122825
0.185576
0.149221
0.184781
0.237758
1.02206
0.939029
1.23329
0.877988
0.409158
0.870359
0.541927
0.326582
0.105838
0.526942
3.12947
-0.277738
0.518625
0.615693
1.01595
0.0297758
0.403827
1.01774
0.139179
0.186457
0.167666
0.927279
-0.0399262
0.639958
0.200129
0.160142
-0.370755
1.45978
0.129495
0.149221
0.0819112
0.178587
0.407208
0.878908
0.0242146
0.930814
0.25557
-0.301226
0.184674
0.124303
0.149221
0.116624
0.111905
0.155616
-0.499302
-0.183341
-0.762992
0.207407
2.00291
0.320981
0.201117
0.149221
0.149221
0.151067
0.367491
0.118662
-0.526511
-0.391344
-0.777397
0.848674
0.122825
0.185576
0.149221
0.148828
0.100862
0.213615
0.405748
-0.333751
-1.65255
1.39034
-0.220654
-0.363758
0.537751
0.325091
0.105544
0.458275
5.31202
-3.64544
-1.52492
-0.0518757
-0.677308
1.82668
-3.14413
0.910082
0.137345
0.16179
0.0397392
0.615886
-0.0829564
1.746
0.0705976
-1.50868
0.372049
-8.03804
0.125533
0.148828
0.0782215
0.145096
0.258688
-5.05719
-0.279708
-1.46048
-2.98819
4.27399
0.175584
0.124044
0.148828
0.115813
0.0930073
-0.208459
-0.606023
-1.70005
-0.764434
-0.570628
1.64596
0.318335
0.199867
0.148828
0.148828
1.53773
0.589917
-3.31772
0.00729962
-0.605324
-0.409688
-1.65091
0.113365
0.185163
0.148828
0.148828
0.139143
-0.0218864
0.138855
0.907009
0.0804594
0.944375
-0.210306
0.422712
0.397211
-0.0936163
0.0391181
0.0247349
0.283915
5.09884
-3.52843
0.244002
-0.73359
-0.00352771
0.744659
0.13068
0.522038
-0.308415
0.0999445
-0.122077
-0.386015
-2.011
-3.32637
0.525012
1.21133
1.61128
0.491857
0.747013
0.139143
0.035815
0.115046
-2.09207
7.43479
0.279324
-0.123864
0.80653
1.15777
4.72364
0.0515368
0.139143
0.0999774
0.0449804
0.531271
18.477
-0.37749
0.861458
2.03401
-1.00322
0.814646
0.113138
0.139143
0.139143
0.380392
2.63117
0.847988
-1.3836
-3.04272
-0.279078
1.69098
0.0901402
0.0929929
0.139143
0.139143
1.76599
0.0824872
-0.397543
-0.196679
-6.62736
-2.69116
0.0852984
0.0317421
0.125552
0.122413
0.336435
0.42373
0.37197
-2.86047
3.74855
1.01835
-0.754137
0.083223
0.10564
0.297921
0.00379229
0.523528
0.656711
0.34754
0.16977
-6.72989
-2.15235
-0.236321
0.109603
0.161218
0.183355
0.335551
0.534491
0.0824872
0.357991
-0.331021
-3.63133
-0.111798
0.330588
0.514306
0.264929
0.348014
-1.61258
-0.557685
0.0824872
0.0109828
-0.280316
-0.375444
19.6756
0.685779
0.658918
0.174042
10.8364
0.255931
0.589021
0.0824872
0.0824872
-0.0914484
-0.0379904
12.9352
0.973808
-0.433372
-0.0474144
8.85107
-0.180011
0.170533
0.0824872
0.0824872
-0.499734
38.9418
-0.0939535
0.191276
-0.948539
-0.135725
0.0868803
0.0825219
0.0197275
2.35717
-0.254568
-1.44621
-0.0624357
0.0915335
-2.09167
0.60822
0.289562
-0.018454
-0.148787
0.0533886
0.253921
2.08524
-0.0797036
0.216
0.498412
4.00059
-11.9028
0.417191
0.160491
0.019561
-0.0487038
-0.0190166
-1.01797
0.384046
-0.0939535
0.0566198
0.407664
-0.204613
0.0990335
-0.0515574
0.00891345
0.160784
5.33827
1.24431
0.0513582
-0.0939535
-0.0205373
0.205468
-0.000233613
7.40128
-0.114757
-0.188999
-0.0359237
16.188
0.44823
0.0747383
-0.0939535
-0.0939535
-0.116193
-2.58108
-1.52514
1.09709
-0.250018
0.0999608
-6.22947
-0.513753
0.0961855
-0.0939535
-0.0939535
-0.384359
-39.2502
-1.06888
-0.0739338
0.266723
-1.20532
-0.878389
0.0704659
0.124908
-0.0553918
0.0472178
0.0856684
-0.0329124
-0.761768
-0.0366403
-2.35271
-11.5467
0.181695
0.188456
0.168067
0.109752
-0.0163367
-0.104906
0.0394836
-0.157267
0.0661332
-0.17469
-11.2733
0.160972
0.111627
0.207199
0.103144
-0.00744466
0.25671
-0.0932063
-0.0739338
-0.363125
-0.449966
-2.6524
0.75033
0.26545
0.0684455
0.321189
0.414331
-6.26348
-0.102506
-0.0739338
-0.273128
-0.00614793
-0.0271893
12.0882
0.0684892
0.580484
0.72827
-4.86154
0.681394
0.199671
-0.0739338
-0.0739338
0.0393375
1.34086
-0.240508
-0.242692
1.75158
0.808455
-3.00036
0.292378
-0.215064
-0.0739338
-0.0739338
0.285195
15.3939
-0.347826
-0.346122
0.113281
-0.149866
2.73659
0.349507
-0.0366869
0.120147
0.0336333
-0.0660394
0.292236
1.03682
0.187282
0.275189
1.73455
12.9623
-0.099159
-0.118903
0.158893
-0.173517
0.0137181
-0.859427
-7.57782
-0.116419
-0.524022
2.03661
5.30962
0.611182
0.116664
-0.0411381
0.0858914
-0.303902
2.34138
0.572947
0.113281
-0.470624
-0.843145
-0.357656
-0.787536
0.220293
0.553302
-0.0827477
0.698669
-0.781728
-0.0382028
0.113281
-0.0129499
-0.166652
-0.0862702
9.94532
-0.0162296
0.784764
-0.0246809
34.0278
2.11196
-0.0237642
0.113281
0.113281
-0.152773
-0.707931
-0.559964
-0.0227277
0.0970863
1.36928
7.98641
1.01348
-0.10446
0.113281
0.113281
0.152422
7.78844
-0.106809
0.206488
0.198659
0.135851
0.156494
0.572753
1.23035
0.584112
0.0208571
-0.159117
-0.262722
-1.11479
0.34658
0.29733
0.210468
2.01632
4.19038
0.350796
0.203095
0.329281
0.220322
0.570551
-0.23155
9.77262
0.0474482
0.332477
-0.163789
-0.155083
0.2424
0.00737471
-0.176719
1.21724
-0.0997494
-1.26483
0.0560143
0.135851
0.057993
0.00753183
2.71045
0.249365
0.487932
-0.532993
0.345051
3.68788
-0.096999
0.0848656
0.135851
0.0012939
0.0134991
-0.221047
-1.60475
0.821187
-0.669139
-1.22528
8.97597
0.0486561
0.121077
0.135851
0.135851
0.122358
0.251867
1.5441
0.561953
0.276517
-1.29614
20.0962
0.456681
0.592769
0.135851
0.135851
0.036122
-0.801803
1.63876
0.366964
-0.474686
1.27064
0.1429
0.175994
0.107662
0.865656
0.553084
-0.423871
-0.0499364
4.91788
-0.305034
0.524057
0.318793
0.412638
1.90819
-6.85148
0.70539
-1.14934
-2.46592
-0.587366
-1.26735
-3.51946
-3.50972
0.101272
0.522577
0.215145
6.52729
8.6517
-0.561913
3.25221
-0.087353
2.2696
2.6372
0.109244
0.1429
0.193838
0.155146
0.310414
-3.55328
2.02739
-0.102135
-2.28354
-0.849169
0.105971
0.112455
0.1429
0.0440621
0.0703396
-0.0390913
-1.79262
3.16218
2.11368
-0.504089
-4.88474
0.279376
0.180233
0.1429
0.1429
0.137664
0.332642
-1.22469
2.19727
1.31433
0.675141
0.534116
0.981743
0.837663
0.1429
0.1429
0.145278
0.0988494
-1.02733
4.14968
-0.246464
-0.849871
17.422
0.149032
0.184619
0.235566
1.00355
0.912225
1.10754
2.63634
2.88241
0.807235
0.539038
0.326109
0.104739
0.516172
2.72607
5.88651
5.78523
4.43595
2.05416
1.33328
9.01144
-0.0641518
0.137929
0.184986
0.163493
0.905981
-0.194592
-0.702057
0.28842
-3.68549
-1.30704
1.06491
0.128095
0.149032
0.0811066
0.178081
0.403249
0.874602
-4.56963
0.943814
0.197137
-0.305252
0.174899
0.123205
0.149032
0.116377
0.111537
0.155239
-0.553004
-0.0101013
0.524399
0.1726
-3.82382
0.316358
0.199709
0.149032
0.149032
0.150828
0.366761
-3.18723
-0.517793
-5.88399
-1.33693
-0.127849
0.118176
0.0597112
0.149032
0.149032
0.207575
0.42564
2.2151
-13.6878
-0.992004
3.10407
2.74574
1.28334
0.149221
0.184781
0.237758
1.02206
0.939029
1.23329
0.877988
0.409158
0.870359
0.541927
0.326582
0.105838
0.526942
3.12947
-0.277738
0.518625
0.615693
1.01595
0.0297758
0.403827
1.01774
0.139179
0.186457
0.167666
0.927279
-0.0399262
0.639958
0.200129
0.160142
-0.370755
1.45978
0.129495
0.149221
0.0819112
0.178587
0.407208
0.878908
0.0242146
0.930814
0.25557
-0.301226
0.184674
0.124303
0.149221
0.116624
0.111905
0.155616
-0.499302
-0.183341
-0.762992
0.207407
2.00291
0.320981
0.201117
0.149221
0.149221
0.151067
0.367491
0.118662
-0.526511
-0.391344
-0.777397
0.848674
0.122825
0.185576
0.149221
0.149221
0.208128
0.474305
0.66281
-0.459213
-0.224991
0.311631
1.01643
0.124805
0.176904
0.149221
0.184781
0.237758
1.02206
0.939029
1.23329
0.877988
0.409158
0.870359
0.541927
0.326582
0.105838
0.526942
3.12947
-0.277738
0.518625
0.615693
1.01595
0.0297758
0.403827
1.01774
0.139179
0.186457
0.167666
0.927279
-0.0399262
0.639958
0.200129
0.160142
-0.370755
1.45978
0.129495
0.149221
0.0819112
0.178587
0.407208
0.878908
0.0242146
0.930814
0.25557
-0.301226
0.184674
0.124303
0.149221
0.116624
0.111905
0.155616
-0.499302
-0.183341
-0.762992
0.207407
2.00291
0.320981
0.201117
0.149221
0.149221
0.151067
0.367491
0.118662
-0.526511
-0.391344
-0.777397
0.848674
0.122825
0.185576
0.149221
0.149221
0.208128
0.474305
0.66281
-0.459213
-0.224991
0.311631
1.01643
0.124805
0.176904
0.149221
0.142308
1.19665
0.20906
0.391157
-0.430595
3.29547
-0.537154
0.446451
0.48547
-3.68588
0.0823914
0.103221
0.417145
-0.401339
-0.447151
-1.34114
0.0525407
0.668381
-1.04282
0.308118
-0.576946
-0.210542
0.13011
-0.0955424
0.675707
-0.117357
0.782246
-0.227439
3.34603
-0.263455
4.03253
1.06389
0.142308
0.061225
0.0971884
0.263614
-1.09276
0.125157
2.19162
5.71666
-0.216604
-0.725307
0.0650125
0.142308
0.112058
0.0447084
-0.124856
-3.77061
2.55546
2.85171
-0.570489
25.933
0.902414
0.138774
0.142308
0.142308
1.55588
-0.612451
1.40111
-0.0678833
2.09438
1.13391
4.70429
0.113175
0.168793
0.142308
0.142308
4.54558
51.5462
0.216105
0.797092
1.73548
-1.15915
0.807544
0.113541
0.16458
0.142308
0.142308
0.115817
-0.188223
-0.0176984
0.673553
-0.969678
0.0297612
-0.0345835
0.238051
0.0702405
-0.0252821
0.608031
-0.0518331
-0.377491
-9.00299
-0.0863208
-1.25327
0.113453
-0.0706129
0.287036
0.0887715
-0.0279582
1.08196
-0.184189
0.636714
-1.39529
1.24553
0.459513
0.336319
0.308303
1.06193
-0.0828347
1.76095
0.115817
-0.193852
-0.0123839
-2.54661
-0.558253
0.0776651
-0.106273
2.29664
0.241555
6.53319
-0.105499
0.115817
0.0658858
-0.136862
0.739518
19.7712
0.252827
1.27756
0.33651
14.5708
-0.266201
-0.115395
0.115817
0.115817
-0.0167534
1.15646
0.899714
1.59152
-0.0352613
0.0815333
-0.843455
0.0412369
0.650901
0.115817
0.115817
-0.249541
43.4048
0.854406
1.77053
0.0151247
-0.731003
-7.48327
0.162575
-0.248729
0.115817
0.115817
0.813832
0.0349315
-0.944131
-0.46158
-8.98367
0.382563
-0.0127493
0.166174
0.218806
0.652771
1.0229
0.158585
0.271275
-6.40383
8.66964
-0.866557
-0.0534537
-0.134801
0.0517304
0.151466
0.814927
-3.67005
0.387969
-0.571767
-3.51197
-2.095
-2.80291
0.363306
0.243425
0.168486
0.198968
-0.461463
1.15685
0.0349315
0.298432
-0.844826
-3.4832
-1.5388
0.137672
0.0398703
0.322284
0.174781
5.02436
0.59207
0.0349315
-0.0612734
-0.620367
-0.293216
11.5224
0.360237
0.517585
0.298324
4.74944
-0.546457
0.409829
0.0349315
0.0349315
-0.389582
-0.694855
-0.27119
0.622047
-0.578168
0.169821
3.12482
-0.34172
0.0880408
0.0349315
0.0349315
-1.04003
7.09685
1.52503
2.19751
-0.217485
-0.0721166
7.585
-0.477379
0.15997
0.0349315
0.0349315
-2.67523
4.34175
-0.0701094
0.167584
-1.58642
-0.0400901
-0.106675
0.145868
0.288924
0.330225
0.0931107
1.01437
-0.589611
0.154499
2.0541
-4.70644
-0.285471
0.0413018
0.16659
0.17814
0.451812
-0.0612888
-0.109022
-1.16329
0.319327
-3.55008
-11.197
0.0555165
-0.288802
0.00817075
0.279211
-0.178893
0.0710444
0.469365
-0.0701094
0.202271
0.36978
-1.39363
-0.63205
-0.106249
0.1098
0.237879
0.0966588
1.78087
0.208799
-0.0701094
0.0326964
0.323468
-0.253577
-7.941
-0.116365
-0.0569241
0.140575
36.9812
0.105439
-0.681426
-0.0701094
-0.0701094
0.221
1.15862
-0.0275716
0.0553767
0.161096
0.229692
18.0933
-0.456385
-0.492814
-0.0701094
-0.0701094
-0.263924
0.739449
-0.334676
1.23075
0.253479
-0.29088
5.51657
0.525211
0.297746
-0.0701094
-0.0701094
1.45081
-0.456038
-0.572228
-0.00774564
-0.654202
-1.74924
1.45371
0.531388
0.0448678
0.0473723
-0.0121217
-0.111385
-0.92229
-0.0669339
-0.211402
-0.554373
2.80349
0.249955
0.0271965
0.0923933
0.0140071
0.0475773
0.213159
-7.12166
-0.381061
0.614633
-1.04854
1.68973
-0.139788
0.203382
0.178775
0.0264393
0.0259723
-0.420024
-1.12487
-0.00774564
0.471049
0.262801
0.446355
0.343326
-0.0210667
0.189982
0.309465
-0.157135
-0.299796
-0.442826
-0.00774564
0.120209
-0.156599
0.971442
3.06648
0.151372
-0.832484
0.276246
9.02956
-2.40183
-0.448676
-0.00774564
-0.00774564
0.462606
1.18726
0.237258
-0.0121636
0.182948
0.558415
9.40761
0.195259
-0.4246
-0.00774564
-0.00774564
1.03408
6.04449
-0.0937428
-0.297298
1.10843
0.479155
-2.83638
0.69402
0.419928
-0.00774564
-0.00774564
-0.527579
0.0154309
-0.374989
-0.421782
0.105729
0.0882135
1.85417
0.282883
0.1121
0.0768915
0.366136
0.951777
-0.162556
0.0507257
0.193328
-0.114976
-0.989874
1.10573
0.251323
0.128764
0.0324563
0.160463
0.787366
0.996257
-5.74245
0.522689
0.132227
-1.26755
-5.76957
0.0201488
0.334022
0.0897886
0.0859478
-0.198711
-5.24816
-0.366617
0.105729
-0.342834
0.400694
8.79091
1.27837
0.146551
0.122788
-0.0304376
-5.57471
-1.49604
-0.0362772
0.105729
-0.107618
-0.168306
0.145303
-9.82197
-0.194729
-0.00988762
-0.49901
-47.6927
-0.858767
-0.0677265
0.105729
0.105729
-0.0220627
0.100717
1.77919
-0.0619707
0.59718
0.0655991
-1.39188
-0.64919
0.278342
0.105729
0.105729
-0.664046
1.98211
0.54634
-0.17635
-0.689424
1.2636
15.6712
1.24862
0.419944
0.105729
0.105729
-0.866413
0.479847
-0.288517
-0.0465188
0.283012
0.130208
0.149806
1.52136
0.449032
-0.170443
0.639339
0.699207
-2.75126
2.71212
0.288436
0.275469
-0.00912396
2.24775
2.83362
0.694126
0.782785
0.511019
0.713244
0.65138
-0.31341
3.36378
0.666156
1.01748
-0.559891
5.68231
0.154739
-0.965812
-0.118973
-1.18281
1.00019
6.39113
-0.117211
0.130208
0.770288
0.658257
2.53694
-0.245589
-0.454042
0.443232
-1.36678
-3.13284
-0.637975
0.0665107
0.130208
0.307265
0.408308
0.31399
2.41993
0.953287
0.174223
1.50987
2.78537
0.0758775
0.0910117
0.130208
0.130208
0.111578
0.0914201
0.67264
-0.417819
-0.0664266
0.447495
-6.38461
-0.12662
0.434726
0.130208
0.130208
0.00427944
4.96078
1.10685
1.09102
0.0747003
-1.19676
17.8302
0.00770703
-0.311344
0.130208
0.130208
-0.0867141
5.64808
1.75031
-0.129649
0.347834
1.88936
0.138344
0.167028
0.340991
0.436545
3.06661
3.94592
1.38398
6.27544
6.30371
0.45145
0.303776
0.315465
0.98668
13.0792
0.500263
3.85174
4.3546
0.0491525
-0.440653
3.20626
0.791264
0.052184
1.25644
2.24226
-2.38311
4.05743
0.443703
4.2746
0.00441158
-2.21992
-10.0971
0.0856418
0.138344
0.936567
0.87438
3.83814
-0.629703
-0.571383
-1.38994
-2.92312
-1.51904
0.0277161
0.106228
0.138344
0.360149
0.465753
0.432161
2.94392
-1.43647
1.22693
-1.69193
-2.26637
0.253134
0.148562
0.138344
0.138344
0.127386
0.156046
-4.77371
-1.17589
0.371994
-1.70349
-1.14506
0.225223
-0.0166527
0.138344
0.138344
0.0873351
6.31671
1.8321
-1.68786
1.09402
-0.385753
7.46368
1.55948
-0.0147908
0.138344
0.138344
-0.0114288
-1.82095
-4.18616
0.269176
0.0415468
-0.403865
18.1568
0.147635
0.179634
0.206097
0.942837
0.0702287
0.383738
0.313785
-0.547335
2.03207
0.537847
0.324259
0.0760285
0.101363
-15.8221
1.49967
-2.42938
-5.79277
-8.85153
-1.06252
-2.29515
0.995858
0.134624
-0.624774
0.675443
-5.16839
0.604455
1.2914
2.22453
2.99403
2.6867
1.39102
0.12205
0.147635
0.98217
0.992752
0.497627
-0.705332
2.23928
1.02756
-0.213681
-1.33226
0.172041
0.119877
0.147635
0.457928
0.530531
0.6509
-2.57661
0.412531
-0.155529
0.162553
1.97421
0.318713
0.197696
0.147635
0.147635
0.143137
0.35977
0.0777268
1.24011
-0.79722
-0.85954
0.773646
0.114171
0.175952
0.147635
0.147635
0.154649
0.370133
0.416687
-0.407264
-1.35349
0.288571
-1.95874
0.00339696
0.175612
0.147635
0.147635
0.0268587
0.461958
-0.420529
0.792078
-2.45721
-2.36302
17.9034
1.77928
0.149221
0.184781
0.237758
1.02206
0.939029
1.23329
0.877988
0.409158
0.870359
0.541927
0.326582
0.105838
0.526942
3.12947
-0.277738
0.518625
0.615693
1.01595
0.0297758
0.403827
1.01774
0.139179
0.186457
0.167666
0.927279
-0.0399262
0.639958
0.200129
0.160142
-0.370755
1.45978
0.129495
0.149221
0.0819112
0.178587
0.407208
0.878908
0.0242146
0.930814
0.25557
-0.301226
0.184674
0.124303
0.149221
0.116624
0.111905
0.155616
-0.499302
-0.183341
-0.762992
0.207407
2.00291
0.320981
0.201117
0.149221
0.149221
0.151067
0.367491
0.118662
-0.526511
-0.391344
-0.777397
0.848674
0.122825
0.185576
0.149221
0.149221
0.208128
0.474305
0.66281
-0.459213
-0.224991
0.311631
1.01643
0.124805
0.176904
0.149221
0.149221
0.0391359
0.469357
0.16073
0.298962
0.525857
0.292394
-1.2792
-0.06414
0.146099
0.144217
0.0895245
0.217666
1.00506
0.837964
1.16526
0.59005
1.40655
0.0889918
4.02886
-0.0833632
0.103969
0.488989
2.68964
-0.298329
0.456019
0.342364
-0.0731968
1.18883
0.653359
0.722486
-0.15671
0.172042
0.123724
0.845694
-0.0567343
-0.273218
-0.125223
-3.17284
-0.315636
3.2814
-0.721792
0.144217
0.0746597
0.167444
0.376911
0.851051
-0.348102
-1.99971
0.600153
0.626247
2.08786
0.0917182
0.144217
0.113648
0.0902537
0.138146
-1.2085
-2.94607
-0.548609
0.278854
-9.15041
1.13001
0.153846
0.144217
0.144217
0.117545
-0.50977
1.04147
0.502295
1.30249
-0.390588
4.89696
0.117901
0.174326
0.144217
0.144217
0.131214
23.2436
2.18034
0.211965
-2.25106
3.61957
0.898445
0.119023
0.1672
0.144217
0.144217
5.26299
1.96794
0.176656
0.172813
0.266266
0.255774
-1.34505
-0.0729051
0.142374
0.144217
0.128018
0.765448
0.0732789
-0.294583
-0.466919
-0.92767
-0.0486286
0.178058
0.262808
0.228242
1.32111
0.0119246
0.109803
2.70988
-1.07939
1.10099
-0.22398
0.155035
0.297074
0.221663
0.211095
0.955071
0.0343499
-0.336434
-1.23064
-1.69278
0.0828955
0.125185
0.393916
-0.384257
0.537401
3.54081
0.128018
-0.0155184
-0.00797367
0.0787457
-1.95065
0.13421
0.100033
1.44239
0.215962
3.78227
-0.0336169
0.128018
0.0863127
0.989254
0.0502251
5.46409
0.198517
-2.47621
-0.174956
16.895
0.142659
-0.0156865
0.128018
0.128018
0.0769713
-0.27642
0.0431736
-1.13703
-1.88385
0.195571
3.14679
0.0784262
0.858335
0.128018
0.128018
0.0536228
-18.9406
-0.305043
-3.18417
-0.0812147
2.52508
-4.21088
0.614203
-0.138401
0.128018
0.128018
2.46082
0.664028
-3.45007
-0.457986
0.121513
1.05652
1.29881
0.338651
0.114318
0.128018
2.73703
0.084552
-0.531689
-0.16607
-0.200787
-1.37574
0.371266
0.0713314
0.260884
0.345516
2.41892
0.308087
-0.0988106
-1.96169
-0.51984
-0.917141
-0.245305
-0.0194686
0.314858
0.350912
0.0878555
2.39317
0.616412
-0.971108
-1.13239
-4.49148
-1.13034
0.176085
0.0530443
-0.0615025
0.194238
0.514412
0.208799
0.084552
-0.815954
-0.263634
-1.33403
0.847181
0.0478629
0.0138801
0.321992
0.327585
-1.30714
-0.311941
0.084552
0.0255693
-0.361136
-0.309097
5.45839
-0.114884
-0.0877915
0.103068
1.89719
-0.671714
0.682443
0.084552
0.084552
-0.0932202
-0.212933
0.436246
0.124564
0.452068
0.144365
-7.50546
-0.00254882
0.403059
0.084552
0.084552
-0.235128
25.0465
0.459798
-0.343401
0.0340212
0.737056
4.86974
1.04501
0.364014
0.084552
0.084552
-0.760351
0.501654
0.703612
-0.0271785
-0.0972769
0.0354487
6.15683
-0.17366
0.0256541
0.084552
0.333879
2.38085
0.0192268
0.507835
-0.432796
0.560237
0.0581656
0.260352
0.170186
0.213355
0.0717923
-0.749768
-0.999695
0.224406
0.203939
-19.1117
0.474831
0.0565066
0.152677
0.253035
0.24618
-0.269884
0.303175
-2.13444
0.465776
-1.58935
-10.8725
0.684598
-0.0999991
-0.130151
0.240318
0.239972
0.63004
1.16974
0.0192268
0.0952633
0.23451
0.972445
-0.724979
-0.153447
-0.0762967
0.202308
0.306742
9.42684
0.483328
0.0192268
-0.0775533
0.297457
0.540119
-5.20187
0.0859177
-0.113417
0.101678
-8.24211
0.34767
-0.54156
0.0192268
0.0192268
-0.539411
-0.612924
1.15055
0.13039
0.189344
0.185302
-3.08618
0.265905
0.0839486
0.0192268
0.0192268
-1.28979
-48.381
-0.304309
0.304567
-0.125498
0.187447
4.63845
-0.06896
0.112518
0.0192268
0.0192268
-0.970202
-0.221365
1.36217
0.788177
-0.223205
-0.310291
-8.73852
0.299956
-0.178745
0.0192268
-1.36027
-0.562998
-0.201286
-0.0229985
0.649902
2.43519
0.525184
0.141012
0.189932
0.218842
0.186092
0.124209
-1.96076
-0.0775042
0.166875
-4.53617
10.0929
0.268897
-0.139845
0.255094
0.216517
0.193122
0.138795
-0.287695
0.386349
0.76195
-1.09521
-1.93748
0.0953043
0.238882
0.0687612
0.230912
0.116116
0.335209
-0.0385692
-0.0229985
0.425255
0.691262
0.165753
-0.405387
0.0813616
0.237285
0.00342784
0.120899
1.55838
-0.323556
-0.0229985
0.0842844
0.625474
-0.137549
3.02595
0.0128879
0.683418
0.120062
-1.17984
-1.6582
-0.277414
-0.0229985
-0.0229985
0.270097
-0.866653
0.310268
0.010829
0.160345
0.0300569
-7.48353
0.563162
0.249662
-0.0229985
-0.0229985
1.03382
8.87141
-0.0471073
0.137955
0.312141
0.165209
0.536574
0.990176
0.198972
-0.0229985
-0.0229985
0.706788
-0.207781
-0.453498
1.11451
0.0101066
0.0841652
1.03583
2.26692
0.144422
-0.0229985
-0.321503
-0.725251
-0.379157
0.103443
0.0215275
-0.242522
-0.914246
0.139517
0.186736
0.168948
0.0958576
0.15761
0.244438
-0.405586
0.00926513
-0.217002
0.180888
9.59249
-0.00638301
0.201361
0.27369
-0.0557683
-0.0875488
0.0455647
-2.11084
0.41479
1.1985
-3.69676
3.04873
0.0132575
0.296657
0.111692
0.00634903
0.309307
-0.891335
-0.900194
0.0215275
1.35769
0.115302
4.63455
2.02411
0.27343
0.159985
0.0137765
0.337293
-4.04567
-0.31557
0.0215275
0.125098
-0.0124768
1.34252
3.57552
0.123396
0.848851
0.253862
-22.5784
-0.631285
-0.295306
0.0215275
0.0215275
0.766241
0.105408
-0.289482
-0.0965208
-0.398041
-0.142386
-0.923474
-0.366369
0.405675
0.0215275
0.0215275
1.6819
7.17111
-0.0479321
0.0609194
0.091618
0.0278549
2.37701
-0.373281
-0.38995
0.0215275
0.0215275
1.32102
-1.33554
-0.0213937
-0.574151
0.86052
0.240444
8.88854
-0.750129
0.331637
0.0215275
0.111453
0.0254331
-0.294861
-0.0779686
-0.218787
0.107247
0.105143
-0.598823
0.429613
0.121793
0.0797356
-0.162148
0.740048
3.55755
0.139676
0.202428
-0.0334993
-0.0441134
-1.61364
0.127041
0.259042
-0.051082
0.211733
-0.33568
-1.98567
-1.94264
-0.104302
0.741619
-0.912654
1.96988
0.436109
0.152687
0.221042
-0.202811
-0.716984
-7.33422
-0.221435
0.107247
0.458896
1.10049
1.74483
0.0241802
0.101647
-0.000562108
-0.105431
2.02293
-0.927821
-0.0337219
0.107247
0.247402
0.274043
0.0447744
18.158
0.182044
0.615797
0.342257
-18.6342
-0.727198
-0.0267958
0.107247
0.107247
0.0546506
-0.064448
1.23532
0.222554
0.358851
0.034584
3.20869
-0.543027
-0.143494
0.107247
0.107247
-0.357667
-5.4815
-1.67137
-0.126065
0.337498
0.476722
-7.81641
-0.362517
-0.00378193
0.107247
0.107247
-0.623129
0.525209
0.0146407
-0.0576869
-0.774283
1.08566
4.61516
0.440913
0.499883
0.107247
0.158703
-4.38057
-3.10628
0.076445
-0.0836184
0.262809
0.137204
0.151383
2.3582
-0.195365
0.528461
-0.197782
0.421375
2.84907
3.65595
0.405208
0.283348
-0.290384
2.34532
6.27208
0.44305
0.428794
0.626803
-0.00315895
0.248831
-0.0060364
-4.43906
0.746135
0.50495
-1.93522
-1.18105
-0.238273
0.465303
0.233632
0.860116
1.59297
4.10107
-0.0967082
0.137204
0.0360554
-0.0608873
2.18432
1.37509
0.0139665
0.227068
-0.362969
-1.962
-0.487694
0.0742393
0.137204
0.382799
0.429803
0.529329
3.7232
0.774592
0.440555
-0.641861
15.1564
0.114875
0.124247
0.137204
0.137204
0.123073
0.269056
-1.66186
-0.478144
-0.332383
-0.44389
-2.31474
-0.267303
-0.0277056
0.137204
0.137204
0.0787083
-1.21758
-3.91349
-0.239887
-1.52179
0.348703
-2.78238
0.578786
0.105862
0.137204
0.137204
-0.0647831
2.26014
-0.433549
-0.01137
-0.776583
-1.61846
48.2244
2.28243
0.219371
0.137204
0.270118
0.273295
-3.15515
-1.36152
0.605356
-0.608212
0.870821
0.137871
0.168265
1.74673
-1.26586
4.778
0.279844
-1.13972
1.04253
0.774039
0.424799
0.298297
0.458866
-0.545482
18.7143
3.54573
0.356293
1.23443
5.32128
8.29891
0.480629
11.5875
0.744405
1.41471
2.41008
19.4101
-0.759554
-0.570782
-0.139109
-0.296371
-3.61218
4.1042
-0.0568225
0.137871
-0.00644037
-0.141357
2.2707
0.35738
0.431097
-0.315212
-1.36218
-0.69845
-0.420907
0.0966044
0.137871
0.390284
0.481975
0.503
1.49791
2.17907
1.00664
-3.18595
-2.46762
0.241938
0.141031
0.137871
0.137871
0.132055
0.1574
-2.03882
1.44312
2.22388
-2.37116
-1.03778
0.434177
-0.0859618
0.137871
0.137871
0.111275
5.7381
4.17616
2.66801
-0.934486
-2.9383
-19.9205
-0.25148
0.0178926
0.137871
0.137871
-0.0101749
4.55989
1.60423
0.389832
1.206
1.08832
-6.19557
1.45317
0.282754
0.137871
0.288215
1.70243
4.58558
3.37062
-0.623662
0.978783
2.09969
5.15577
0.14724
0.179782
0.523181
2.54713
1.42065
2.2706
1.7573
3.69829
4.32471
0.494288
0.319499
0.0881283
0.206676
19.4982
1.42786
0.668387
-1.42117
-0.755926
-9.15978
-1.89217
-2.05618
0.123572
0.16944
0.0592341
2.63148
-0.121836
-1.85514
-2.84079
4.95157
-0.395797
-0.214716
0.12234
0.14724
0.076359
0.16663
1.82655
0.934759
-2.27608
-0.0942733
0.142038
-0.354821
0.161648
0.119099
0.14724
0.105602
0.0935625
0.12147
1.13702
0.47495
1.61788
-0.155618
-1.13521
0.280174
0.175011
0.14724
0.14724
0.14949
0.350653
0.904594
2.17958
-6.39789
3.47171
0.155815
0.0840623
0.138527
0.14724
0.14724
0.20289
0.37191
-0.947522
1.87165
0.358435
0.14019
-0.543799
0.0214944
0.115592
0.14724
0.14724
0.0320295
-1.11746
-0.233708
-4.04873
1.41945
0.497357
2.61681
1.13738
0.137582
0.14724
0.333877
-0.972265
2.40029
-1.13958
-2.61348
1.3968
-1.82802
-1.44709
1.51963
0.149221
0.184781
0.237758
1.02206
0.939029
1.23329
0.877988
0.409158
0.870359
0.541927
0.326582
0.105838
0.526942
3.12947
-0.277738
0.518625
0.615693
1.01595
0.0297758
0.403827
1.01774
0.139179
0.186457
0.167666
0.927279
-0.0399262
0.639958
0.200129
0.160142
-0.370755
1.45978
0.129495
0.149221
0.0819112
0.178587
0.407208
0.878908
0.0242146
0.930814
0.25557
-0.301226
0.184674
0.124303
0.149221
0.116624
0.111905
0.155616
-0.499302
-0.183341
-0.762992
0.207407
2.00291
0.320981
0.201117
0.149221
0.149221
0.151067
0.367491
0.118662
-0.526511
-0.391344
-0.777397
0.848674
0.122825
0.185576
0.149221
0.149221
0.208128
0.474305
0.66281
-0.459213
-0.224991
0.311631
1.01643
0.124805
0.176904
0.149221
0.149221
0.0391359
0.469357
0.16073
0.298962
0.525857
0.292394
-1.2792
-0.06414
0.146099
0.149221
0.341959
0.0196061
0.605239
0.668463
-0.22848
0.0823986
1.05484
0.813709
-0.0377755
0.111267
0.140416
0.0411315
0.180413
0.960189
0.538246
0.977794
-0.726104
0.442412
0.0176388
0.413216
-1.36176
0.102118
0.419415
1.60575
-2.77589
-1.14697
-2.41567
-4.71713
-0.105859
-0.1786
-0.0291661
0.25535
0.149314
0.0218499
0.631693
-4.07281
-2.54724
-2.74345
-0.206428
3.44724
0.504916
0.519212
0.140416
0.0641135
0.144876
0.320234
0.799205
-1.63917
-0.114957
-0.999687
-0.0706232
6.26576
0.0613568
0.140416
0.110059
0.040738
0.119895
-1.86083
-0.342231
5.22614
3.18165
-1.0517
0.828966
0.108269
0.140416
0.140416
0.10715
-0.957339
-1.22897
-0.303938
-0.186267
-0.168936
4.50113
0.113543
0.162911
0.140416
0.140416
0.109904
-0.473255
-0.35367
5.6383
-0.202321
-0.714373
0.785127
0.112303
0.163744
0.140416
0.140416
1.82193
3.85285
-8.00322
0.10862
-1.32675
-0.11645
-1.49074
-0.0889029
0.136939
0.140416
2.57908
0.317964
-8.70976
0.211765
-1.88216
-1.01292
-2.59719
0.286034
-0.108647
0.103108
0.140416
0.118913
-0.165815
0.00580638
0.719242
-1.00643
-2.22247
0.4792
0.106045
0.225512
2.54149
0.525009
0.0111636
-0.189835
1.99091
-3.17951
-2.70198
0.688392
0.139894
0.0319501
0.482809
0.796586
0.39775
-0.0701331
-0.713266
-1.18919
-4.142
-0.0704811
-0.274007
0.110302
0.672936
0.0832853
-1.23748
0.118913
-0.0539951
0.00102158
-0.134923
-2.60767
-1.03761
0.0807175
1.26041
0.172752
-2.50691
-0.0587463
0.118913
0.0767431
-0.143931
-0.0103092
5.13246
-0.141154
1.12523
0.128758
-6.27984
0.0808224
-0.0817136
0.118913
0.118913
0.0468112
0.974292
-0.233741
-0.422917
5.09019
0.00875819
2.92767
0.0798688
0.0285799
0.118913
0.118913
0.0095439
-22.6948
-0.032765
7.1903
-0.194114
-4.24756
-4.02798
-0.0287394
0.0395445
0.118913
0.118913
2.06535
0.180943
8.77517
0.0315123
-0.640958
-2.34316
-1.34639
0.592426
0.0995485
0.118913
1.69372
0.977959
10.7974
-0.394452
-0.512863
-4.50975
-5.1937
-4.51347
-0.0496332
-0.0500853
0.118913
7.68795
0.0768005
-0.614226
-0.160967
-1.58787
-2.09178
0.089484
0.0593007
0.148316
0.19822
0.513032
-2.27175
-0.134689
-3.41411
2.63755
-0.915361
0.4687
0.245819
0.0474413
0.27595
0.594961
0.144753
0.704786
0.455244
-2.17029
-7.304
-1.90222
-0.150466
0.16236
0.366759
0.274601
0.477711
3.46793
0.0768005
0.665919
-0.356146
-1.69843
2.48662
-0.0463596
0.0505786
0.367581
0.0633868
6.1659
0.487754
0.0768005
0.0136917
-0.376972
-0.422288
0.97768
-0.0382996
-0.0439278
0.21413
-9.76966
1.96183
0.573257
0.0768005
0.0768005
-0.118207
0.37013
-0.437057
-0.11647
0.150432
-0.0598713
-9.21143
-0.00710055
0.359676
0.0768005
0.0768005
-0.219533
0.46004
-0.0810173
-0.121709
-0.0476138
-0.666497
-9.74933
0.581521
0.299761
0.0768005
0.0768005
-1.42247
-0.778379
0.278141
-0.291656
-0.0563854
0.378966
5.37418
0.282674
0.0148358
0.0768005
-1.96206
-0.27117
0.637521
0.601109
-0.353884
-0.791122
-5.10477
-4.68452
-1.23507
0.234729
0.0768005
-1.98705
-0.509536
0.0460349
0.6705
-0.256988
1.22235
0.0888095
-0.0367143
0.0100108
-0.0171634
0.132605
2.00727
-0.0264799
-0.278714
3.28475
-19.5408
-0.470034
0.0077971
0.157506
0.301234
0.416257
0.185826
0.0989094
0.27442
0.377438
3.17194
-4.86657
0.0649013
0.283621
0.195167
0.345501
0.296609
-0.0129222
-1.20238
0.0460349
0.209977
0.133725
-1.10857
0.736515
0.0698949
0.16901
0.128341
0.0732047
1.26671
0.662256
0.0460349
-0.0330178
0.428737
0.549665
-1.097
0.0983714
0.365593
0.183112
10.7487
0.664952
-0.254817
0.0460349
0.0460349
-0.51966
-0.97572
0.0149737
0.0728606
0.43838
-0.0994105
0.15653
0.267083
0.232932
0.0460349
0.0460349
-1.32393
-16.7127
-0.0778447
0.0111953
0.021144
-0.280873
-6.83665
1.29365
0.274229
0.0460349
0.0460349
0.0627339
-0.342796
-0.231153
0.584723
-0.0954131
0.431397
6.90126
0.0753977
-0.133073
0.0460349
2.41823
0.205528
-0.698098
0.760424
0.44001
-0.373
-0.92141
-5.71125
-1.08284
0.27175
0.0460349
-7.34976
-0.698163
-0.248209
0.0208416
0.307835
2.72733
0.0687246
-0.0137859
0.0797452
-0.0340357
0.0146873
0.0733955
-0.465857
0.0469777
0.323024
1.41846
3.40013
0.424296
0.176049
0.245345
0.30396
0.191105
-0.176369
-3.0779
-0.120513
1.4297
2.72906
-6.00759
0.0172868
-0.0396869
0.208486
0.187555
0.161865
-0.446752
0.81672
0.0208416
0.882579
1.03788
0.234431
0.311579
0.148077
0.241786
0.268482
0.151648
-1.33708
-0.0505353
0.0208416
0.154831
-0.167159
0.230213
5.04262
0.215972
0.0258061
0.0367415
-20.1862
2.03113
-0.115208
0.0208416
0.0208416
0.466843
0.186896
0.315742
0.144816
0.186458
0.225
0.367979
0.706544
0.548769
0.0208416
0.0208416
1.42081
17.5738
-0.129204
-0.157543
0.0196012
0.35161
-2.91535
1.13977
-0.321249
0.0208416
0.0208416
2.71542
-1.07643
-0.300348
0.0274069
0.206562
-0.257423
-5.40695
-2.26347
0.242665
0.0208416
0.15823
-5.02944
-0.473628
-0.306051
0.974962
-0.0163521
-0.373471
-1.58433
0.112855
-0.265404
0.0208416
-0.34418
-4.95789
-0.623774
-0.462178
0.0455638
-0.00174828
0.313072
0.491359
0.0618445
0.0304121
-0.01188
-0.0432726
-3.39906
-0.20576
0.0662385
0.384427
0.0210993
14.3324
0.368979
0.192792
0.172842
0.240494
0.264612
0.0224659
-0.616675
-0.228844
0.170912
2.29152
8.85266
0.0400671
0.10841
0.438169
0.233551
0.296528
-2.34943
0.966505
0.0455638
0.644505
0.441766
1.34827
0.283089
0.058839
0.142104
-0.014921
-0.0303984
1.37558
0.166262
0.0455638
0.162358
0.120098
-0.054439
11.3391
0.0286797
-0.46393
0.0072287
-20.1151
-2.07312
-0.214735
0.0455638
0.0455638
0.0745585
1.10826
0.210565
0.12869
0.598179
0.342293
-3.48353
-0.00675653
-0.0631643
0.0455638
0.0455638
0.311737
-18.0818
-0.0683016
-0.00103696
-0.145003
-0.209489
4.10379
-0.945073
-0.0396983
0.0455638
0.0455638
1.48178
-8.75652
-0.465385
0.151598
0.218659
-0.103483
-17.3768
-0.275855
0.279334
0.0455638
0.170818
-2.80626
-0.861359
-0.565697
-0.334276
1.00236
0.0568847
-3.53447
-0.3876
-0.258963
0.0455638
-0.268127
-0.866013
-1.82318
-0.683488
-0.603478
0.113406
0.115935
-1.04472
0.114294
0.093634
0.11824
0.426328
-1.58229
-0.616993
0.213639
0.207751
0.295743
-1.56349
3.53804
0.522028
0.0737041
0.0765783
0.0818582
-0.368463
0.127961
-7.35866
-0.0978838
-0.574804
2.70688
-15.7573
0.0829253
0.273288
-0.0421041
0.048255
1.40624
-8.30454
1.34744
0.113406
0.478658
-0.66134
-1.33454
-0.422576
0.114143
0.186864
-0.345122
-3.11083
3.09917
0.361902
0.113406
0.340659
0.317496
0.29721
16.9012
0.244822
-0.35009
-6.51317e-05
-5.28625
-0.592723
-0.0249973
0.113406
0.113406
0.0775886
-0.0268089
-7.26754
0.129474
0.451661
0.212976
-3.35676
-0.513106
0.0938311
0.113406
0.113406
-0.214683
-4.98535
-1.27655
0.0836151
0.318204
-0.363368
-17.3119
-1.01034
0.0671944
0.113406
0.113406
-0.52636
-3.53579
-1.85364
-0.121523
0.468334
0.161547
-14.9404
-0.3241
0.102988
0.113406
0.175896
-1.04356
-1.35253
-0.636031
-0.528253
-0.304457
0.837124
1.20085
-0.674811
-0.11261
0.113406
0.386432
-0.233393
-0.787601
-1.06733
-0.449223
-0.404019
0.140213
0.159264
0.129144
0.559325
-0.315021
-4.52682
-1.51503
-0.812094
-3.32588
0.429289
0.287816
0.480893
1.85138
9.32356
0.386098
-0.307731
0.0603999
-0.244671
-0.236167
2.03234
6.25972
0.733722
0.0235446
4.57997
15.2177
0.298202
3.22858
0.0124977
-0.300137
-3.08152
5.31107
1.45986
0.140213
0.418333
-0.129821
-1.06093
0.478664
0.675411
-0.253862
0.0356935
0.337117
3.46848
0.465115
0.140213
0.070091
0.0361358
0.10573
14.0052
-0.00102788
-0.131629
-0.395496
18.0759
0.11757
0.125081
0.140213
0.140213
0.139965
0.291014
4.16151
0.827505
0.0114406
-0.0225891
-1.72835
-0.0142332
0.0233102
0.140213
0.140213
0.163359
-0.89994
1.46164
-0.0201993
1.26397
-0.166855
-3.53622
-0.3203
0.128079
0.140213
0.140213
-0.0443113
-2.12213
0.620865
0.0339387
0.302083
0.704607
-12.852
-1.54169
-0.0241467
0.140213
0.277522
-1.42689
3.59723
0.984246
-0.434752
-0.315681
-0.296299
13.7983
0.604149
-0.203098
0.140213
0.151379
-0.208504
1.36754
1.45444
0.117833
-1.03198
0.815131
0.143597
0.16907
2.14881
-5.49459
5.33244
-1.61159
-1.30123
-0.787771
-5.89893
0.438219
0.301588
0.549887
-0.283903
4.65163
2.3111
-0.246933
-0.658408
-2.86387
-3.30241
3.02891
4.11918
0.0507984
0.0910441
0.741742
9.9349
0.885731
5.79058
0.106484
1.09262
3.38271
-0.280743
0.0664808
0.143597
-0.0572923
-0.0135083
1.21541
2.12816
2.79305
0.494806
1.40035
-0.875912
-0.0153298
0.0993996
0.143597
0.0804301
0.0559383
0.103577
7.4941
1.8566
0.288426
1.49566
-16.5731
0.221946
0.149573
0.143597
0.143597
0.145331
0.178272
-0.621014
-0.0415844
-0.901078
1.13986
-0.833408
0.00861295
0.0975839
0.143597
0.143597
0.1891
6.51439
3.66392
-0.960014
-0.363379
0.797596
-6.49485
-0.163091
0.0896366
0.143597
0.143597
0.00836075
-2.20506
-2.36852
1.53482
0.275825
1.51683
4.95728
0.525174
0.0662581
0.143597
0.303384
1.23034
-2.14915
0.0832707
0.193921
-1.26813
-0.387633
0.279982
1.63475
0.307026
0.143597
0.177478
2.37983
0.20716
-3.13479
0.207471
-4.18471
-2.23139
5.243
0.146952
0.179109
0.518053
2.5591
-3.18443
0.177921
0.0420729
0.268139
-0.610733
0.492266
0.317558
0.718637
0.0717271
-2.35497
0.580016
-5.62937
0.548807
1.73692
2.45086
-0.231321
4.68556
0.119789
0.16014
1.28329
4.41602
-0.00924459
0.700901
-4.02805
-2.70383
-0.935013
-2.42075
0.111733
0.146952
0.0630145
0.131472
1.81502
0.850309
0.517232
-1.86964
0.222423
-0.379763
0.136364
0.113368
0.146952
0.101833
0.0891025
0.120935
0.722108
-0.0435849
0.991491
-0.380645
-1.11717
0.276906
0.174191
0.146952
0.146952
0.149515
0.350159
3.95673
2.17495
1.92513
3.22186
0.0565201
0.0500762
0.170992
0.146952
0.146952
0.202709
0.379763
3.94275
2.18385
0.680767
-2.47965
1.92692
-0.0146166
0.168817
0.146952
0.146952
0.0315335
-1.02086
3.13288
0.00890782
-0.048251
-0.743473
-1.68977
0.477869
0.127961
0.146952
0.332432
-0.276227
-0.241396
3.02381
-3.80642
-3.9765
-4.73084
-0.289282
0.160103
0.659078
0.146952
0.669989
0.0936344
0.634257
-0.390246
-0.192648
-0.933284
0.790107
-0.461843
1.6316
0.149221
0.184781
0.237758
1.02206
0.939029
1.23329
0.877988
0.409158
0.870359
0.541927
0.326582
0.105838
0.526942
3.12947
-0.277738
0.518625
0.615693
1.01595
0.0297758
0.403827
1.01774
0.139179
0.186457
0.167666
0.927279
-0.0399262
0.639958
0.200129
0.160142
-0.370755
1.45978
0.129495
0.149221
0.0819112
0.178587
0.407208
0.878908
0.0242146
0.930814
0.25557
-0.301226
0.184674
0.124303
0.149221
0.116624
0.111905
0.155616
-0.499302
-0.183341
-0.762992
0.207407
2.00291
0.320981
0.201117
0.149221
0.149221
0.151067
0.367491
0.118662
-0.526511
-0.391344
-0.777397
0.848674
0.122825
0.185576
0.149221
0.149221
0.208128
0.474305
0.66281
-0.459213
-0.224991
0.311631
1.01643
0.124805
0.176904
0.149221
0.149221
0.0391359
0.469357
0.16073
0.298962
0.525857
0.292394
-1.2792
-0.06414
0.146099
0.149221
0.341959
0.0196061
0.605239
0.668463
-0.22848
0.0823986
1.05484
0.813709
-0.0377755
0.111267
0.149221
0.678391
0.106203
0.726209
0.254168
-0.0201276
0.839261
0.733947
0.545968
0.188932
0.119082
0.148515
0.16948
0.228816
1.0126
0.901997
1.20904
0.451176
-2.01262
0.133748
0.116257
0.0786867
0.105437
0.504886
2.83782
-0.296226
0.489829
-0.0980491
0.92167
0.943374
0.792306
-0.268295
-0.00601812
0.182844
0.142116
0.872962
-0.0610437
-0.355515
0.122711
-2.86384
-0.299314
0.0373128
-0.072398
0.148515
0.0807744
0.171727
0.393113
0.868406
-0.07889
-2.53092
0.563395
11.6574
-0.0722636
0.123241
0.148515
0.115469
0.0912061
0.151813
-0.560062
-2.97551
-4.95184
-3.67924
-1.19096
0.316157
0.194659
0.148515
0.148515
0.149176
0.33065
-0.478163
0.065407
-3.85343
-2.11451
0.820941
0.121866
0.182695
0.148515
0.148515
0.204224
-3.02056
0.255153
-10.4158
0.494338
0.206297
0.990444
0.123154
0.175552
0.148515
0.148515
-0.0838613
-4.80016
1.42823
-2.92781
0.29671
0.273532
-1.31369
-0.0676455
0.144399
0.148515
-0.706067
2.44024
1.08396
-2.22567
-0.317164
-0.113484
1.01909
0.752866
-0.0479869
0.110473
0.148515
4.59245
1.85409
-3.06002
-0.334123
-0.126178
0.771927
0.695819
0.519174
0.179605
0.117458
0.148515
0.143328
0.125361
0.194378
0.959606
0.510928
-0.139199
-2.47373
-0.205237
-0.085906
0.157155
-0.626022
0.10226
0.394678
2.1475
-0.697967
-0.457828
-5.42164
0.473548
0.405991
-0.438157
0.0515917
0.187447
0.136521
-0.0124728
0.546279
-0.419088
-3.14641
0.902231
-0.125583
2.44527
0.658285
1.64123
0.143328
0.0573687
0.141647
0.296827
0.598152
-1.58997
-0.234696
2.0649
0.154523
3.04104
0.095377
0.143328
0.110255
0.0651775
0.125121
-1.55656
0.213932
-0.311216
0.348192
7.59106
0.151744
0.149693
0.143328
0.143328
0.13683
-0.0941814
-1.04318
0.123785
0.822916
-0.173102
0.584342
0.1169
0.170545
0.143328
0.143328
0.181649
-10.2105
-0.094602
1.12676
0.0747918
-0.596475
0.738918
0.109189
0.167125
0.143328
0.143328
-0.105365
0.0292824
3.93055
-0.168147
-1.90661
0.0708759
-1.5827
-0.0966877
0.137207
0.143328
-2.05024
-0.476939
-3.02659
-0.107691
-3.14339
-1.25659
0.752829
0.424991
-0.12076
0.102771
0.143328
-0.32713
8.7146
-0.123157
-0.38364
-0.963336
0.361723
0.265579
0.24134
0.12066
0.107758
0.143328
-2.95636
0.134362
0.0191294
0.169393
0.824328
-0.0826925
-4.4861
-0.222079
0.0280343
-0.12944
-0.385494
0.212226
0.0190089
-0.301419
-4.6789
-7.21251
-0.11226
0.266049
0.294233
0.667568
0.384729
0.69152
0.552086
-0.104729
1.56361
3.36979
-0.564137
-1.91882
-0.0183327
0.179049
0.557949
0.389431
0.0879644
0.134362
0.41132
-0.00653266
-0.088612
-7.85058
-0.0948195
0.0910432
1.45006
0.202441
3.12817
0.27859
0.134362
0.0938878
0.00871269
0.0318697
-8.36388
0.24141
1.21132
-0.0896559
-7.33855
1.2631
0.0473794
0.134362
0.134362
0.103989
-0.275412
-0.127961
-0.0834388
0.629594
0.0702869
-1.10137
0.0910153
0.0301467
0.134362
0.134362
0.134503
23.7972
-0.0457821
5.41052
0.112741
-2.42337
-1.751
-0.195477
0.106608
0.134362
0.134362
-2.67547
-0.144269
0.0472342
-0.218852
-0.139109
-2.40862
-2.96682
-0.522264
0.0558335
0.134362
-0.479588
-1.28029
-0.0579378
-0.226833
-0.390926
-2.63789
-2.62268
1.18852
0.0661014
0.0607538
0.134362
-2.15446
-0.14206
4.81578
0.0674915
-0.706759
-6.40295
-2.01274
0.616826
-0.892635
0.0329686
0.134362
0.286905
-0.703494
0.130272
-0.171089
0.105855
-4.71003
-0.251594
-0.70886
-0.132593
0.0172114
-0.344264
-0.384973
0.26539
-0.0400157
-1.20591
23.2611
0.857518
0.0632032
0.10156
0.0258811
0.174051
0.361419
-1.13691
0.00819088
0.366318
-2.5255
-1.31261
-0.0759196
0.0453966
0.235587
0.576298
0.39744
0.598248
1.4241
0.130272
1.17132
-0.313379
1.90054
1.8088
0.247086
0.172965
0.572989
0.174782
1.95326
0.390015
0.130272
0.0820204
-0.0742061
-0.307099
3.50355
-0.00393292
-0.41468
0.0822422
8.77455
-0.0047362
0.159981
0.130272
0.130272
0.00259138
-0.203548
-0.10082
0.00363669
-0.645017
0.054688
-1.04433
0.581035
0.122714
0.130272
0.130272
-0.123989
-15.6961
-0.0416648
0.147958
-0.0154353
0.102789
-5.35182
0.0225357
0.104858
0.130272
0.130272
-0.779955
0.086941
0.0137067
-0.0713409
-0.0112154
-0.36033
1.4714
1.26166
0.0288946
0.130272
0.165668
-2.47935
-0.417732
0.168102
0.215464
-0.237045
-2.29063
-3.28321
0.907506
0.0782058
0.130272
0.386516
-3.70321
-0.357932
1.53803
-0.0857402
-0.978149
-0.0845149
-2.80835
-0.294993
0.00115201
0.130272
0.370417
-1.0684
-0.313418
0.125726
-0.0101709
-0.0858144
-4.8675
-0.14171
0.0270102
0.00747796
-0.380227
-3.33683
0.359163
0.267836
0.748492
3.14255
-10.5144
0.371015
0.246076
0.105736
0.361219
0.652708
0.957599
-0.41558
0.0107374
-0.373708
0.385569
14.3589
0.272846
0.186896
0.340087
0.364544
-0.0111792
1.25522
-0.0876316
0.125726
0.063405
0.611305
3.54656
-0.625912
0.153676
-0.31763
0.0868262
-0.277997
-0.786779
-0.0179962
0.125726
-0.0220087
-0.128071
1.09809
-0.47519
0.0570109
2.76295
0.0476086
-4.03444
-0.0821882
0.13061
0.125726
0.125726
-0.0367184
-0.401197
-0.208538
0.0479285
-0.437811
0.127572
-3.07906
0.626882
0.0563119
0.125726
0.125726
-0.730101
-10.3432
-0.250899
0.380573
0.215669
-0.115213
-14.932
1.6245
0.101321
0.125726
0.125726
-1.19821
0.00424339
0.0615844
0.0151936
0.0388733
-0.163549
6.11116
1.03982
0.298124
0.125726
0.269859
-0.458256
-0.0721447
-0.0580306
-0.071769
0.0722958
-0.429992
1.17675
-0.277106
-0.00475584
0.125726
0.524151
-0.202461
-3.21286
0.00896412
1.65898
-0.0374054
0.118153
-2.2022
1.37218
0.327597
0.125726
0.369394
0.498687
-0.311582
-0.224966
0.12972
0.1511
-0.298031
-0.412373
-0.152925
-0.195638
-0.577634
-3.36121
-0.00591045
0.414686
0.282273
0.701283
1.20472
-4.27425
0.346036
0.0631269
0.232758
0.0817823
0.344611
-0.243723
-5.77286
0.0246114
0.437415
-4.26738
-8.76557
0.588138
0.162566
0.174141
0.25152
0.103015
1.7696
-0.0311974
0.12972
-0.204926
-0.662908
-1.48894
-0.197675
0.182021
0.321583
0.103358
0.0535576
-0.409119
0.0488445
0.12972
-0.0205918
-0.0259874
-0.381332
18.1159
-0.143113
-0.35395
0.641111
25.0822
-0.0245763
0.116476
0.12972
0.12972
0.0777526
0.0939266
1.37192
-0.213599
0.0739568
-0.242458
4.80588
0.714505
0.103708
0.12972
0.12972
-0.43922
-2.44855
-4.52784
0.224684
-0.116493
0.357216
9.71363
0.467877
0.124743
0.12972
0.12972
-0.406543
-2.6148
-0.377709
0.0699816
0.195265
-0.2027
-2.33685
-0.278212
-0.382322
0.12972
0.284737
-0.456636
-2.86501
-0.849584
0.126093
-0.177078
-0.132829
-9.7067
-0.915043
-0.0143187
0.12972
0.579901
-0.0235309
-0.586224
-0.150077
-0.223448
1.20372
0.144435
-2.69116
0.461159
0.416533
0.12972
0.514904
0.200051
0.297538
-1.04233
-0.2142
0.142721
0.171511
-0.59299
-0.0848423
-0.051244
-0.365589
-2.11158
-0.873104
0.517179
0.458677
0.302742
-0.0971013
-1.67166
0.244643
0.35249
0.537293
0.0638221
0.0732795
0.664195
-1.67552
4.20101
0.0513827
0.0897223
2.99947
1.69036
0.0261208
1.36458
0.475483
0.866993
0.546833
2.81727
0.0383034
0.142721
-0.104043
-0.047805
-1.35479
-0.495266
0.426927
0.00531907
0.278509
-2.28535
-0.153232
0.0818535
0.142721
0.082776
0.0606181
0.0901148
-17.3424
0.561913
0.747246
0.0566148
-4.30804
0.156891
0.139678
0.142721
0.142721
0.136645
0.271355
2.35546
-0.0284103
0.709474
-0.371108
2.69641
-0.0369349
0.146657
0.142721
0.142721
0.127941
-0.425187
1.36816
-0.0382496
-0.0955921
0.359685
-5.33633
-0.368524
0.137778
0.142721
0.142721
-0.0636487
-1.5903
-0.887402
0.206934
0.00385874
-0.105547
15.4016
-0.950708
0.0428775
0.142721
0.301867
-0.107987
-0.604712
-0.686949
-0.901874
0.230603
0.128313
-4.31868
-0.549278
0.065451
0.142721
0.63011
0.0216748
0.837
0.150971
-0.652046
-0.175359
1.33872
0.521539
0.755219
-0.114657
0.142721
0.560238
0.556693
3.72935
0.1067
0.458497
0.0342466
0.147934
0.178633
0.427435
0.260976
0.148092
-0.332544
0.68907
0.316567
0.801959
0.531984
0.321582
0.10301
0.410513
8.53459
2.94165
0.0511488
0.612559
-1.90839
-1.01373
-0.474795
-3.42982
0.129288
0.176231
-0.839276
12.8024
1.12871
0.818994
-0.171382
0.212182
-2.21522
-3.62818
0.11666
0.147934
0.0757511
0.168744
0.0366646
7.72712
0.945596
1.53234
-0.910736
-0.475785
0.148755
0.116996
0.147934
0.112683
0.103018
0.145154
5.17486
2.91498
7.00304
-0.523026
-12.7734
0.269994
0.19169
0.147934
0.147934
0.148638
0.351591
-0.692795
-0.0573639
2.16983
0.807166
0.172111
0.105073
0.183401
0.147934
0.147934
0.201055
0.317395
0.486407
0.535923
0.899977
-0.344888
6.07612
0.10086
0.173875
0.147934
0.147934
0.0273959
-0.215024
-3.39382
0.647456
-1.29114
1.91701
-3.95091
-0.157418
0.141991
0.147934
0.333253
-0.150792
-1.23044
-1.94065
-4.41706
-0.227838
-0.303854
-2.30445
-0.36616
0.0541522
0.147934
0.215712
0.0941746
-0.821646
-1.13891
-2.92673
-2.81574
1.54319
7.81583
1.07682
-0.0308038
0.147934
0.611411
0.815278
0.925919
1.29154
-1.97893
-2.77489
-7.18183
0.149221
0.184781
0.237758
1.02206
0.939029
1.23329
0.877988
0.409158
0.870359
0.541927
0.326582
0.105838
0.526942
3.12947
-0.277738
0.518625
0.615693
1.01595
0.0297758
0.403827
1.01774
0.139179
0.186457
0.167666
0.927279
-0.0399262
0.639958
0.200129
0.160142
-0.370755
1.45978
0.129495
0.149221
0.0819112
0.178587
0.407208
0.878908
0.0242146
0.930814
0.25557
-0.301226
0.184674
0.124303
0.149221
0.116624
0.111905
0.155616
-0.499302
-0.183341
-0.762992
0.207407
2.00291
0.320981
0.201117
0.149221
0.149221
0.151067
0.367491
0.118662
-0.526511
-0.391344
-0.777397
0.848674
0.122825
0.185576
0.149221
0.149221
0.208128
0.474305
0.66281
-0.459213
-0.224991
0.311631
1.01643
0.124805
0.176904
0.149221
0.149221
0.0391359
0.469357
0.16073
0.298962
0.525857
0.292394
-1.2792
-0.06414
0.146099
0.149221
0.341959
0.0196061
0.605239
0.668463
-0.22848
0.0823986
1.05484
0.813709
-0.0377755
0.111267
0.149221
0.678391
0.106203
0.726209
0.254168
-0.0201276
0.839261
0.733947
0.545968
0.188932
0.119082
0.149221
0.622945
0.847018
0.963332
1.74199
1.74894
0.890855
1.95593
0.521807
0.149221
0.184781
0.237758
1.02206
0.939029
1.23329
0.877988
0.409158
0.870359
0.541927
0.326582
0.105838
0.526942
3.12947
-0.277738
0.518625
0.615693
1.01595
0.0297758
0.403827
1.01774
0.139179
0.186457
0.167666
0.927279
-0.0399262
0.639958
0.200129
0.160142
-0.370755
1.45978
0.129495
0.149221
0.0819112
0.178587
0.407208
0.878908
0.0242146
0.930814
0.25557
-0.301226
0.184674
0.124303
0.149221
0.116624
0.111905
0.155616
-0.499302
-0.183341
-0.762992
0.207407
2.00291
0.320981
0.201117
0.149221
0.149221
0.151067
0.367491
0.118662
-0.526511
-0.391344
-0.777397
0.848674
0.122825
0.185576
0.149221
0.149221
0.208128
0.474305
0.66281
-0.459213
-0.224991
0.311631
1.01643
0.124805
0.176904
0.149221
0.149221
0.0391359
0.469357
0.16073
0.298962
0.525857
0.292394
-1.2792
-0.06414
0.146099
0.149221
0.341959
0.0196061
0.605239
0.668463
-0.22848
0.0823986
1.05484
0.813709
-0.0377755
0.111267
0.149221
0.678391
0.106203
0.726209
0.254168
-0.0201276
0.839261
0.733947
0.545968
0.188932
0.119082
0.149221
0.622945
0.847018
0.963332
1.74199
1.74894
0.890855
1.95593
0.521807
0.149221
0.149221
0.184781
0.237758
1.02206
0.939029
1.23329
0.877988
0.409158
0.870359
0.541927
0.326582
0.105838
0.526942
3.12947
-0.277738
0.518625
0.615693
1.01595
0.0297758
0.403827
1.01774
0.139179
0.186457
0.167666
0.927279
-0.0399262
0.639958
0.200129
0.160142
-0.370755
1.45978
0.129495
0.149221
0.0819112
0.178587
0.407208
0.878908
0.0242146
0.930814
0.25557
-0.301226
0.184674
0.124303
0.149221
0.116624
0.111905
0.155616
-0.499302
-0.183341
-0.762992
0.207407
2.00291
0.320981
0.201117
0.149221
0.149221
0.151067
0.367491
0.118662
-0.526511
-0.391344
-0.777397
0.848674
0.122825
0.185576
0.149221
0.149221
0.208128
0.474305
0.66281
-0.459213
-0.224991
0.311631
1.01643
0.124805
0.176904
0.149221
0.149221
0.0391359
0.469357
0.16073
0.298962
0.525857
0.292394
-1.2792
-0.06414
0.146099
0.149221
0.341959
0.0196061
0.605239
0.668463
-0.22848
0.0823986
1.05484
0.813709
-0.0377755
0.111267
0.149221
0.678391
0.106203
0.726209
0.254168
-0.0201276
0.839261
0.733947
0.545968
0.188932
0.119082
0.149221
0.622945
0.847018
0.963332
1.74199
1.74894
0.890855
1.95593
0.521807
0.149221
0.149221
