0000000001000000011110000011110000001110000000111000000001111100000000001100000000001000000000110000111111100000011100000
0000000000000000000110000000111100000111110000011000000000100000000001110000000000010000000000010000111111000001100000000
0000000000000000111110000011111100001100000000011000000000111100000001101000000010011000000000110000011111000000011100000
0000000000000000000000000001001110000111110000011000000000111110000000000100000000011000000001100000011110000000000000000
0000000000000000000000000000000000000011111000001111000000010000000000010000000000100000011111000000000000000000000000000
0000000000000000000000000000111100000111000000011000000000100000000000110000000000011000000000010000000001100000001100000
0000000000000000000001000000111110000111000000011000000001100000000011111100000110011000000000100000000011000000011000000
0000000000000000001100000011111100001100000000011000000000111100000000111100000000011000000000110000000111000000111000000
0000000000000000111110000011000000000100000000011110000001110011100000000001001000000110011000011000011111100000011100000
0000000000000000011110000001100000000010000000000100000000001100000000000100000000001000000000110000011111000000011100000
