0000000000000000000000000000000000000000000000000000000000000000000000000000000000000000000000000000000000000000000000011
0000000000000000000000000000000000000000000000000000000000000000000000000000000000000000000000000000000000000010000000100
0000000000000000000000000000000000100000000000010000000000000000100000000001000000000000000000000000000000000000000001000
0000000000000000000000000000000000000000000000000000000000000001000000000000000000000000000000000000010000000000000010000
0000000000000010000000000000100000000000000000000000000000000000000000000000000000000000000000000000000000000000000100000
0000000000000000000000000100000000000000000000000000000000000000000000000000000000000000000000000000000000100000001000000
0000000000000000000000000000000000000000000000000100000000000000000000000000000000000000000000000000000000000000010000000
0000000000000000000100000000000000000000000000000000000000100000000001000000000000000000000000000000000000000000100000000
0000000000000000000000000000000000000000000000000000000000000000000010000000000000000000000000000100000000000001000000000
0000000000000000000000000000000000000000000000000000000000000000000000000000000000000000000000000000000000001100000000000
0000000000000000000000001000000000000000000000000000000000000000000000000000000000000010000000000000000000010000000000000
0000000000000000000000000000000000000000000000000010000000000000000000000000000000000000000000000000000011000000000000000
0000000000000000000000000000000000000000000000000000000000011010000000000000000000000000000000000000000100000000000000000
0000000000000001000000000000000000000000000000000000000000000000000000000000000000000000000000000000001000000000000000000
0000001000000000000000000000000000000000000000000000000000000000000000000000000000000000001000000000100000000000000000000
0000000000000000000000000000000000000000000000000000000000000000000000000000000000000000000000000011000000000000000000000
0000000000000000000000000000000000000011000000001000000000000000000000000000000000000000000000001000000000000000000000000
0000000000000000000000000010000000000000000000000000000000000100000000100000000000001000000000010000000000000000000000000
0000000000000000000000000000000000000000000000000000000000000000000000000000000000010000000001100000000000000000000000000
0000000000000000000000000000000000001100010000000000000000000000000000000000000000100000000010000000000000000000000000000
0000000000000000000000000000000000000000000000000000000000000000000000000000000000000000100100000000000000000000000000000
0000000100000000000000000000000000000000000000000000000000000000000000000000000000000000010000000000000000000000000000000
0000000000000000000000000000000000000000000000000000000000000000000000000000000001000001000000000000000000000000000000000
0000000000000000000000000000000000000000000000000000000000000000000000000110000000000100000000000000000000000000000000000
0000000000000000000000000000000000000000000000000000000000000000000000000000000110000000000000000000000000000000000000000
0000000000000000000000000000000000000000000000000000000000000000000000000000011000000000000000000000000000000000000000000
0000000000000000000000000000000000000000000000000000000000000000000100000000100000000000000000000000000000000000000000000
0000000000000000000000000001000000000000000000000000000000000000000000011000000000000000000000000000000000000000000000000
0000000000000000000000000000000000000000000000000000000000000000011000000000000000000000000000000000000000000000000000000
0000000000000000000000000000000000000000000000000000000011000000000000000000000000000000000000000000000000000000000000000
0000000000000000000000000000000000000000000000000000001100000000000000000000000000000000000000000000000000000000000000000
0000000000000000000000000000000000000000000000100000010000000000000000000000000000000000000000000000000000000000000000000
0000000000000000000000000000000000000000100000000001100000000000000000000000000000000000000000000000000000000000000000000
0000000000000000000000000000000000000000000011000000000000000000000000000000000000000000000000000000000000000000000000000
0000000000000000000000000000000000000000001100000000000000000000000000000000000000000000000000000000000000000000000000000
0000000000000000000000000000000001010000000000000000000000000000000000000000000000000000000000000000000000000000000000000
0000000000000000000000000000000110000000000000000000000000000000000000000000000000000000000000000000000000000000000000000
0000000000000000001000000000011000000000000000000000000000000000000000000000000000000000000000000000000000000000000000000
0000000000000100000000010000000000000000000000000000000000000000000000000000000000000000000000000000000000000000000000000
0000000000000000000001100000000000000000000000000000000000000000000000000000000000000000000000000000000000000000000000000
0000000000001000000010000000000000000000000000000000000000000000000000000000000000000000000000000000000000000000000000000
0000000000000000110000000000000000000000000000000000000000000000000000000000000000000000000000000000000000000000000000000
0000000000110000000000000000000000000000000000000000000000000000000000000000000000000000000000000000000000000000000000000
0000000011000000000000000000000000000000000000000000000000000000000000000000000000000000000000000000000000000000000000000
0000110000000000000000000000000000000000000000000000000000000000000000000000000000000000000000000000000000000000000000000
0011000000000000000000000000000000000000000000000000000000000000000000000000000000000000000000000000000000000000000000000
1100000000000000000000000000000000000000000000000000000000000000000000000000000000000000000000000000000000000000000000000
