0000000000000000000000000000000000000000000000000000000000000000000000000000000000000000000000000000000000000000000000011
0000000000000000000000000000000000000000000000000000000000000000000000000000000000000000000000000000000000000000000001100
0000010000000000000000000000000000000000000000000000000000000000000000000000000000000000000000000000000000000000000110000
0000000000000000000100000000000000000000000000000000000000000000000000000000000000000000000000000000000000000000011000000
0000000000000000000000000000000000000001000000000100000000000000000000000000000000000000000000000000100000000000100000000
0000000000000000000000000000000000000000000000000000000000000000000000000000000000000000000000000000000000000011000000000
0000000000000000000000000000000000000000000000000000000000000000000000000000000000000000000000000000000000001100000000000
0000000000000000000000001000000000010000000000000000000000000000000000000000000000000000000000000100000000010000000000000
0000000000000001000000000100000000000000000000000000000000000000000000000000000000000000000000000000000000100000000000000
0000000000000000000000000000001000000000010000000000010000000000000000000000000000000000000000000000000001000000000000000
0000000000000000000000000000000000000000000000000000000000000000000000000000000000000000000000000000001110000000000000000
0000000000000000000000000000000000000000000000000000000000000000000000000000000000000000011000000000010000000000000000000
0000000000000000000000000000000000000000000000000000000000000000000000000000000000000000000000000011000000000000000000000
0000000000000000000000000000010000000000000000000000000000000000000000000001000000000000000000001000000000000000000000000
0000000000000000000000000001100000000000000000000000000000000000000000000000000000000000000000010000000000000000000000000
0000000000000000000000000000000000000000000000001000000000000000000000000000000000000000000001100000000000000000000000000
0000000000000000000000000000000000000000001000000000000000000000100000000000000000000000000010000000000000000000000000000
0000000000000000000000000000000000000000100000000000000000000000000000000000000010010000000100000000000000000000000000000
0000000000000000000000000000000000000000000000000000000000000000000000000000000000000001100000000000000000000000000000000
0000001000000000110000000010000000000000000000000000000000000000000000000000000000000010000000000000000000000000000000000
0000000000000000001000000000000000000000000000000000000000000000000010000000000100000100000000000000000000000000000000000
0000000000000000000000000000000000000010000000000000000000000000000000000010000000001000000000000000000000000000000000000
0000000000000000000000000000000000000000000000000000000000000000000000000000000001100000000000000000000000000000000000000
0000000000000000000000000000000000000000000000000000000000000000000100000000001000000000000000000000000000000000000000000
0000000000000000000000000000000000000000000000000000000000000000000000001000010000000000000000000000000000000000000000000
0000000000000000000000000000000000000000000000000000001000000000010000000000100000000000000000000000000000000000000000000
0000000000000000000000000000000000000000000000000001000000000010000000000100000000000000000000000000000000000000000000000
0000000000000000000000000000000000000000000000000000000000000000000000110000000000000000000000000000000000000000000000000
0000000000000000000000000000000000000100000000000000000000100000000001000000000000000000000000000000000000000000000000000
0000100000000000000000000000000000000000000000000000000010000000001000000000000000000000000000000000000000000000000000000
0000000000000000000000000000000000000000000000010000100000000001000000000000000000000000000000000000000000000000000000000
0000000000000000000000000000000000000000000000000000000000001100000000000000000000000000000000000000000000000000000000000
0000000000000000000000000000000000000000000000000000000100010000000000000000000000000000000000000000000000000000000000000
0000000000000000000000000000000000001000000000100000000001000000000000000000000000000000000000000000000000000000000000000
0000000000000000000000000000000000000000000010000010000000000000000000000000000000000000000000000000000000000000000000000
0000000000000010000000000000000000000000000001000000000000000000000000000000000000000000000000000000000000000000000000000
0000000000000000000000000000000000100000000100000000000000000000000000000000000000000000000000000000000000000000000000000
0000000000000000000000000000000011000000000000000000000000000000000000000000000000000000000000000000000000000000000000000
0000000000000000000010000000000100000000000000000000000000000000000000000000000000000000000000000000000000000000000000000
0000000000000000000000110000000000000000000000000000000000000000000000000000000000000000000000000000000000000000000000000
0000000000000100000001000000000000000000000000000000000000000000000000000000000000000000000000000000000000000000000000000
0000000000011000000000000000000000000000000000000000000000000000000000000000000000000000000000000000000000000000000000000
0000000001100000000000000000000000000000000000000000000000000000000000000000000000000000000000000000000000000000000000000
0000000110000000000000000000000000000000000000000000000000000000000000000000000000000000000000000000000000000000000000000
0011000000000000000000000000000000000000000000000000000000000000000000000000000000000000000000000000000000000000000000000
1100000000000000000000000000000000000000000000000000000000000000000000000000000000000000000000000000000000000000000000000
