0000000000000000000000000000000000000000000000000000000000000000000000000000000000000000000000000000000000000000000100011
0000000000000000000000000000000000000000000000000000000000000000000000000000000000000000000000000000000000000001100000100
0000000000000000000000000000000000000000000000000000000000000000000000000000000000000000000000011000000000100000000001000
0000000000000000000000000000000000000000000000000000000000100000000000010000000000001000000000000000000001000000000010000
0000000000000000000000000000000000000000000000101000000000000000000000000000000000000000000000000000000000000000001000000
0000000000000000000000000000011000000000001000000000000000000000000000000000000000000000000000000000000000000000010000000
0000000000000000000000000000000000000000000000000000000000000000000000000000000000000000000000000000000000000110000000000
0000000000000000000000000000000000000000000000000000000000000000000000000000000000000000000000000000000000011000000000000
0000000000000000000000000000000100000000000000000000000001000000000010000000000000000000000000000000000010000000000000000
0000000000000000000000000000000000000000000000000000100000000001000000000100000000000000000000000000000100000000000000000
0000000000000000000000001000000000000000000000000000000000000000000000000000000000000000000010000000001000000000000000000
0000000000000000000000000000000000000000000000000000000000000000000000000000000000000000000000000000110000000000000000000
0000000000000000000000000000000000000000000000000000000000000000000000000000000000000000000000000011000000000000000000000
0000000000000000000000000000000000000000000000000000000000000000000000000000000000000000000100000100000000000000000000000
0000000000000000000000000010100000000000000000000000000000000000000000000000000000100000000000100000000000000000000000000
0000000000000000000000000000000000000000000000000001000000000010000000000000000000000000000001000000000000000000000000000
0000000000000000000000000000000000000000000000000000000000000000000000000000000000000000011000000000000000000000000000000
0000000000000000000000000000000000000000000000000000000000000000000000000000000000000001100000000000000000000000000000000
0000000000000000000000000000000000000000000000000000000000000000000000000000000001000010000000000000000000000000000000000
0000000000000000000000000000000001100000000001000000000000000000000000000000000000000100000000000000000000000000000000000
0000000000000000000000000000000000000001000000000000000000000000000000001000000000010000000000000000000000000000000000000
0000000000000000000000000000000000000000000000000000000000000000000000000000000110000000000000000000000000000000000000000
0000000000000000000000000000000000000000000000000000000000000000000000000000011000000000000000000000000000000000000000000
0000000000000000000000000000000000000000000000000000000000000000000000000001100000000000000000000000000000000000000000000
0000000000000000000000000000000000000000000010000000000000000000100000000010000000000000000000000000000000000000000000000
0000000000000000000000000000000000000000000000000000000000000000000001100000000000000000000000000000000000000000000000000
0000000000000000000000000000000000000000000000000000000000000000001100000000000000000000000000000000000000000000000000000
0000000000000000000000000000000000000000000000000000001000000000010000000000000000000000000000000000000000000000000000000
0000000000000000000000000001000000000000000000000010000000000100000000000000000000000000000000000000000000000000000000000
0000000000000000000000000000000000000000000000000000000110011000000000000000000000000000000000000000000000000000000000000
0000000000000000000000000000000000010000000000000100010000000000000000000000000000000000000000000000000000000000000000000
0000000000000000000000000000000000001000000000010000000000000000000000000000000000000000000000000000000000000000000000000
0000000000000000000000000000000010000000000100000000000000000000000000000000000000000000000000000000000000000000000000000
0000000000000000000000000100000000000000010000000000000000000000000000000000000000000000000000000000000000000000000000000
0000000000000000000000000000000000000110100000000000000000000000000000000000000000000000000000000000000000000000000000000
0000000000000000000000110000000000000000000000000000000000000000000000000000000000000000000000000000000000000000000000000
0000000000000000000011000000000000000000000000000000000000000000000000000000000000000000000000000000000000000000000000000
0000000000000000001100000000000000000000000000000000000000000000000000000000000000000000000000000000000000000000000000000
0000000000000000110000000000000000000000000000000000000000000000000000000000000000000000000000000000000000000000000000000
0000000000000011000000000000000000000000000000000000000000000000000000000000000000000000000000000000000000000000000000000
0000000000001100000000000000000000000000000000000000000000000000000000000000000000000000000000000000000000000000000000000
0000000000110000000000000000000000000000000000000000000000000000000000000000000000000000000000000000000000000000000000000
0000000011000000000000000000000000000000000000000000000000000000000000000000000000000000000000000000000000000000000000000
0000001100000000000000000000000000000000000000000000000000000000000000000000000000000000000000000000000000000000000000000
0000110000000000000000000000000000000000000000000000000000000000000000000000000000000000000000000000000000000000000000000
0011000000000000000000000000000000000000000000000000000000000000000000000000000000000000000000000000000000000000000000000
1100000000000000000000000000000000000000000000000000000000000000000000000000000000000000000000000000000000000000000000000
