1000000000000000000000000000000000000000000000000000000000000000000000000000000000000000000000000000000000000000000001001
0000000000000000000000000000000000000000000000000000000000000000000000000000000000000100000000000100000000001000000000010
0000000000000000010000000000100000000000000000000000000000000000000000000000000000000000000000010000000000100000000000100
0000000000000001000000000000000000000000000000000000000000000000000000000000000000000000000000000000000001000000000010000
0000000000000000000000000001000000000000000000000000000000000000000000000000000000000000000000000000000000000000000100000
0000000000000000001000000000000000000100000000000000000000000000000000000000000000000000000000000000000000000000001000000
0000000000000000000000000000000000000000000000000000000000000000000000000000000000000000000000000000000000000000110000000
0000000000000000000000000000000000000000000000000000000000000000000000000000000000000000000000000000000000000011000000000
0000000000000000000000000000000000000000000000000000000000000000000000000000000000000000000000000000001000000100000000000
0000000000000000000000000000000000100000000001000000000000000000000000000000000000000000000000001000000000010000000000000
0000000000000000000000000000000000000000000000000000000000000000000000000000000000000000000001000000000110000000000000000
0000000000000000000000000000000000000000000000000000000000000000000000000000000000000000000000000000110000000000000000000
0000000000000000000000000000000000000000000000000000000000000000000000000000000000000000000000000011000000000000000000000
0000000000000000000000000000000000001000000000000000000000000000000000000000000011000000000000100000000000000000000000000
0000000000000000000000000000000000000000000000000000000000000000000000000000000000000000000110000000000000000000000000000
0000000000000000000000000000000000000000000000000000000000000000000000000000000000000000011000000000000000000000000000000
0000000000000000000000000000000000000000000000000000000000000000000000000000000000000001100000000000000000000000000000000
0000000000000000000000000000000000000000000000000000000000000000000000000000100000000010000000000000000000000000000000000
0000000000000000000000000000000000000000000000000000000010000000000001000100000000001000000000000000000000000000000000000
0000000000000000000000000000000000000000000000010000000000000000000000001000000000110000000000000000000000000000000000000
0000000000000000000000011000000000010000000000000000000000000000000000000000000100000000000000000000000000000000000000000
0000000000000000000000000000000000000000000000000000100000000001000100000000001000000000000000000000000000000000000000000
0000000000000000000010000000000000000000000000000000000000000000000010000000010000000000000000000000000000000000000000000
0000000000000000000000000000000000000000000000000000000000000000010000000001000000000000000000000000000000000000000000000
0000000000000000000000000000000000000000000000000000000000000000000000110010000000000000000000000000000000000000000000000
0000000000000000000000000000000100000000001000001000000000000000001000000000000000000000000000000000000000000000000000000
0000000000000000000000000000000000000000000000000000000100000000100000000000000000000000000000000000000000000000000000000
0000000000000000000000000000000000000000000000000000000000000010000000000000000000000000000000000000000000000000000000000
0000000000000000000000000010010000000000000000000000000000000100000000000000000000000000000000000000000000000000000000000
0000000000000000000000000000000000000000000000000000000001011000000000000000000000000000000000000000000000000000000000000
0000000000000000000000000000000000000000100000000001000000100000000000000000000000000000000000000000000000000000000000000
0000000000000000000000000000000000000000000000000000011000000000000000000000000000000000000000000000000000000000000000000
0000000000000000000000000000000000000001000000000010000000000000000000000000000000000000000000000000000000000000000000000
0000000000000000000000000000000000000000000000100100000000000000000000000000000000000000000000000000000000000000000000000
0000000000000000000000000000000000000000000110000000000000000000000000000000000000000000000000000000000000000000000000000
0000000000000000000000000000001000000000010000000000000000000000000000000000000000000000000000000000000000000000000000000
0000000000000000000000000000000001000010000000000000000000000000000000000000000000000000000000000000000000000000000000000
0000000000000000000000000100000010000000000000000000000000000000000000000000000000000000000000000000000000000000000000000
0000000000000000000001100000000000000000000000000000000000000000000000000000000000000000000000000000000000000000000000000
0000000000000100000100000000000000000000000000000000000000000000000000000000000000000000000000000000000000000000000000000
0000000000000010100000000000000000000000000000000000000000000000000000000000000000000000000000000000000000000000000000000
0000000000011000000000000000000000000000000000000000000000000000000000000000000000000000000000000000000000000000000000000
0000000001100000000000000000000000000000000000000000000000000000000000000000000000000000000000000000000000000000000000000
0000000110000000000000000000000000000000000000000000000000000000000000000000000000000000000000000000000000000000000000000
0000011000000000000000000000000000000000000000000000000000000000000000000000000000000000000000000000000000000000000000000
0001100000000000000000000000000000000000000000000000000000000000000000000000000000000000000000000000000000000000000000000
0110000000000000000000000000000000000000000000000000000000000000000000000000000000000000000000000000000000000000000000000
