00000000000000000000000000000000000000000000000000000000000000000000000000000000000000000000000000000000000000100000000000000
00000000000000000000000000000000000000000000000000000000000000000000000001111000000111110000000000000000000000000000000000000
00000000000000000000000000000000000000000000000000000000000000000000000000000000000000000000000000000000000000000000000000001
00000000000000000000000000000000000000000000000001000000011110000001100010000000000000000000000000000000000000000000000000000
00000000000000000000000000000000000000000000000000000000000000000000000000000000000000000000000000000011111111000000000000000
00000000000000000000000000000000000000000000000000000000000000000000011100000001111000000011000000000000000000000000000000000
00000000000000000000000000000000000000000000100000000000000000000000000000000000000000000000000000000000000000000000000000000
00000000000000000000000000000000000000000000000000000000100000000010000000000000000000000000000000000000000000000000000000000
00000000000100000000000000000000000000000000000000000000000000000000000000000000000000000000000000000000000000000000000000000
00000000000000000000000000000000000000000000000000000000000000000000000000000000000000000000000000000000000000000000000001000
00000000000000000000000000000000000000000000000000000000000000000000000000000000000000000000000000000000000000001111110000000
00000000000000000000000000000110000000011100000000111000000001110000000000000000000000000000000000000000000000000000000000000
00000000000000000000000000000000000000000000000000000000000000000000000000000000000000000000000000000000000000000000001110000
10000000000000000000000000000000000000000000000000000000000000000000000000000000000000000000000000000000000000000000000000000
00000001100000000001000000000000000000000000000000000000000000000000000000000110000000001100000000001100000000000000000000000
00000000000000000000000000000000000000000000000000000000000000000000000000000000000000000000000000000000000000000000000000100
01111000000000000000000000000000000000000000000000000000000000000000000000000000000000000000000000000000000000000000000000000
00000000000000000000001000000000000000000000000000000000000000000000000000000000000000000000000000000000000000000000000000000
00000000000011000000000111000000001100000000000000000000000000000000000000000000000000000000000000000000000000000000000000000
00000000010000000000100000000001000000000010000000000100000000001000000000000000000000000000000000010000000000000000000000000
00000000000000000000010000000000100000000001000000000000000000000000000000000000000000000000000000000000000000010000000000000
00000110000000111110000000111000000000000000000000000000000000000000000000000000000000000000000000000000000000000000000000000
00000000000000000000000000000000000000000000000000000000000000000000000000000000000000000000000000000000000000000000000000010
00000000000000000000000000000000000000000000000000000001000000000000000000000000000000000000000000000000000000000000000000000
00000000000000000000000000000000000011100000011110000000000000000000000000000000000000000000000000000000000000000000000000000
00000000001000000000000000000000000000000000000000000000000000000000000000000000000000000000000000000000000000000000000000000
00000000000000000000000000000000000000000000000000000000000000000000000000000000000000000000111111100000000000000000000000000
00000000000000000000000000000000000000000000000000000010000000000100000000000000000000000000000000000000000000000000000000000
00000000000000000000000000000000010000000000000000000000000000000000000000000000000000000000000000000000000000000000000000000
