0
0
0
0
0
0
0
0
0
0
0
0
0
0
0
0
0
0
0
0
0
0
0
0
0
0
0
0
0
0
0
0
0
0
0
0
0
0
0
0
0
0
0
0
0
0
0
0
0
0
0
0
0
0
0
0
0
0
0
0
0
0
0
0
0
0
0
0
0
0
0
0
0
0
0
0
0
0
0
0
0
0
0
0
0
0
0
0
0
0
0
0
0
0
0
0
0
0
0
0
0.577675
0.610893
0.465714
0.5233
0.411161
0.554521
0.382576
0.532035
0.52703
0.580071
0.134753
-0.00777767
0.0419327
-0.280537
-0.0420535
0.100533
0.0824753
-0.0587865
0.203152
-0.154505
0.2509
-0.0894224
0.0978654
-0.0295188
0.0237031
0.0473101
0.452559
0.474884
-0.0602272
-0.0816685
0.0959068
0.398255
-0.00897427
0.486943
0.489703
0.151973
0.0704585
-0.0110964
-0.0584658
-0.244516
-0.104486
0.261835
0.367964
0.419248
0.432308
-0.124772
-0.0642969
-0.145589
0.0995021
0.175714
-0.0481605
0.00400871
0.0406062
0.14575
0.075717
0.0298975
-0.222026
0.0167594
0.0708346
-0.0692114
-0.025162
-0.033058
0.0609528
0.0590669
0.182677
0.182301
-0.118616
0.000476413
0.0107815
-0.0252061
0.0996813
0.0045985
0.0469899
-0.0257267
-0.0137251
-0.0837251
0.178706
0.327258
0.141557
-0.022752
-0.156175
-0.141678
0.191743
0.0917911
0.00303667
-0.0433014
-0.0416853
-0.0625266
0.212939
0.360133
0.300796
0.0953821
0.173084
0.0170268
-0.0131739
-0.218881
0.0178586
0.0377236
0.00489117
0.139661
-0.201139
0.420848
0.315799
0.186072
0.088064
-0.120691
0.164916
0.0409431
0.00338887
-0.0545204
-0.048537
-0.0232053
0.0686719
-0.174242
0.107266
0.0252304
0.00568391
0.0175092
-0.0358695
-0.0766007
-0.215771
0.0770997
0.0418672
-0.058186
-0.0285718
-0.0513669
-0.026122
-0.127584
0.105163
0.0613873
-0.0018551
-0.0442856
-0.0420474
0.0774507
0.062546
0.140069
0.204145
0.0740786
-0.153396
-0.120925
0.127592
0.0708495
0.0863478
0.00166497
-0.0916473
-0.0175357
0.00111249
0.0229306
0.0579309
-0.00324339
-0.0346252
0.113145
0.34402
0.108076
-0.09599
0.0854209
-0.0257319
-0.131684
-0.0137939
0.026942
0.0595798
-0.149645
-0.0333141
0.00951381
-0.0488336
0.00415857
-0.0131411
0.0514891
0.249382
0.172881
0.191258
0.109207
0.0707344
-0.151301
0.164054
-0.169305
0.0400699
-0.114976
-0.116329
-0.0339359
0.0398108
0.0367036
0.0150847
0.0209317
-0.0425469
-0.0210645
0.172021
0.142838
0.184862
0.314279
0.000839968
0.063484
0.234674
0.0748076
0.0375861
-0.161262
0.107835
-0.00683324
0.241039
-0.00925601
0.0923461
0.0498719
-0.0791644
-0.0293166
-0.138156
-0.143696
0.0904418
0.13103
0.0584392
0.0655626
-0.0315039
-0.193189
0.12537
-0.139097
-0.161775
-0.112467
-0.120718
0.159866
0.110104
0.112135
-0.0203035
-0.0356112
-0.0750294
0.0351454
0.0436817
0.154213
-0.0845185
-0.0131994
-0.0509786
-0.00330189
0.468695
0.12786
-0.163869
0.146226
0.0131111
0.0648941
0.077641
0.248074
-0.044199
-0.212657
0.0575032
0.00534007
-0.110505
0.0526349
0.105323
0.155469
0.14855
-0.0809626
0.0536641
-0.0509486
0.0228019
0.474384
0.184114
-0.023573
-0.00418063
-0.110052
-0.0444772
0.230426
0.0112026
-0.0958567
-0.113934
-0.163933
0.085543
-0.0377632
0.0387793
0.149222
-0.0639736
0.0792717
-0.000377373
0.0263907
-0.146624
0.0622524
-0.0630518
0.44666
0.564591
0.491619
0.0767086
0.277796
-0.181732
0.0897872
-0.0615787
0.108081
-0.0386409
-0.0668624
-0.0321034
-0.266668
0.0466415
0.0228886
-0.0486299
0.082485
-0.013914
0.0496817
0.123804
-0.0152751
0.0693573
-0.0557397
0.388921
0.341452
0.471955
0.357989
0.0826916
0.00546644
-0.0951903
-0.0512281
-0.0760207
0.111176
-0.103467
-0.11227
0.0693274
0.0301793
0.0348202
-0.0246058
-0.0180984
-0.0884632
0.0302263
0.0432766
-0.0519392
0.053124
0.0191395
-0.160931
-0.0262058
-0.0389184
0.151978
-0.0859494
0.0922433
0.0188487
0.0494442
-0.0648528
-0.223925
0.0753677
-0.0974187
-0.125562
0.0477976
-0.0503251
0.127902
-0.106247
0.112184
0.0623232
0.0070913
0.0706207
0.0285939
0.0083173
0.00480851
-0.0171349
0.0574995
0.186383
0.00934229
0.00800092
-0.275405
0.0133088
0.359725
0.146046
-0.203488
0.0528711
-0.218545
0.0439652
-0.0910045
0.0174226
0.123067
-0.0765617
-0.133614
-0.0673984
0.0383316
0.142537
0.0201538
0.0277679
0.0725268
0.0533238
-0.123913
-0.0322498
0.126912
0.117814
0.033836
-0.200691
0.119454
-0.162577
0.396721
0.252516
-0.168018
0.325759
-0.0284285
0.168039
-0.00392445
-0.101701
-0.022333
-0.0312632
-0.0130688
0.122651
-0.00478262
-0.0192553
-0.176115
0.0361469
-0.0921513
-0.0914569
-0.0372789
0.0439739
0.0396936
-0.0238874
0.0350518
0.0855472
-0.0133395
-0.0964739
0.00858059
0.353247
0.176531
0.43493
-0.0349729
-0.0349377
0.165263
0.0151381
-0.0561996
0.101083
-0.0484652
0.0453445
-0.0971083
0.0226695
0.0283505
0.00893886
0.0815263
0.0768672
-0.0258431
0.00899416
0.0879439
0.0337739
-0.0499787
-0.0797214
-0.00159326
-0.00259241
0.019206
0.107034
0.200448
0.284348
0.403146
0.313518
0.306159
0.0876842
0.0575298
-0.0190664
-0.30699
0.146555
-0.00910715
0.0662218
0.0196111
-0.0941453
0.0655742
0.0251596
0.0633897
-0.116665
0.0415459
0.0231583
0.0409477
-0.01881
0.0018557
-0.0500522
0.103638
0.0626395
0.108865
-0.0866507
0.150136
-0.173541
0.140362
-0.0802887
-0.052498
-0.039403
0.0405529
0.137114
-0.158215
-0.214004
0.177947
4.64589e-05
0.0421609
0.124445
-0.031295
-0.145481
0.148928
-0.0852604
0.0849604
0.0362885
-0.0123191
0.0485061
-0.11687
0.0471796
0.0401119
-0.0793598
-0.0493061
0.0183561
0.0896527
-0.12771
-0.0210108
0.144032
-0.0761153
-0.0107918
0.0835318
0.0364776
-0.0416304
0.386072
-0.0444405
0.0955823
0.0772052
0.0294022
0.150155
-0.0552425
-0.0561385
-0.0308945
0.121861
-0.102867
-0.0311601
0.123184
-0.112518
-0.187341
-0.0159999
-0.00985558
-0.0439376
1.03899e-05
0.103242
0.0140824
0.0221377
-0.0586194
-0.0303437
0.210094
0.00339195
-0.204251
0.158759
0.00706648
0.0680444
-0.031448
0.475584
0.420212
0.0561972
-0.192206
0.072018
-0.116168
-0.0899886
-0.137106
-0.0854587
0.0930403
0.0171648
-0.0714779
0.122755
-0.00718483
0.0543906
0.0556394
-0.178491
0.0753231
-0.00166419
0.0457206
0.0373631
0.0068877
0.0394779
-0.0687253
0.0809485
-0.0793231
-0.05748
0.0012184
0.0311792
-0.0582896
0.0468674
-0.0232122
0.454776
0.399424
0.304413
-0.159246
0.0443271
0.186607
0.189362
-0.0197333
0.0296948
0.0707665
-0.0359751
0.118092
0.0803873
-0.0279749
-0.0794137
0.0278
0.0463358
0.033893
-0.0276931
0.0932816
-0.0603809
0.0630374
0.0792483
-0.0316534
-0.0712683
0.122994
-0.0724542
0.237885
0.0481455
0.0592165
-0.0601992
0.0272887
0.105045
0.459304
0.321546
0.337053
0.284566
0.160932
0.0352754
0.170669
-0.0587496
0.0576846
0.123542
0.0100204
-0.0131605
0.000275248
-0.21674
0.032242
0.0492204
0.089285
-0.071223
0.0281478
0.0586352
0.0207637
-0.0491027
0.0272186
-0.039118
0.00690655
0.10944
-0.0204636
-0.00465183
-0.0606176
0.128771
-0.00221253
-0.0530834
0.0579244
0.0222287
0.102244
0.0244049
0.125429
0.00725654
0.0141656
0.0440006
0.0721012
0.00321967
0.107183
0.0186906
0.177657
-0.134452
-0.0122958
-0.0702261
0.131104
0.0122837
0.00479149
-0.00530006
0.0395543
0.0101339
-0.0430426
0.027915
0.0320405
-0.0146955
0.11546
0.03392
0.0285802
0.104792
-0.0360913
0.0325549
-0.0365373
0.0561724
-0.0534854
0.14628
-0.0145755
0.0407109
-0.0581519
-0.0674771
0.199956
-0.124467
0.284362
-0.187509
0.00747239
-0.168102
0.156358
-0.0489711
-0.128178
0.0579012
-0.123554
0.188835
0.0292536
-0.0600524
0.0444607
-0.0460769
0.0352424
-0.0265489
-0.0431351
-0.0174157
0.0892167
0.120841
-0.032851
0.0415717
0.00101058
0.0325488
0.202565
-0.128713
0.0860584
0.00662259
-0.0397718
-0.163113
0.128295
-0.0111456
0.00723355
-0.00611546
0.0720957
0.0289943
0.250647
0.288791
0.100721
-0.0186729
-0.16504
-0.125171
0.0331548
-0.0142221
0.00930559
0.0744286
0.0135515
0.0253719
-0.0142829
0.0609452
-0.104886
-0.010258
-0.037528
0.0116689
0.0109168
-0.0489498
-0.0140823
0.041674
0.0908391
-0.0450772
-0.0369551
-0.0562101
0.186152
-0.0866226
-0.122074
0.15322
-0.0351489
-0.047303
0.135154
0.055927
0.00722384
-0.162348
0.0673612
0.318951
0.270245
0.302248
-0.0220783
0.0548977
-0.0227751
-0.0390349
-0.0680208
-0.16301
-0.0920482
0.210098
0.0458662
-0.00639045
0.0426718
-0.0435535
0.0409897
-0.0548087
0.0217048
-0.0223956
0.020482
-0.052326
0.048878
-0.115027
0.00723133
-0.0834301
0.00839229
-0.109528
-0.00291698
-0.0645281
0.047799
-0.0522585
-0.0748224
0.000411559
-0.00594397
-0.033595
0.117087
-0.00703987
0.0129829
0.265222
0.416899
0.28131
0.262422
-0.0644252
-0.0211394
-0.245845
0.122702
0.118024
0.0212781
0.0603773
-0.115931
-0.127017
0.00886208
-0.0393038
-0.0173455
0.038043
0.0608592
0.0541888
0.00968072
-0.0434409
-0.0757893
-0.0401877
0.0599333
0.240256
0.0655313
-0.116618
-0.0790292
0.0306189
-0.0180174
-0.0834968
-0.123019
-0.0838399
0.122951
-0.0636159
0.0459651
0.0701928
-0.0301769
-0.0283751
-0.0596548
0.0654376
-0.0342485
-0.0208515
-0.000199246
0.0843305
0.0123908
0.0336222
-0.0115481
-0.0856228
0.0792097
0.0521308
-0.170272
-0.127079
-0.00871045
0.104866
-0.0569985
-0.0224054
0.020634
-0.0126398
-0.00731092
0.0308066
-0.0654451
-0.0279253
-0.0713842
0.0238345
0.0710971
0.077845
-0.0645421
0.0315557
0.0409434
0.0139788
0.0030242
0.11865
-0.0701175
0.112392
-0.0434647
-0.0132796
-0.0393202
0.048145
-0.0452487
-0.0506334
0.051287
-0.0690084
0.087984
0.14845
0.0204751
-0.0880705
0.173014
-0.153202
-0.133486
-0.0468593
-0.0897196
0.072738
0.209653
0.0942348
0.0682405
-0.121266
0.0592437
0.0345492
0.0140012
0.0439004
0.000661157
0.0825861
0.053382
-0.103625
-0.122535
-0.00906631
0.0548978
0.0925858
0.074482
0.071877
0.0246051
0.0859324
-0.0556856
-0.0684624
0.00932568
0.0960899
0.100886
-0.105444
0.0394966
0.0127349
0.0591776
0.0318963
-0.0185284
-0.0464395
0.209765
0.127782
0.0141153
-0.0544482
0.0782876
0.11584
0.089964
-0.0327992
0.0273705
0.0739271
-0.015782
0.0801786
-0.108219
-0.0909404
0.00955847
0.0410403
0.113208
-0.0182641
0.0422265
0.060742
-0.00235007
0.0317847
-0.163484
-0.0342509
-0.0424012
0.0255921
-0.108463
0.0464125
0.112194
0.103138
-0.0453304
0.0082303
0.17527
0.0457713
-0.177564
0.0695199
0.0808441
0.0986607
-0.0715453
0.0245843
0.00859491
0.0200964
0.220842
0.188945
0.148296
-0.0978226
-0.0515556
0.0280604
0.160847
0.0908863
0.0994807
-0.0788369
-0.0244079
0.00371865
0.036094
-0.0381508
0.0268246
0.000639497
-0.0156865
0.00120935
0.0929032
-0.0416833
0.0408569
-0.0101807
0.0714973
0.0398694
-0.0278273
-0.103803
-0.0931557
0.0223563
0.0399281
0.032587
0.0209631
-0.00245101
-0.0487735
0.0600084
0.0706189
0.00449496
-0.0328848
-0.0759626
-0.00026398
0.0843036
-0.0303318
0.0857691
-0.0913738
0.15184
0.158378
0.172556
0.135344
0.0837923
0.0629944
-0.116371
-0.033973
0.210962
0.148421
-0.0324056
0.0464427
0.0071186
-0.10674
0.0715846
0.0668667
0.00211258
0.0263635
0.00195199
0.0703677
-0.000812811
-0.213374
-0.0898248
-0.0588184
0.287614
-0.141896
0.196731
-0.0479891
-0.154043
0.05356
-0.0892346
-0.0731682
0.0870978
-0.0103299
0.0301162
0.119402
0.0362962
-0.029777
0.0524264
-0.0942312
0.0214449
0.0571033
-0.0865984
-0.0394936
-0.0892598
-0.123477
0.0260699
0.0195447
0.0328692
-0.334732
0.139702
0.256365
0.066844
-0.144484
0.0391989
0.103162
-0.0919522
0.0374548
0.0613221
-0.00872657
-0.0223779
0.0631009
0.083932
-0.0452153
0.00351223
-0.089369
-0.00768098
-0.0462923
-0.0431742
-0.209628
0.0686632
-0.136896
0.0403721
-0.0654921
0.00216579
-0.0963919
0.174113
0.0346638
-0.0416342
0.0189212
0.0882852
0.108595
-0.0411626
-0.0538503
-0.119441
0.0781313
0.142802
-0.0156878
0.0803342
-0.0410833
-0.0236589
-0.0899866
0.0437724
0.0144703
0.262154
0.11728
-0.128235
0.0874052
0.13028
0.0126863
0.0720779
-0.076248
0.0508935
-0.0479906
0.122718
-0.0372948
0.0199819
-0.164106
0.0965122
-0.0176297
-0.0451242
0.0411839
-0.00529254
-0.0521915
0.0501093
-0.0376538
0.02615
-0.0869856
0.0652798
0.133836
-0.0439807
0.143363
-0.0653636
0.0649103
-0.0467369
0.00403072
-0.0102053
-0.126177
0.0487532
-0.0325832
0.0798341
-0.175826
0.0146845
0.023785
0.0687932
0.08145
-0.0200702
0.070791
-0.0642327
-0.0612582
0.431765
0.606304
0.228747
-0.217379
-0.0617275
0.106724
0.144715
-0.0111608
-0.0217208
0.059622
-0.00993581
0.139927
0.028722
-0.0827891
0.0050253
-0.00604203
0.0603701
-0.0566314
-0.107771
0.0520903
0.12438
0.0100371
-0.0092583
0.0448798
-0.0747683
-0.00548109
0.0808931
-0.00240471
0.040946
0.122406
-0.103935
-0.0169693
-0.0810306
-0.36599
0.0472695
0.147708
0.0696084
0.0383925
-0.028213
-0.0752623
0.0608052
0.0651591
0.0648368
0.139617
-0.0393847
-0.014169
0.0294013
0.41275
0.381741
0.443408
-0.0148188
0.191588
0.0565435
-0.245781
0.0604965
0.111456
0.135457
-0.0879639
-0.0331854
-0.123047
-0.0438976
0.0488065
-0.0219033
0.0128636
0.0824961
0.0102025
0.0808311
0.0631292
-0.0226658
0.00946445
0.0593193
0.0129516
0.0640851
0.0152911
-0.195849
-0.0526477
0.00689341
0.164092
-0.0993789
0.0253986
0.015543
0.0809319
0.0406433
0.0753649
-0.0801344
0.0626274
0.0172171
-0.101186
-0.023996
0.0199936
-0.0217405
-0.0835228
0.0567877
0.0692828
-0.0403637
0.312916
0.41835
0.224524
0.452287
-0.000918516
-0.129252
0.227468
-0.0690289
-0.0192739
0.00795595
-0.0979097
0.033503
0.093716
0.0342651
-0.0398841
0.0639062
0.0992508
0.00571585
-0.0259656
-0.0331827
-0.0895267
0.0341895
-0.0115312
0.0667826
0.00625176
-0.00338711
-0.0974042
0.117778
0.195489
0.111795
0.0306691
-0.170905
-0.0050941
-0.0611136
0.0183986
0.0587707
-0.0387234
-0.00143755
-0.034071
0.101491
-0.00934741
-0.1193
-0.0115509
-0.0248638
-0.050997
0.0103048
0.00341737
-0.00890537
-0.0196635
0.0619117
0.169237
-0.125093
0.0293073
0.177985
-0.25623
0.250133
0.0872311
-0.0891219
-0.123193
0.0202144
0.0924824
-0.0513405
-0.00624174
-0.108937
-0.00884329
0.00408605
0.0631596
0.195627
-0.0196722
0.0157603
-0.00310834
0.062079
0.00182566
-0.108399
0.131382
-0.159245
-0.00344923
0.0824675
-0.0215017
0.14837
0.036438
0.0411403
-0.00505212
0.123109
0.133759
-0.0101969
0.180693
0.0135006
-0.0907479
-0.148193
0.00982781
-0.0721558
0.0799834
-0.00541242
0.0828136
0.0341831
-0.0818345
0.0422698
0.0349784
0.0313805
-0.258622
0.210769
0.0563374
-0.129302
0.377531
0.0380091
-0.0632619
-0.223713
0.0103179
0.175032
0.0372934
-0.244794
0.267921
0.128012
-0.0433792
-0.0244711
0.0460467
0.0125607
-0.120924
0.0291149
0.0568424
0.0820838
0.011595
-0.053719
-0.057319
0.0692521
0.12548
-0.00111817
0.129355
-0.00743795
-0.0147433
-0.070209
0.0113568
0.161875
-0.205356
-0.0431646
-0.134583
0.045379
0.148181
0.0883501
0.0155062
0.121599
0.159303
-0.0377146
-0.0453404
0.0850471
-0.0355662
-0.0349743
0.090423
-0.10034
-0.255369
0.120345
0.016698
-0.0585872
0.0297702
0.270973
0.39796
0.0887583
-0.00275352
0.103066
-0.103983
-0.100606
0.0258828
0.0465686
-0.0351798
-0.0670036
0.05993
0.0567829
-0.0646235
0.0602226
0.143415
0.0729288
-0.00901979
-0.0184354
-0.00950991
-0.0391089
0.138457
0.0297653
-0.0502096
0.0184172
0.00111908
-0.0667817
0.0362508
0.031489
-0.102503
-0.00610877
-0.144556
-0.00407139
0.0412781
0.0498757
-0.07104
0.0940079
-0.000775973
0.0316813
0.00874802
0.00803307
-0.00967291
-0.0811877
-0.0879598
0.009779
-0.00016826
0.0407496
0.0383722
-0.159299
0.0516257
0.0770663
0.064768
0.414407
0.387451
0.438078
0.102994
0.0516276
0.00767576
0.0824367
0.13397
0.00635102
0.144911
-0.111067
-0.10653
0.0292972
0.0708295
0.0407865
-0.0817539
-0.0932735
-0.0571088
-0.0520622
0.0465744
-0.0516213
0.0927173
-0.0441412
-0.172821
0.263172
0.152557
-0.299911
0.0559148
-0.0110672
-0.141727
0.00667501
-0.0712126
0.126681
0.199988
0.0521352
-0.033508
0.0668725
-0.0661423
0.0495414
-0.164931
0.0257994
-0.0368897
0.0763916
-0.096785
-0.00449264
-0.00114594
-0.061605
0.0402279
0.0336447
0.067799
-0.0178953
-0.170595
0.100068
0.319213
0.395652
0.585468
0.332511
-0.0674047
0.246266
0.0848043
-0.211363
-0.0439507
-0.319786
0.114817
0.100516
0.0690364
0.0533183
0.0620226
-0.0665078
0.0149607
-0.00851231
-0.0617952
-0.0137282
0.111124
0.064002
-0.0293986
0.00742838
-0.12211
0.00174055
0.045451
-0.0275978
0.126963
0.00574589
-0.102705
0.00035656
0.0750137
0.0379592
-0.0465399
0.0359236
0.0192725
0.00424114
-0.0346494
0.0103329
0.0972284
-0.103251
-0.112503
0.00668218
0.0543029
0.0724587
-0.109328
0.0747131
0.0573039
0.108326
0.221231
-0.0428464
0.0255409
0.0105874
-0.110121
0.0389964
0.159594
0.013721
-0.0875629
-0.109922
-0.101724
-0.0719537
0.0529714
0.0550699
0.19053
0.0101837
0.057784
-0.0978209
0.0507966
0.0100311
0.00198755
0.126746
0.0178904
-0.0449543
0.0821885
0.0413849
-0.155209
-0.0145614
0.133194
-0.0565941
0.127521
-0.0668774
0.0635116
0.00528213
0.193274
0.210784
-0.169241
0.0772276
-0.127034
-0.0433251
-0.144612
0.0405865
-0.0103643
0.0501483
-0.0711228
-0.032024
-0.0218409
0.0497587
0.0673835
-0.0517359
0.0159874
0.0803107
-0.0648584
-0.148005
0.0397568
-0.0851196
-0.0907848
-0.0056349
0.00693705
0.060319
0.128971
-0.175095
0.158191
-0.0411244
0.430481
-0.0354888
-0.126368
0.000546287
0.191009
0.159611
0.0279696
0.0706923
0.022373
-0.0338467
-0.128934
-0.0105603
-0.0632583
0.0632152
-0.0351272
0.0375298
0.00395613
0.0582115
-0.0658179
0.0966264
-0.0372015
0.123461
0.0847445
0.053936
-0.0484572
-0.289127
0.0959264
-0.119997
0.0220574
-0.253098
0.176633
0.00718601
0.217075
-0.00872101
-0.142707
-0.132266
-0.100095
0.0505906
0.0486155
0.0780808
0.013684
-0.0714929
0.0487575
-0.0027035
-0.0586374
0.0366106
-0.115338
-0.176496
0.2171
0.00260775
-0.0529888
-0.0170002
-0.0975737
-0.0403109
0.0801513
0.123832
0.577002
0.522586
0.0759071
-0.086213
0.0761541
0.123934
-0.00917844
-0.108658
-0.0108725
0.0305903
0.134371
0.0544768
-0.0528137
0.110313
-0.048837
-0.0236417
-0.00583935
-0.0789969
0.0191975
0.111055
0.0162693
-0.0571956
-0.062851
-0.206776
0.239074
0.0644101
0.0899913
-0.0326179
0.168832
-0.00712548
0.0457292
-0.0617094
-0.00187855
0.0941654
-0.00110216
0.112757
0.118528
0.134367
-0.11866
0.0531575
0.0374409
-0.0357579
0.103263
0.00168096
0.0899554
-0.0765395
-0.0110442
0.136693
0.102519
0.0829429
-0.0446393
-0.00531132
0.178538
-0.000417224
0.00206939
-0.093994
0.00467992
0.461957
0.531356
0.204018
0.128241
-0.0767112
-0.00763868
-0.0295967
-0.0623347
0.179573
0.00209921
-0.0774524
-0.0162749
-0.0450263
0.0330357
0.0627023
-0.0602503
0.00470222
0.036732
-0.03759
-0.118638
0.0112948
-0.020977
0.000232723
-0.0826513
-0.0282938
-0.10972
0.00621611
0.0581068
-0.157705
0.0125597
-0.0203542
0.163964
0.0975827
-0.056931
0.0724522
0.0114184
0.0738364
-0.1717
0.00917699
0.0397179
-0.0127745
0.0209435
0.00449219
-0.015931
-0.025237
-0.0738288
0.136954
0.0619961
-0.0398015
-0.149721
-0.0479412
-0.0891414
0.1648
0.00322691
0.045552
0.14416
-0.147291
0.0641075
0.269228
0.365401
0.421025
0.315114
0.243466
0.0436049
0.0801369
0.0214492
-0.0132444
-0.00223182
0.00488266
0.0355053
0.101022
-0.0832227
-0.0154605
0.0632143
0.04499
-0.0505613
0.0367254
0.0241313
0.021689
0.0412187
0.00582359
0.0427361
-0.0881449
0.106573
-0.0985921
0.0594815
0.0210822
0.0494343
-0.0184708
-0.0688765
0.0199021
0.0362382
-0.0513029
0.0886359
0.0456475
-0.0889085
-0.0187538
0.0109845
0.0500933
-0.0288793
-0.0322415
0.0485445
-0.0527857
0.0512139
-0.0380826
0.0279297
-0.035501
-0.0474133
-0.0676877
-0.157869
0.176288
-0.140946
-0.160489
0.0430117
-0.0395811
-0.030504
0.124741
-0.0455951
-0.152408
0.0088719
0.056542
-0.00912324
-0.0914881
-0.0279098
-0.0216534
0.192062
0.0585027
0.0522283
0.106623
0.0124698
-0.0720729
0.00338406
0.0268529
-0.0591509
0.0755297
0.0173484
0.0491269
-0.0740003
0.0605893
-0.0956605
0.0380441
0.0294609
0.152869
0.0142808
0.0420414
-0.0400783
-0.0377148
-0.0731477
0.0242886
-0.0159145
0.0334393
-0.0427614
0.0788626
-0.0572269
-0.0365761
0.0252021
-0.00815013
-0.0652819
-0.0143119
-0.00336414
-0.00208059
0.0214987
-0.00212579
-0.0279674
0.0679729
-0.0710889
0.00657581
-0.0087863
0.0588682
-0.024695
0.0969436
-0.0458829
0.000279882
0.0850678
-0.0523102
-0.105393
0.0485678
0.00880436
0.121952
0.0135904
0.0956752
0.0754499
0.220381
-0.155165
0.0992847
-0.129146
-0.109135
0.0838181
0.04764
0.00948506
-0.013702
-0.00991559
-0.069868
-0.00255262
-0.00431217
0.00769583
0.0358634
-0.00323784
0.109473
-0.00399421
-0.134814
-0.0669946
-0.0322263
0.164296
-0.0194366
0.00556964
0.0240452
0.0315294
0.041135
-0.00257435
-0.0352896
-0.0956502
0.0182453
-0.0191372
-0.0489862
0.0471681
0.02688
-0.00133385
-0.0761596
0.0295498
0.0347479
-0.0180908
0.0435929
-0.0420464
-0.0427362
0.0647602
0.0607745
0.0144676
-0.0479444
-0.0447375
0.0996638
-0.0677584
0.156907
0.0755609
-0.0761024
0.0881205
0.0719665
0.0261482
0.0449244
-0.166749
-0.0846793
0.0818454
0.0260114
0.268177
0.177626
0.237313
-0.00655567
-0.155326
-0.121347
0.0465302
0.0678223
0.0136122
-0.00804875
0.0100949
-0.0314092
0.109492
0.0420746
-0.0570569
-0.0988749
-0.118804
-0.103586
0.0164808
-0.0430587
0.0561518
0.0330351
0.0747808
0.0393958
0.0331132
0.0723345
-0.0495741
-0.0980715
0.0842697
0.00176991
0.130796
-0.0714083
-0.05784
0.072783
-0.199493
0.0711918
0.0853778
-0.0503514
-0.0218246
0.0824467
0.0376079
-0.0308857
0.0995454
-0.03606
-0.00964577
-0.0379443
0.00590701
0.0884312
0.186693
-0.0730098
-0.0846148
0.0482892
-0.0690205
0.167128
-0.0927857
-0.0167948
-0.0718707
0.0850693
-0.0218744
0.0650756
-0.154567
-0.0750227
0.0687484
0.146523
0.190614
0.107072
0.0602905
-0.144741
-0.0378034
0.100984
-0.00260126
-0.022039
-0.0132693
-0.0489724
0.171034
-0.0277799
-0.111126
-0.0503479
0.160874
-0.00447099
-0.00262847
0.041085
-0.028567
0.0465928
-0.0241327
-0.185343
0.070951
0.013237
-0.126088
0.0278903
-0.00182602
0.0563438
0.100455
0.02712
0.00127333
-0.0576562
-0.085598
0.120935
0.138756
0.0213911
0.0911913
0.0142395
-0.0116789
0.0334313
-0.00925365
0.0721957
-0.0405542
-0.0169703
-0.0261065
0.0170911
0.100424
-0.0879497
0.0275478
-0.0774616
0.0597248
0.125282
-0.0652108
-0.024948
-0.0219767
0.0489725
0.0154555
0.064987
0.0494492
-0.138199
-0.0494927
0.219202
0.212126
0.176993
0.152799
0.00416835
-0.05535
0.0133502
-0.21192
-0.022126
0.0442868
-0.0313387
-0.0211462
0.116595
0.0372235
0.0207526
-0.0816221
0.0106991
0.0426216
-0.0641295
0.00182244
-0.101913
-0.0279887
-1.54172e-05
0.043324
0.154979
-0.146208
0.0707585
0.071236
0.036861
-0.0601652
-0.100103
0.0122086
-0.120347
0.236627
0.153814
-0.0298365
0.0706565
-0.158217
-0.0632472
-0.0237918
0.0801173
-0.0117601
0.126753
-0.0492895
-0.0725757
0.130624
0.0385841
0.105044
0.0253527
-0.156383
0.0882278
0.054763
0.00188771
0.000591516
0.0615261
-0.151736
0.0923185
0.0456817
0.156197
-0.0185813
0.104327
0.0421843
0.164257
-0.0343991
0.0126922
-0.0328652
0.0129047
0.174659
0.0313537
0.177895
-0.130876
0.0764175
-0.111506
-0.0654727
-0.0747996
0.159344
-0.0214467
0.0412025
0.133338
0.0880317
-0.114862
0.0347749
0.109646
-0.0309369
-0.0795138
-0.157496
0.0570683
0.0766543
0.140182
-0.103886
0.0223823
-0.138317
0.0650201
0.041918
0.063709
0.0650466
-0.1657
0.13054
-0.0327044
-0.01163
0.0719204
0.0320634
-0.0370655
-0.0648843
0.119238
-0.0818335
0.105694
-0.0213818
0.0488554
-0.0237642
-0.0274865
0.0108865
-0.15303
0.0689842
0.0647635
0.0827899
-0.180257
-0.123036
0.226752
0.0273238
0.141712
0.240624
-0.147145
-0.0466859
0.0211565
0.0425575
-0.0157973
-0.0768007
0.151042
0.0802042
0.0464755
0.0393702
-0.00430488
-0.0514815
0.309385
-0.106682
0.156792
0.0212085
0.101538
0.0506944
0.0134532
-0.000997335
0.103946
-0.063614
-0.0553326
-0.00965639
0.204367
-0.0916627
-0.0851937
0.0139255
0.00550454
0.0490175
-0.0727282
0.0182411
0.048144
0.022208
0.0872702
-0.00769086
-0.0480027
0.0718797
-0.0163074
-0.0558721
0.0108396
-0.0742841
-0.0953385
-0.127444
0.068853
-0.178693
0.193822
0.224861
0.00799535
0.0674222
0.0524681
-0.0792988
-0.089495
0.0419057
0.0534802
0.0838541
-0.00163496
-0.0464037
0.0859639
0.265054
-0.223011
0.0355856
-0.0252469
0.00832679
0.0422365
0.0975794
0.153041
-0.173025
-0.130144
0.254444
0.0207685
0.0381265
0.0330356
0.0494382
0.0364417
-0.0338181
-0.131976
-0.0597862
0.433401
0.319576
0.0169456
0.0481428
0.192526
-0.157211
0.106725
0.0168236
0.0461269
0.0370837
-0.0802741
0.0204935
0.0317788
-0.05103
0.0994513
0.0824129
-0.033269
0.0715042
0.075344
-0.0697912
-0.07638
-0.0183215
-0.0392041
0.0183063
-0.345251
0.0938643
0.0183535
0.0768514
0.168372
-0.0989774
0.0841162
-0.207922
-0.119919
0.0290826
0.00749798
0.0494172
0.220428
-0.109491
0.0634586
0.0375346
0.0424232
0.125796
0.0579035
-0.0774475
-0.0670209
-0.00205442
0.0442721
0.0268134
-0.0904533
-0.0369675
0.110761
0.0211758
-0.0924363
0.100204
-0.0670602
-0.0293551
0.151603
-0.0964893
-0.202311
0.0532258
0.0632684
0.0218795
-0.0939733
-0.0453502
0.0246095
-0.0253903
0.0474905
0.541181
0.399593
0.260029
-0.103719
-0.0372976
-0.0728067
0.362073
-0.0750151
0.0283023
-0.1267
0.123036
0.434419
-0.0384828
-0.091113
-0.0655829
0.0802191
-0.0946894
0.0709726
-0.0129478
0.12688
0.129861
-0.0206333
-0.0748163
-0.0778976
-0.0958477
0.0537834
0.0511616
0.0333837
-0.110982
-0.0639917
0.375063
-0.11441
0.0540265
-0.0615024
-0.0329081
-0.0620439
-0.0814719
-0.0831146
0.0997457
0.109387
-0.0707924
-0.073624
-0.00353673
0.0228434
0.0914021
-0.154285
0.0422735
0.0444312
0.127599
-0.260064
0.0682623
0.00354267
-0.00831612
0.138899
0.0122989
-0.111006
-0.140709
0.148135
0.0258228
-0.0454204
0.00902382
-0.122249
-0.213374
-0.119887
0.00612664
0.00722179
0.0158851
0.0030756
0.321411
0.497581
0.420032
0.316539
-0.308053
0.133205
-0.271607
0.175208
-0.00688638
0.0273805
0.0237371
-0.0579013
0.0382913
-0.05224
-0.0211502
-0.0807905
-0.031589
0.0131212
-0.00583622
0.0273762
0.0218417
0.0149034
0.00308634
-0.171073
0.076799
0.0142878
0.095181
0.027544
-0.151426
0.0695298
0.187471
0.0592428
-0.0679027
-0.1635
0.01822
0.0206359
-0.0232195
-0.0218835
0.0629288
0.0188753
-0.0410139
0.000287843
0.0687674
-0.0610627
-0.0183527
0.00824143
-0.0633892
-0.0653704
0.0157476
-0.0223307
-0.00948236
0.105068
-0.0444765
-0.00134066
0.0198145
-0.037988
-0.117571
0.176529
0.046517
0.0483896
-0.0098221
-0.0237455
0.0703507
-0.0422258
0.144764
0.00491103
-0.0160824
0.0789552
-0.0583824
0.0465576
0.175485
0.0631572
-0.0396102
0.00670067
-0.235793
-0.0535198
0.404378
0.0492536
-0.00860568
-0.0209394
0.0495918
0.0729609
-0.130603
-0.0388205
0.00234688
0.0128444
0.000155307
0.0166077
0.0741049
-0.0527617
0.0240701
0.0375254
0.0795078
-0.00200882
-0.0956865
0.201821
-0.0113654
-0.155549
-0.0461195
-0.00803977
-0.0748543
0.0503224
0.0638471
-0.049443
0.13802
-0.139413
-0.0715269
0.0958101
-0.00131646
-0.00688816
-0.0634947
0.0419726
-6.57422e-05
-0.000338253
0.0433799
-0.0228891
-0.00210944
0.0435785
-0.0157451
-0.0600312
-0.0279286
0.101573
-0.0193515
-0.154152
0.127827
0.0600533
-0.104293
0.0271483
-0.0158249
-0.151567
0.101319
0.0236
0.051528
0.155117
-0.0867475
-0.0412721
0.0786007
0.0245457
0.0230894
0.161556
-0.0918655
-0.00811731
-0.0486508
0.0607754
0.327245
0.126444
0.200478
-0.0563065
-0.0279856
-0.0379597
-0.0131958
-0.0580463
-0.0027628
-0.00162602
0.13859
-0.0107799
-0.00348993
0.0833601
-0.0463744
-0.02702
0.00942376
0.0399128
-0.0401736
0.012372
0.0301576
0.0233163
-0.0776875
0.00907975
-0.0902096
0.136647
0.053024
0.00764349
-0.00138822
0.0179669
-0.0240313
0.0958401
-0.158921
0.00939823
0.0345784
0.116466
0.0686031
-0.0513904
-0.027932
-0.0342921
-0.0280474
-0.00811049
0.0214541
0.0194824
-0.0796529
0.0388553
0.0341159
0.150091
-0.0935008
0.0374562
-0.0432391
0.0223373
-0.206207
0.179023
-0.134223
-0.13964
0.0296342
-0.0181273
0.155765
-0.0612834
0.0693463
0.0648272
-0.0423459
-0.00153019
0.0439183
0.010566
-0.123436
0.0469937
-0.0339149
0.0397694
-0.0248834
0.264533
0.190871
0.296999
-0.141362
-0.138491
-0.214339
0.0856124
-0.067403
0.0797435
0.0572166
-0.181378
0.0163757
-0.0628292
0.0722334
0.0597271
0.0751958
0.0507843
-0.0505374
0.00457598
0.076709
-0.0717163
0.0459542
0.0585476
0.0245006
-0.058844
0.0799176
-0.0149583
-0.0340944
-0.0943166
-0.0756943
0.138985
0.0403728
-0.212373
0.0244531
0.0808761
-0.0983962
0.0965787
0.0517712
0.0288982
0.0436642
0.0706348
0.041301
-0.0369311
-0.023702
0.036186
-0.00876263
-0.00790861
-0.00594285
0.077786
-0.155377
0.0675468
0.0640486
0.0162771
-0.0457542
-0.0569982
-0.00723841
0.0058468
-0.0714374
0.0936545
-0.0266063
0.0472296
0.149116
-0.0179134
0.0141011
-0.0212521
-0.073168
0.0518725
-0.00805326
-0.12848
-0.0341452
-0.0129459
0.173825
0.275518
0.165524
0.241783
0.173876
0.0320894
-0.0423472
0.0497098
-0.252383
0.0235755
0.0762868
-0.0427251
0.124405
0.0237812
0.0908818
0.0380634
-0.0399923
-0.00476756
-0.043869
0.0237306
-0.0345045
-0.00703361
-0.000841099
0.0535374
-0.0642664
-0.014208
0.0010318
0.0991892
0.0626372
-0.0810095
0.153353
0.0949719
-0.0526965
0.0852605
0.0697382
0.114208
-0.0996046
0.0894257
-0.118837
0.0140956
0.0765695
-0.0159696
-0.00519771
0.010932
0.117342
0.0226347
-0.00547479
-0.020042
0.0474942
0.159559
-0.0654226
-0.0219158
-0.0150051
0.157652
0.00906378
-0.0048071
0.0329833
-0.172606
0.0306609
0.0808143
0.0614863
0.0113223
-0.0497594
-0.153424
-0.0830342
0.0272631
0.0979663
-0.0266946
-0.108324
-0.163946
-0.0541961
0.0357473
-0.0453
-0.13185
0.170242
0.257142
0.177664
0.303406
0.220186
-0.197149
-0.0526531
0.16344
-0.0493748
0.0392974
-0.0907035
0.195398
0.208308
-0.276462
0.0401895
-0.156463
0.105361
0.00649772
-0.00538339
-0.13788
0.00684013
0.0348122
-0.00599419
-0.0258319
-0.100547
0.0171494
0.124206
0.0365313
0.0359417
-0.0463793
0.127169
0.0527426
0.11065
-0.022434
0.0899732
-0.039506
0.0258244
-0.0391759
0.19743
-0.0675594
-0.071962
-0.0571531
-0.083081
0.180832
0.0972663
-0.0670089
0.0131592
0.0260581
0.00353518
0.0490054
0.216132
-0.0422331
0.101402
0.0828125
-0.0502387
0.217879
-0.0506807
-0.0342937
0.229845
-0.120503
0.0570294
0.0420729
0.0123923
0.0957028
-0.0666945
-0.0743107
-0.0432464
0.0142099
-0.0396454
-0.0429182
0.167726
0.0244295
0.0166737
-0.330581
-0.0207115
-0.223469
0.0368615
0.119701
-0.0453943
-0.376053
0.0817541
0.150517
0.18288
-0.0669775
-0.0169252
-0.00435487
-0.0431956
-0.100841
-0.0758596
-0.0282541
-0.113185
-0.151307
0.131258
-0.00423516
0.0782471
-0.0851632
-0.0421181
0.0439115
0.101589
0.109624
0.0763549
-0.153205
-0.00501452
0.0213223
0.0771628
-0.019095
0.114408
-0.266689
0.169512
-0.0719347
0.0394113
0.110026
-0.000754565
-0.148208
-0.0127321
0.123662
-0.111308
-0.0760707
0.00371519
0.00049731
0.106223
0.00620342
0.0402508
0.029785
0.188116
-0.0859598
0.0527892
-0.092321
0.0561858
-0.065574
-0.120576
0.102837
0.0927165
0.0937026
0.0274194
0.0450186
-0.045566
0.0513013
-0.146441
0.0515419
-0.0974112
-0.0562039
0.168348
-0.110182
-0.131064
0.137073
0.125149
0.14441
0.0378782
-0.0272272
0.0522056
-0.0152788
0.136626
-0.0985016
0.518968
-0.187295
0.463742
-0.0252374
0.115792
-0.197955
0.0190546
-0.101189
-0.132832
0.301977
0.0197336
0.0252028
0.145932
0.0782343
-0.116339
-0.0267793
0.167347
-0.0212161
0.121249
0.0588911
-0.0874617
-0.160078
0.137284
0.148679
-0.0742966
-0.182958
-0.0642987
-0.0419067
0.0813605
0.0914392
0.0415519
0.138678
0.0332358
-0.0297463
-0.0493024
0.0409067
0.0244084
-0.0495124
0.195419
0.0391674
-0.110871
0.0637603
0.0775349
-0.0664522
0.0157879
0.0497964
-0.21009
-0.0507671
0.17348
0.0576933
-0.0709204
0.00237953
-0.137281
-0.0173628
0.138434
-0.185155
-0.216957
0.151337
-0.00714272
0.0676838
0.22408
0.0506978
0.12786
0.176677
-0.0253746
0.0262298
-0.0355371
-0.0897786
0.0334104
0.114364
0.270138
-0.0704642
0.0429474
0.0656546
-0.0223026
0.0736637
0.515392
0.521109
0.347035
-0.188317
0.150388
-0.388835
0.168739
-0.168894
0.0713949
0.151876
-0.00059441
0.00715717
0.145859
0.191116
-0.0280148
-0.141205
-0.176212
-0.00167639
0.148593
-0.0699382
-0.0600463
-0.0331016
0.04589
-0.0600826
0.0136999
0.0347802
0.0372308
-0.0471618
0.0189757
0.0742574
0.0126997
-0.0441018
-0.0727473
0.0680934
-0.00687214
0.138848
-0.108232
-0.0178585
0.230444
-0.00799778
-0.0210619
-0.11566
0.00937224
-0.0301002
-0.0531765
0.0374505
-0.0261601
0.155115
0.112959
0.0309802
0.00464192
-0.118623
0.0894918
-0.0704177
0.0777474
-0.107097
0.00159727
0.153315
0.255043
-0.0396663
-0.147914
-0.186264
0.0220203
0.0661401
0.136145
-0.142251
0.0261782
0.124397
-0.0866091
-0.122196
0.0431327
0.0208878
0.114444
0.0378786
-0.082
0.0557348
-0.00541605
0.715103
0.490375
0.485954
0.274519
0.00258087
-0.380978
0.236145
0.225371
0.0624281
0.124526
-0.116706
-0.326451
0.343756
-0.152715
-0.0678436
0.0572764
0.00492694
0.318762
-0.0133386
-0.0175098
0.0352477
-0.102285
0.00650898
0.0869668
-0.082029
-0.0078158
-0.283699
0.117413
0.0504612
-0.147667
-0.0149785
0.0308522
0.021768
-0.123708
-0.0668172
-0.0237063
0.00317253
0.142739
0.117363
-0.122488
0.00196972
0.0939542
0.0158512
-0.0388308
0.0884048
0.0507655
-0.113053
-0.126803
0.014474
0.0692078
-0.138175
0.0975792
-0.0278152
0.0537388
0.119495
-0.0456223
0.0844264
0.0148002
0.0901169
-0.0807593
-0.0448775
0.0323507
-0.0511579
-0.0109412
0.0720745
-0.190531
0.0311647
0.0561533
0.273325
0.14355
-0.109515
-0.0646726
-0.248353
0.0241893
0.0877528
-0.0234718
-0.0511551
0.187175
0.242194
0.595527
0.472466
0.575747
-0.0117281
0.151444
-0.00396752
0.115733
0.00327985
-0.0310525
0.0857267
0.0107144
-0.135246
0.0327912
-0.0247054
0.0158769
-0.163043
0.0735578
0.0448307
-0.0771668
0.115578
-0.0578289
-0.109927
0.0065056
0.0235181
0.0881987
-0.0172396
0.100056
0.0215682
0.0801966
-0.0457299
0.0232203
0.036739
0.0171058
0.0257449
-0.0489851
0.0358443
0.0902278
0.0833925
-0.0038534
0.103783
0.0335754
-0.0322902
0.0329983
-0.0125852
-0.0285802
-0.0180399
0.0110056
0.0402667
0.0382191
-0.0516611
-0.0505167
0.0134083
0.0505985
0.0817565
-0.107354
-0.0643563
0.0278685
-0.005823
-0.0715176
0.0765773
-0.0962557
-0.0936439
0.0905985
-0.061333
0.0151487
-0.000366095
0.0453944
-0.0273168
-0.084296
-0.0405418
0.0421868
0.0249135
0.127797
-0.0322468
0.036197
0.031172
-0.042952
0.0174234
0.0295606
0.0158086
-0.0121472
-0.0852473
0.0909896
-0.101021
0.0323297
-0.0655136
0.011669
0.0116457
0.000953621
-0.0407994
0.0531785
-0.0908016
0.033421
-0.00146459
0.119146
-0.0174441
0.0316592
-0.0461454
0.00516361
0.0157469
0.0221421
0.0533888
0.00473354
0.135141
-0.0522341
-0.0983241
0.0181969
0.0433582
0.0315091
-0.0331459
-0.0516036
0.05061
0.0738924
0.146818
0.0712916
-0.105922
-0.0239753
-0.00879298
-0.0889321
-0.0979478
-0.00191852
-0.0124403
-0.0158232
0.0710444
-0.0211623
0.0396169
0.0270307
-0.0499022
0.000470395
0.107258
-0.0594828
-0.0213201
-0.0606051
-0.137964
0.0511671
0.0349743
0.128149
0.128449
0.0726245
0.0362216
0.00660069
0.00275222
0.0178849
-0.0500579
-0.0303052
-0.0138866
-0.0521403
0.0195784
0.100117
0.036571
-0.0575215
-0.0190364
0.0120061
0.0558791
-0.0444094
-0.0381501
-0.0326319
0.0312482
0.157397
-0.0972488
0.0303885
-0.0776709
-0.071554
0.0659996
0.107662
-0.0880023
0.0279628
0.0170057
-0.0706721
0.0431143
0.0762505
0.10397
-0.136435
0.059225
0.105865
-0.0551347
-0.0201001
-0.00625012
0.0156824
-0.0961365
0.00864159
-0.119703
-0.035445
0.102819
-0.195082
0.0866649
0.116688
-0.0220662
0.0473696
0.00669339
0.0631692
0.0307818
-0.0260429
-0.0883301
-0.0850285
-0.0304796
0.107892
0.0626003
0.170243
0.0450455
-0.0417152
0.135718
-0.0448451
-0.102986
0.000854321
0.00854122
0.0170131
-0.0287403
0.0293072
0.0209542
0.0628054
0.0320113
-0.0784193
0.0497965
0.031887
0.115311
0.0161815
-0.025063
0.0047372
0.0740679
-0.0857226
0.0211639
0.0273971
-0.0726347
-0.00911379
0.0323323
0.0448527
-0.021574
-0.00180904
-0.0713947
-0.0111753
-0.11981
0.0114953
0.0147005
-0.0137332
0.0617327
-0.0462985
-0.0436724
-0.00794171
0.0634645
-0.00930347
0.132377
-0.08627
-0.0126249
0.140087
0.183181
0.0848313
0.0424145
0.0509124
0.01443
0.115556
0.010598
-0.0106096
-0.0757211
0.151048
-0.00884342
0.00538125
0.0824388
-0.0726314
-0.0539555
0.0704374
0.0506408
0.0160467
0.0315559
0.0681733
-0.0414953
-0.0959619
-0.0022959
-0.0189427
-0.0197284
0.0119624
-0.00446335
0.101968
-0.0126715
0.0391686
0.0259927
-0.041943
0.0811153
-0.0784537
0.0688504
-0.0621875
0.0641199
-0.114035
0.00245581
0.0669362
0.0245203
-0.000545066
0.00734388
-0.0162217
-0.0557575
-0.0338736
-0.0493329
-0.000402194
-0.142845
0.0638754
0.00253108
0.0231174
-0.00428969
-0.062943
0.0398279
0.0403698
-0.0596911
-0.131205
0.162005
-0.0239375
0.0495877
-0.0600507
0.0833356
0.0334214
0.0469482
0.0294594
0.0181694
-0.0346338
0.00604931
0.021644
0.066377
0.0845638
-0.047297
-0.0718962
0.0273541
0.0316461
-0.0443257
0.097431
-0.210365
-0.0265289
0.129899
0.130492
0.176591
0.232638
0.066399
0.0159207
-0.128287
-0.000832432
-0.0175961
0.0521819
-0.0865732
0.0127094
0.135464
0.035187
0.00614614
-0.0117272
0.00589232
-0.00673432
0.0530343
-0.0217966
0.0231889
0.0704581
0.0225229
-0.0461214
0.0870593
0.0132852
0.0392153
-0.145124
-0.0672653
-0.106639
0.0163915
0.0631667
0.0239868
-0.0660156
0.0404233
-0.0290103
-0.0872255
0.0310658
-0.0157251
-0.00888835
-0.033002
0.023608
-0.0146547
-0.00679647
0.0170628
-0.0495417
-0.0205244
-0.0279813
0.0111723
-0.0751564
-0.0826646
0.134123
-0.00697926
-0.0135874
-0.0237362
-0.0229879
0.0316113
-0.00320398
-0.189945
0.0436626
0.0494105
-0.0154317
-0.152119
0.0446744
0.10369
-0.0147562
-0.0503496
-0.0460645
-0.0229093
0.0298872
-0.0229636
0.0332912
0.0142828
-0.0418349
-0.109231
0.0349902
0.023507
0.0013897
0.00540182
-0.00282569
0.0893785
-0.0495462
0.0843353
-0.162033
0.177023
0.219164
0.191053
0.189845
-0.0320785
0.173016
0.141456
-0.0452433
-0.157672
0.0768551
0.0248202
0.0314656
-0.157964
-0.0361122
0.047192
0.185299
-0.090475
-0.00875204
-0.101524
0.0468194
0.0989379
0.00996225
-0.045032
-0.0746423
-0.0328362
-0.0634022
0.0382102
0.168006
-0.0759232
0.0581682
0.0238608
-0.0796556
-0.086137
0.0668553
0.195242
-0.201345
0.000721958
0.152285
-0.0654899
0.049753
0.00950999
-0.0880364
0.0102428
-0.0290164
0.088513
-0.141303
0.066848
0.00356236
0.0517821
-0.0454739
0.0416588
0.119903
-0.0920602
-0.112285
0.116269
-0.062518
0.0865686
-0.126725
0.0114947
0.108109
0.0501718
0.0966549
0.0704306
0.113029
0.0147915
0.0125583
0.00580173
0.0297566
-0.0166909
-0.0506246
0.0312454
0.066651
0.0235888
0.263224
0.0930185
-0.0240342
-0.0899372
0.0976302
-0.0995136
0.103684
0.0408296
0.0653899
-0.124267
0.282156
-0.0363225
-0.0147604
0.0395882
-0.0075659
-0.0331315
-0.0191987
-0.0866814
0.103039
-0.0160483
-0.0648792
-0.0995381
0.101426
0.00984094
-0.0595188
0.124678
-0.0481955
-0.075401
0.0698792
0.0517913
-0.0227089
0.0680047
-0.12338
0.143993
-0.0849111
0.0379403
-0.0454036
-0.148305
-0.00321027
0.120732
0.0520575
-0.116865
0.0563104
-0.0999791
0.195463
0.0705044
-0.0527772
0.0692246
0.0468026
-0.0592288
0.0825144
-0.044063
0.165364
0.139295
-0.0477664
-0.0737879
0.0347188
-0.0109829
0.000617843
-0.147231
-0.0480078
0.0517492
-0.00538979
0.0637109
0.128318
0.0670862
0.0543767
0.138518
-0.0730749
-0.0306179
-0.040806
-0.159049
-0.0393939
0.0524611
-0.0787681
-0.0820209
0.1027
-0.00146012
0.0081595
0.0454744
-0.102421
0.186779
-0.243562
0.0340939
-0.121167
0.0598777
0.117886
0.0855343
-0.0831225
-0.0452601
-0.058081
0.107567
-0.0391445
-0.0928899
0.0851705
0.251399
0.016596
0.045694
-0.0085154
-0.0235657
-0.0192581
0.307902
0.0436886
-0.184081
0.0467944
0.0374155
-0.0917078
-0.0568697
-0.0931681
0.114004
0.328035
0.0997901
0.0377369
-0.119497
0.207705
-0.00103786
-0.0206308
-0.107566
-0.094874
0.00914639
-0.0109475
0.0197393
0.0621071
0.0255824
0.0578871
-0.0882134
0.194852
0.062732
-0.152248
-0.00373626
0.0447718
0.0764962
-0.125187
0.0932912
0.182415
0.00879821
-0.102489
0.0251073
0.017192
0.0505385
-0.00825975
0.0217409
-0.0281358
0.11932
-0.104067
0.145043
-0.0699722
-0.00149418
0.0453479
0.0816037
0.0424978
-0.0168772
0.0741297
0.00316394
-0.0385624
-0.0115283
-0.130336
-0.130568
0.19922
-0.0654177
-0.04829
0.0271791
-0.0834498
-0.0243806
-0.0155258
0.0810003
0.0272533
-0.0330726
0.0644298
0.108299
-0.0165142
-0.113238
0.141773
-0.17612
0.107983
-0.0368029
-0.0627077
-0.178113
0.270837
-0.0138292
0.0757437
-0.263887
-0.00760978
-0.00429987
0.0434531
-0.0113685
0.0689802
0.451943
0.438691
-0.0539098
0.198619
-0.316856
0.0166085
0.34813
0.0239315
0.145558
-0.141203
-0.00751936
0.062981
-0.0145939
0.0880303
0.0091294
0.0355224
-0.025721
-0.0525372
0.0582713
-0.0891595
0.0833576
-0.0637586
-0.0595624
0.0214331
-0.031932
0.0642513
0.0540919
0.024534
0.000552212
0.00756334
0.150697
-0.110069
0.155651
0.0586844
0.0393763
-0.0356002
-0.105249
-0.0560583
-0.134407
0.0589393
0.0290011
0.0867841
-0.0695413
-0.0237117
0.00427647
0.0235713
-0.0114502
-0.0511861
-0.122352
-0.0245971
0.0851424
0.0742921
0.111221
-0.10456
-0.0531095
-0.00653777
-0.192312
0.0849173
-0.165085
0.134822
-0.0135478
-0.0116546
-0.029656
0.0285169
-0.0912574
-0.0106529
0.142216
0.00219496
0.078673
0.0972526
0.0517217
-0.0228499
-0.133564
0.0262605
-0.0216208
0.0520148
0.0788818
0.0353049
0.131402
0.072938
0.0256501
-0.174424
-0.0241416
0.0254948
-0.0174841
0.0221267
0.0113362
0.369144
0.400998
0.309191
-0.152993
0.061154
0.0523068
-0.0316711
0.0157452
0.0565423
-0.0854816
-0.0265016
-0.00574968
-0.144426
-0.00754989
0.0372907
-0.136194
-0.0523708
0.126364
0.0383247
-0.00889527
0.0418225
0.0967428
0.0300085
-0.132212
0.156985
0.198087
-0.155887
-0.00853078
-0.0870642
-0.00890485
0.0894037
-0.103535
-0.076631
0.063059
0.0401586
-0.181349
-0.00295711
0.0659084
-0.0125642
-0.043295
-0.129729
0.0690597
-0.00280997
0.049839
-0.0389502
-0.0182601
0.0244413
0.0823848
0.015381
-0.0468925
0.139452
0.0450195
-0.0167299
-0.102584
0.0715021
0.116233
0.162245
0.0859755
-0.0311291
0.0836146
-0.0740137
0.128609
0.00864955
0.0771875
-0.0367874
0.0151593
0.0190646
-0.0620509
-0.0449551
-0.136165
-0.170549
0.208129
-0.0526788
-0.0848209
-0.00376584
0.108978
0.0462738
0.0267211
-0.129767
-0.122985
0.0664002
-0.0187889
0.138338
0.0458364
0.022386
-0.0111007
0.0618589
-0.150067
0.330461
0.425859
0.434387
0.345065
0.143971
0.0956694
0.0401592
0.159719
0.0380477
0.126353
0.0327405
0.00299795
-0.093508
0.0448691
-0.0168003
-0.0146447
0.107529
-0.038176
0.0462972
-0.110915
0.141591
0.0526276
-0.0449144
-0.0175579
0.136848
-0.022099
0.0251049
0.139795
0.0181356
0.0229184
-0.0853642
0.0441349
0.118692
-0.138981
0.0793307
-0.0503654
-0.0296458
0.131456
0.0763271
-0.0697292
-0.0265765
0.0607065
0.0117885
-0.0393044
-0.0678327
0.00076943
-0.0190183
-0.0487332
0.0291849
0.00951275
0.229952
-0.146854
0.10778
-0.062297
-0.185026
0.0154768
-0.200218
0.210822
0.140289
-0.0762599
0.11179
0.125849
0.0856397
0.122273
-0.144987
0.031279
0.120775
-0.00719835
0.202543
-0.0697964
-0.0205505
-0.0195813
-0.14413
0.27701
-0.0192138
-0.0940974
-0.131914
-0.144294
0.0518978
-0.0581634
-0.112919
0.181476
0.0733461
0.318359
-0.152659
-0.103138
0.0124985
-0.101742
0.127377
-0.0565208
0.0940481
-0.0473598
0.0683263
-0.0227974
-0.0882247
0.0465481
0.0648663
0.0625806
0.0229522
-0.107867
-0.156163
-0.034661
-0.0693947
0.0136345
-0.0785033
0.0245181
-0.0643226
0.000498342
0.00714555
0.129149
-0.062312
0.0418482
-0.0764364
-0.0152943
-0.0162791
-0.148243
0.0547519
0.166709
0.109102
-0.145196
-0.116322
0.237801
-0.154655
0.137603
-0.123914
-0.0690431
-0.06199
0.0390156
0.169816
-0.0257711
0.00514758
0.00185486
0.0997649
0.0248029
0.0679159
0.0488891
-0.0281984
-0.0266655
0.0168011
0.0532126
0.0291378
-0.141969
0.123122
-0.136635
-0.148077
0.0600104
0.228277
0.00085929
0.0203571
0.0943142
0.00705509
0.102274
-0.0269697
0.025075
0.0261908
-0.0479438
-0.0345214
-0.0068824
0.0626705
-0.106742
0.166441
0.040925
0.172012
-0.1269
0.145321
0.0969913
-0.129376
-0.04535
0.101032
0.252713
-0.122108
0.0480641
-0.268535
-0.269032
0.0609197
-0.118398
0.0352655
-0.0465409
-0.0492226
-0.0437909
-0.000489112
0.212336
0.0707551
0.130018
0.332799
0.288912
-0.189613
0.0715132
0.204271
0.0326577
-0.0108963
-0.141745
0.114018
0.333102
0.0611428
-0.0991897
-0.0469745
0.108736
0.155187
0.0528112
0.08596
-0.018264
-0.119452
0.0854884
0.0608708
-0.0269331
0.214428
0.145213
-0.184894
-0.00668612
0.258113
-0.124552
-0.0416946
-0.086063
-0.0285447
0.0935037
-0.141275
0.0782138
0.0263665
-0.101284
0.101853
-0.12933
0.0177893
0.121705
0.0133847
0.0332817
-0.00352124
-0.00750333
-0.0287984
-0.0465865
-0.0953031
0.0470396
0.141799
-0.131158
0.139656
0.103338
0.00631058
-0.055134
-0.0419686
0.0595104
0.108569
-0.140471
-0.0575109
0.0996214
0.0995268
-0.018677
0.00435426
-0.0434294
-0.012774
0.0268317
-0.0876295
-0.122967
0.048621
0.0642813
-0.0923548
-0.0607472
0.0958015
0.177698
-0.112473
0.00816384
0.240986
0.0236915
-0.0328628
0.0438838
-0.545207
0.0336912
-0.0219497
-0.0723422
-0.0162154
-0.0740046
0.0403428
0.13093
-0.061776
0.0110435
0.0160242
0.556083
0.40128
0.063389
0.0378306
0.0703636
0.23798
-0.158456
0.0501702
0.015434
-0.0190096
-0.0396489
0.0948623
0.0330434
0.00555851
-0.0257922
-0.127009
-0.00925928
-0.0137338
-0.0137083
0.0383613
0.0891374
-0.0976643
0.104998
0.0468291
-0.156564
-0.0849531
-0.0466776
0.0784531
-0.0243116
-0.0256062
-0.0503046
0.141135
-0.0855106
0.0584078
0.0906185
-5.26034e-05
-0.0151785
0.0589984
0.1555
-0.0332405
-0.0287208
-0.0585108
-0.125795
0.0107556
0.0969805
0.0855313
0.112923
0.035105
-0.0606761
0.223642
0.00545008
-0.173556
0.247188
-0.268461
-0.0181036
-0.0528716
0.0438439
-0.0394226
0.149203
-0.0909054
0.00353208
0.0929071
0.120414
-0.0210731
-0.0189693
-0.0161106
0.0342666
-0.147922
-0.206333
0.17674
0.135112
0.113764
0.0368252
-0.0809038
0.06879
0.113828
-0.0654328
0.0945796
0.473858
-0.202691
-0.0847444
0.184782
0.00789836
0.134944
0.0238607
0.125917
-0.0592233
-0.0764216
-0.0718706
-0.0174511
0.108629
-0.0922071
0.498268
0.608037
0.219668
-0.071538
0.264714
-0.0151107
-0.154233
0.0792061
0.0153645
0.108159
0.003219
-0.0809081
-0.204059
0.0245784
-0.0852078
0.0140711
-0.0014886
0.0360986
-0.00500165
-0.0470523
-0.0402498
0.0307186
0.139713
-0.114754
0.0589316
0.0677314
-0.165804
0.0707074
-0.162713
0.35807
0.0798432
0.0633205
-0.0170058
0.0203867
0.181905
0.0237571
-0.00081012
-0.145714
-0.0795556
-0.0133506
0.0977111
-0.0160074
-0.0264621
0.0787087
0.000177686
0.0582558
0.00694553
-0.0463996
0.192313
-0.146129
0.0505637
-0.0842964
0.0980368
-0.0944532
0.134065
0.0530812
-0.0900401
-0.0859941
0.0122534
-0.0691209
0.105039
-0.109723
0.0203024
0.0836982
-0.0967926
0.0246602
0.027565
-0.218942
0.0758965
0.147132
-0.0582794
-0.0861818
0.0926248
0.0557133
0.00909762
-0.0371364
0.126141
-0.113367
-0.212357
-0.447175
-0.309295
0.237148
-0.0237887
0.120621
0.00734546
-0.0290813
-0.00508962
-0.023184
0.106414
0.0145445
0.124913
-0.168224
-0.00483725
0.540901
0.35755
0.551958
0.432372
0.0708398
-0.16135
0.0286757
-0.184373
0.123876
0.0878533
-0.0366219
-0.0669342
-0.241034
0.111307
0.100115
-0.150571
0.0762405
-0.0806307
-0.00339834
0.0413524
0.0526445
-0.0552389
0.0513669
-0.0678992
0.141058
0.0612711
0.0802872
-0.203687
-0.134997
-0.0859051
0.0962357
-0.0577977
0.0714161
0.0464414
-0.0338942
0.0672889
-0.0124844
-0.0534836
0.0572419
-0.112743
-0.0772458
0.0756968
-0.0293241
0.0590652
0.0197812
-0.104529
0.0310683
-0.0108727
0.0883491
0.047719
0.108861
0.00781961
-0.100486
0.04015
0.0435795
0.0924694
0.0559514
-0.061404
0.0554029
0.0336048
-0.00960987
-0.149073
0.00847073
0.117523
0.0637674
0.00505794
-0.0906717
-0.10467
-0.0322222
0.0838803
-0.0391782
0.0701777
-0.0561475
0.111063
-0.0249715
-0.0310803
-0.0462719
0.0198617
0.0438623
-0.174456
0.134803
-0.035986
0.244508
0.00489376
0.0242413
0.0285824
0.0154627
-0.000424246
-0.131623
-0.0553407
0.0603044
0.00087603
-0.00627137
0.0447324
0.14652
0.0217339
0.100796
0.0147606
-0.230165
-0.111634
0.0332018
-0.104003
0.18178
0.0414015
-0.0808761
-0.0145111
-0.0332416
0.286887
0.0510386
-0.101119
0.121317
0.0100762
-0.0285581
-0.0789296
-0.0176817
-0.0383062
0.052947
0.100807
-0.0760694
-0.0620615
-0.0796657
-0.0138822
0.21058
0.019443
-0.065563
0.138255
-0.0125767
-0.023866
0.0210999
-0.0505358
0.0203093
-0.0924954
-0.1192
0.162787
0.0176173
0.0682634
-0.0628268
0.1233
-0.0644815
-0.0838746
0.0620884
0.103224
-0.0207421
-0.0870859
-0.0368883
0.144504
0.073451
0.0483317
-0.0584409
-0.193246
0.0722385
0.0383241
0.0390011
0.10711
0.0285223
0.148249
-0.023288
-0.0869491
-0.0255133
0.0208178
-0.0722575
0.00879371
0.0235774
0.124628
-0.131932
0.204873
-0.150494
0.0646354
0.200014
-0.0634585
0.0533678
0.00760117
-0.0265346
-0.0118317
0.118573
0.0905542
-0.0909537
-0.116686
0.0267114
-0.0152108
-0.0140674
0.0171057
0.0290707
0.0866224
-0.0317157
0.0578988
0.0099584
0.0193243
-0.0182871
-0.163717
-0.0437965
-0.127549
0.100416
0.153564
0.460647
-0.151056
-0.068723
0.170066
0.00577649
-0.0202812
0.214329
0.0439517
0.022904
0.0508213
-0.0841788
0.0633984
-0.0683304
-0.0993099
0.00388288
-0.0227148
0.0282004
0.0106439
0.0809177
-0.0538507
0.15413
0.0756267
-0.143622
0.00314896
0.0885594
-0.140022
0.115787
0.0425709
0.0251494
-0.0585902
-0.0962114
0.0906002
-0.0285093
0.0288619
-0.0218971
-0.0290285
0.104082
-0.023715
0.000833615
0.0270231
0.0222438
-0.0114655
0.0345017
0.0400141
-0.0637635
0.00648678
-0.0895057
-0.00203823
0.0280461
-0.0302837
0.0923939
0.119984
0.0153561
0.0816407
-0.00224118
-0.0901353
0.162844
-0.077758
0.063051
-0.0605285
0.0514519
-0.00601133
-0.0239583
0.101226
0.0548377
0.0268904
-0.0978999
-0.0530415
0.036095
0.108261
-0.140351
0.0114089
-0.0236674
-0.0150567
0.174095
-0.00652892
-0.0694774
0.0344321
0.207544
-0.0357239
0.224376
0.0589962
-0.0121251
0.0128412
-0.0606067
0.0184703
-0.0306168
0.0623666
0.0315099
0.033796
0.0598993
-0.0255965
-0.0138592
0.140249
-0.0764549
0.0288219
0.197027
0.234464
-0.156722
0.156165
-0.197254
0.090418
-0.0498304
-0.0723457
0.0707717
-0.0793736
-0.0630837
-0.00357245
-0.0319441
0.0606262
-0.081904
0.0356308
0.106017
0.0139725
-0.027011
-0.0179862
0.01483
0.0285385
0.027125
0.104674
0.0535942
0.058569
-0.0612602
-0.027883
0.0549686
0.00374107
0.0426531
-0.0476613
0.0439434
-0.0687055
-0.0413365
0.0156826
-0.0277471
-0.0127544
-0.0337839
-0.0691894
0.0399836
0.0497524
-0.0107756
0.0938781
0.00284695
0.0501736
-0.0201869
0.111447
-0.100794
0.141486
-0.100971
0.0451144
0.106334
-0.13292
-0.0726311
-0.0297114
-0.159406
0.13416
0.0380633
-0.0199646
-0.141786
0.0224148
0.0417423
0.105858
-0.0791781
-0.0268466
-0.0408191
0.0425941
0.127934
0.119532
0.106772
-0.141837
-0.0339565
0.0125185
0.0715072
0.0180792
-0.0484102
0.27766
-0.180046
0.0944945
0.0433787
-0.0562997
-0.0389976
0.0347782
0.0189393
0.0814399
-0.0351844
-0.00918402
0.0936634
-0.00802061
-0.080989
0.0374896
0.0425672
-0.0446232
-0.113556
0.0204727
-0.0726411
0.225453
0.252944
0.253928
0.158638
-0.207192
0.0548025
0.0884921
0.205818
0.0789886
0.00877534
0.108819
-0.136385
0.0160553
0.06748
-0.0853999
0.0610292
0.0927184
0.0561469
0.0106786
-0.0582078
-0.011883
-0.0760401
-0.0869825
0.0697724
0.0243666
-0.0345668
-0.134366
0.00747318
0.0369862
-0.0320658
-0.0412408
0.0958485
0.0546322
-0.156321
0.0635284
0.159984
0.0044277
0.048355
-0.0578386
-0.0183464
0.0755609
-0.0826381
0.0252028
-0.0235654
-0.129467
-0.0559297
0.0131296
0.0946528
-0.087898
-0.0952114
0.029403
0.093079
-0.053015
-0.00401382
-0.00632592
-0.0726892
-0.00643849
0.0847205
-0.142724
-0.026256
0.0492077
0.152909
-0.0201862
-0.0375667
-0.00673249
-0.0368683
0.0612265
-0.0436325
0.0330518
-0.0343895
0.0148447
-0.131567
0.0357
0.031676
-0.000422426
0.0460774
-0.159161
0.0076212
-0.0797083
0.0674294
-0.166368
0.0650886
0.103074
0.0133043
0.0272732
-0.0429277
-0.0606582
0.0128033
0.0408069
-0.140377
-0.0548
0.0335333
0.0159603
0.0640616
0.19558
0.0646675
-0.03208
-0.102181
0.215211
0.307064
0.412405
0.419509
