2.8651669025421143
2.952061891555786
3.0086758136749268
2.946017026901245
2.956838846206665
2.949157238006592
2.975173234939575
2.9821081161499023
2.980060338973999
3.0203208923339844
2.919738292694092
2.962891101837158
2.9643571376800537
2.9184489250183105
2.9513041973114014
2.911461114883423
2.8867969512939453
2.916433095932007
2.9844131469726562
3.0342440605163574
2.9290387630462646
2.8981828689575195
2.9803950786590576
3.067448139190674
2.9740469455718994
3.028336763381958
2.957413911819458
2.9920692443847656
2.9642298221588135
3.1274728775024414
3.0359628200531006
2.9391980171203613
2.928086042404175
3.0893971920013428
2.894353151321411
2.917736291885376
2.963620901107788
3.0030009746551514
2.8901538848876953
3.0229270458221436
3.0374951362609863
2.942986011505127
2.915903091430664
2.921135187149048
2.9417099952697754
2.982734203338623
2.903747081756592
2.8885557651519775
2.976501941680908
2.9590489864349365
