11.226978063583374
12.0585777759552
11.552289009094238
11.467258930206299
11.340014934539795
11.562432050704956
11.168569087982178
11.251088857650757
11.623373031616211
12.083479881286621
11.650164127349854
11.815140962600708
11.216060876846313
11.250305891036987
11.291295051574707
11.295796155929565
11.380221128463745
11.522812128067017
11.422883749008179
11.32518482208252
11.473359107971191
11.192253112792969
11.293028116226196
11.344449996948242
12.142691135406494
11.43464708328247
11.229192018508911
11.232020139694214
11.55347204208374
12.188868045806885
11.362185001373291
11.545881986618042
11.418751955032349
11.248023986816406
11.520510911941528
11.493641138076782
11.844759941101074
11.279764890670776
11.324703931808472
11.310650110244751
11.494699954986572
11.618910074234009
12.77533507347107
13.608892917633057
11.469206809997559
11.467332124710083
11.370888948440552
11.31309199333191
11.267170190811157
11.447433948516846
