3.1483259201049805
3.205383777618408
3.1945271492004395
3.157728910446167
3.1947379112243652
3.1578633785247803
3.11694598197937
3.14731502532959
3.471235752105713
3.160430908203125
3.1185219287872314
3.2158210277557373
3.1554670333862305
3.184375762939453
3.2424211502075195
3.1475207805633545
3.1497180461883545
3.199525833129883
3.1504762172698975
3.162074089050293
3.3592019081115723
3.168699026107788
3.156134843826294
3.1718621253967285
3.207791805267334
3.391073226928711
3.1480610370635986
3.109981060028076
3.1620280742645264
3.289086103439331
3.187540054321289
3.161104202270508
3.115334987640381
3.213963031768799
3.161674976348877
3.403975009918213
3.1691360473632812
3.1143369674682617
3.123810052871704
3.174041986465454
3.366111993789673
3.1479392051696777
3.227786064147949
3.1126868724823
3.1345863342285156
3.1485159397125244
3.1326370239257812
3.216428756713867
3.1447062492370605
3.194571018218994
