0000010000000001110000000011110000000100100000000001100000000011000011000010001111111100010001111000011111010000000000000
0000000100000000111100000001001000000000010000000000100000110010000010011100001000110000010011100000111000000000000000000
0000000000000000000000000000000000001111000000000010000000011000000001101111100111100000000000000000000000000000000000000
0000000000000000000000000001100000011111100001111111000000001100000000011000000011111111000111110100000000000000000000000
0000000000000001110000000010110000000100100000000001000000000110000000001000000001110000000010110000000110000000000100000
0000000010000000111100000001101000000000010000000000100000000011000110001100001011111000010111100000011000000000000000000
0000000000000001111000000110011000000000100000000001000000000100000000011000000000100000000010000000001100100000011110000
0000010000000011110000000110010000001000100000000001000000000010000000001000000000010000000111111110111100000000100000000
0000111000000011101000000111011000000100110000000000100000000001000011110110001110111100001000111000011111101100000000000
0000110000000011001000000100001000000000010000000000100000001011000001101110000100111100001011001000011000000000000000000
