0001000000000110000000001100000000010000000000100001100001101111100011111011000011111110000011111000000000000000000000000
0001000000000110000000001100000000010000000000100001100001101111100011111011000011111110000011111000000000000000000000000
0000000110000000011110000001100000000010000000001100000000111110000011000110000100001100001100110000001111000000000000000
0000000110000000011000000001100000000110000000011000000001101110000011010010000110001100001100110000001111000000000000000
0000000100000000011000000001000000000100000000001000000000110111000001110011000011001100000011110000000000000000000000000
0000000110000000011000000001100000000110000000011000000001101110000011010010000110001100001100110000001111000000000000000
0000001000000000110000000011000000000100000000011011000000101111000011001110000110001100000111110000000110000000000000000
0000000110000000011110000001100000000010000000001100000000111110000011000110000100001100001100110000001111000000000000000
0000000100000000011000000001000000000100000000001000000000110111000001110011000011001100000011110000000000000000000000000
0000011000000001100000000110000000001100000000110011110001100100100011011001000110100110000111111000000111000000000000000
0000000000000000000000000000000000000000000000000000000000000000000000000000000000000000000000000000000000000000000000000
1111111111111111111111111111111111111111111111111111111111111111111111111111111111111111111111111111111111111111111111111
