0000000000000111111110000100111000011000000000110000000001111000000011111110000000000110000010000100001100011000001111100
0000000000000000000010000011111110000111111000011110000000111110000001000100000000001000010000110000110011100000111100000
0000000000000011000000001111111110011111000000111000000000011110000000000110000000000100000000111000000111100000111100000
0000000000000000000010000001111110001110000000011111000000110011000011000010000100000100000000001000111111100000011100000
0000000000000000001111000011111100011100000001110000000001111100000000011100000010001100001100011000011111100000011110000
0000000000000111111110000100111000011000000000110000000001111000000011111110000000000110000010000100001100011000001111100
0000000000000000000010000011111110000111111000011110000000111110000001000100000000001000010000110000110011100000111100000
0000000000000000000010000011111110000111111000011110000000111110000001000100000000001000010000110000110011100000111100000
0000000000000000000010000011111110000111111000011110000000111110000001000100000000001000010000110000110011100000111100000
0000000000000000000111000001111000000011000000001100000000111110000000000110001100011100011111100000000000000000000000000
0000000000000000000000000000000000000000000000000000000000000000000000000000000000000000000000000000000000000000000000000
1111111111111111111111111111111111111111111111111111111111111111111111111111111111111111111111111111111111111111111111111
