0000000000000000001100000000111000000001100000000111000000001100000000110000000001100000000110000000001100000000000000000
0000000010000000001100000000110000000001000000000110000000001000000000110000000001000000000110000000001110000000001000000
0000000000000000001100000000111000000001100000000111000000001100000000110000000001100000000110000000001100000000000000000
0000000000000000001000000000100000000001000000000010000000000100000000010000000000100000000001000000000100000000001000000
0000000000000000110000000001100000000011000000000100000000001000000000010000000001100000000011000000000110000000000100000
0000000000000000001100000000111000000001100000000111000000001100000000110000000001100000000110000000001100000000000000000
0000000000000000110000000001100000000011000000000110000000001100000000011000000000110000000001100000000011000000000100000
0000000000000000001000000000100000000001000000000010000000000100000000010000000000100000000001000000000100000000001000000
0000000000000000001100000000111000000001100000000111000000001100000000110000000001100000000110000000001100000000000000000
0000000000000000001100000000111000000001100000000111000000001100000000110000000001100000000110000000001100000000000000000
0000000000000000000000000000000000000000000000000000000000000000000000000000000000000000000000000000000000000000000000000
1111111111111111111111111111111111111111111111111111111111111111111111111111111111111111111111111111111111111111111111111
