0000000000000000000000000011110000001100100000010011000000110100000000111000000000110000000000100000000011000000000110000
0000000000000000000000000111000000001100000000010110000000111110000001111100000000001000000000010000000000100000000001000
0000000000000000000000000011110000001100100000010011000000110100000000111000000000110000000000100000000011000000000110000
0000000000000000100000000011100000001001000000010011000000111110000000000100000000001000000000010000000000100000000001000
0000000000000000000000000111000000001100000000010110000000111110000001111100000000001000000000010000000000100000000001000
0000000000000000010000000011010000000100100000010011000000101110000001111100000011010000000000100000000011000000000100000
0000000000000000011100000001110000000110100000011111000000111110000000111000000001110000000111000000001100000000110000000
0000000000000000000000000111110000001111100000010011000000101100000000111000000000110000000001100000000011000000000100000
0000000000000000011100000001110000000110100000011111000000111110000000111000000001110000000111000000001100000000110000000
0000000000000000010000000011010000000100100000010011000000101110000001111100000011010000000000100000000011000000000100000
0000000000000000000000000000000000000000000000000000000000000000000000000000000000000000000000000000000000000000000000000
1111111111111111111111111111111111111111111111111111111111111111111111111111111111111111111111111111111111111111111111111
