0000010000000011110000001100100000000011000000011111000000110011000000000011000000000110001000011100011111110000001000000
0000011100000000111100000000001000000000110000011110000000111110000000000010000000001100000001110000111110000001100000000
0000111000000111111000001000010000000001100000011111000001111111000000000011000000000010000100001100001111110000001110000
0000000000000111110000001001100000000011000000001100000000111110000000000110000000000100000000011000001101100000001110000
0000000000000000010000000111110000011001000000010110000000001000000000110000000011111000000100011000000000100000000011000
0000000000000111110000001110111000000000110000000011000000011100000000111100000000011000000000011000000011100000011110000
0000000000000001111100000000011000000001100000001111000000010110000000001000000000110000010011000000111100000000010000000
0000010000000000111100000000011000000011000000001100000000011100000000001110000000001000000001110001111110000010000000000
0000000000000111100000011111100000000001100000000110000000011111000000101110000000000110000001001000000110110000000111000
0000000000001000000000010111000000111011000011100111000010011111000000110001000000000011000000000100000111111000000111000
