0000000000000000100000000011000000000100110000001110000000011100000000101100000001011000000010100000000111000000000000000
0000000000000111111000011000011110011000011000011001100000001110000000011100000001001100000110001000001001110000001110000
0000000000000001111110000111111100011101110000110111000000111100000001111000000111111000001110111000001111111000000111000
0000000000000000011100000011111000000110011000011111100000011110000001111000000011110000001101100000011110000000111100000
0000000000000001111110000111111100011101110000110111000000111100000001111000000111111000001110111000001111111000000111000
0000000000000001111110000111111100011101110000110111000000111100000001111000000111111000001110111000001111111000000111000
0000000000000111111000011000011110011000011000011001100000001110000000011100000001001100000110001000001001110000001110000
0000000000000001110011000111101100011001111000110111000000111100000001111000000011111000001110011000011111110000000100000
0000000000000000001011000111101100110000110001110011000000111100000000111100000011001000001100010000010001100000111100000
0000000000000000111100000001111000000111100000001111000000011100000000111000000011110000001101100000011111000000111000000
0000000000000000000000000000000000000000000000000000000000000000000000000000000000000000000000000000000000000000000000000
1111111111111111111111111111111111111111111111111111111111111111111111111111111111111111111111111111111111111111111111111
