0000000000000000000000000000000000001111000000000010000000011000000001101111100111100000000000000000000000000000000000000
0000000000000001110000000010110000000100100000000001000000000110000000001000000001110000000010110000000110000000000100000
0000000010000000111100000001101000000000010000000000100000000011000110001100001011111000010111100000011000000000000000000
0000000000000001110000000010110000000100100000000001000000000110000000001000000001110000000010110000000110000000000100000
0000000000000001110000000010110000000100100000000001000000000110000000001000000001110000000010110000000110000000000100000
0000010000000001110000000011110000000100100000000001100000000011000011000010001111111100010001111000011111010000000000000
0000000000000001110000000010110000000100100000000001000000000110000000001000000001110000000010110000000110000000000100000
0000111000000011101000000111011000000100110000000000100000000001000011110110001110111100001000111000011111101100000000000
0000000010000000111100000001101000000000010000000000100000000011000110001100001011111000010111100000011000000000000000000
0000000000000000000000000000000000001111000000000010000000011000000001101111100111100000000000000000000000000000000000000
0000000000000000000000000000000000000000000000000000000000000000000000000000000000000000000000000000000000000000000000000
1111111111111111111111111111111111111111111111111111111111111111111111111111111111111111111111111111111111111111111111111
