0000010000000001100000000011110000001110110000111000100001100001000011000110000110001100000111110000000111000000000000000
0000001000000000111000000011111100001111111000011000110001100000100010000011001100001100011001110000011111000000010000000
0000001100000000110000000011001000000100010000011000100000100001000011000010000110001100000111110000000111000000000000000
0000000000000001100000000111100000001101100000001001000000010010000000100100000011011000000010110000000111000000001100000
0000000000000000001110000000111100000111110000011101100000110011000011001100000110111000011111000000111100000000100000000
0000001000000001111100000111001100011100001000111100010011000000110110000001001100000110011000011000011111100000011000000
0000000000000000111000000011001000001100010000010000010001000000100010000001000100000010001000001000011111100000001000000
0000000000000001111000000111110000001000110000110000100001100001000011000010000110000100001100011000001111100000000000000
0000000000000000000000000011100000001110000001111111110011000000110100000000101100011110001111111000000000000000000000000
0000001000000001111000000010001000001000001000100000010001000000100100000001001000000100011000011000011111100000000000000
