0000000000000000100000000010000000000100000000011000000000110010000000111100000000111000000000110000000001000000000010000
0000000000000000000100000000001000011000110000100001100001001110000011111100000010011000000000100000000001000000000010000
0000000000000000000000000010000010000000001000010000100001000010000010001000000110010000000001000000000010000000001000000
0000000000000000011000000001110000000010100000001001000000111111000011001100001000010000000000100000000001000000000110000
0000000000000000000000000010000110011000011001100001100011000011000011111110000000110000000001100000000110000000001000000
0000000000000000000110000000011000011000110001100011000011111110110011111111000001110000000011000000000110000000001000000
0000000000000000000000000011000000000100010000110001100001100010000001111100000000011000000000100000000011000000000100000
0000000000000000001000000100010000001000100000110010000001000100000001111100000000010000000000100000000011000000000000000
0000000000000001000000000010000000000000100000001011000000011010000000001000000000010000000000100000000010000000000100000
0000000000000000010000000000100000001001000000110010000001100110000001111100000001111000000000110000000001100000000001000
