0000000000000000000000000011111100001111111000111001100001100110000010001100000000110000000001100000000110000000001100000
0000000000000000000000000011111100001111111000111001100001100110000010001100000000110000000001100000000110000000001100000
0000000000000000000000000001110000111111100000100001000000000010000000001100000000010000000001100000000010000000001100000
0000000000000000000000000000110000000110010000011001000000000010000000001000000000110000000001000000000100000000011000000
0000000000000000000000000000001000011111110000111011000000000110000000001000000000110000000001100000000010000000001000000
0000000000000000000000001100000000001111110000000001100000000110000000001100000000010000000001100000000011000000001100000
0000000000000000000000001100000000001111110000000001100000000110000000001100000000010000000001100000000011000000001100000
0000000000000000000000000000110000000110010000011001000000000010000000001000000000110000000001000000000100000000011000000
0000000000000000000000000011111000001111110000110001000001100010000010000100001000011000000000110000000001100000000010000
0000000000000000000000000011111000001111110000110001000001100010000010000100001000011000000000110000000001100000000010000
0000000000000000000000000000000000000000000000000000000000000000000000000000000000000000000000000000000000000000000000000
1111111111111111111111111111111111111111111111111111111111111111111111111111111111111111111111111111111111111111111111111
