0000000110000000110010000011000100001100001000110000010001000000100010000011001100000100001000010000011111000000000000000
0000001000000000001000000010001000001000010000010000100000100001000001000010000010000100000100010000000111100000000000000
0000000000000000000000000001111000000111111000111000110011000000110100000001101100000110001110111000001111100000000000000
0000000000000000111000000011111000001110110000011000100000110001000001000110000010001100000110011000001111100000001110000
0000000001000000010110000011100100001100001000110000010011000001100100000010011000001100110011110000111110000000000000000
0000100000000001100000000011100000001111100000011001000000100010000011100111000011001110000110011000000111100000000010000
0000000000000011100000001111111000110110111001100000010011000000110110000001101100000011001100001100001100110000001111000
0000000000000011100000011111111000110011110011100001110111000001100110000011101110000110001111111100000111110000000000000
0000000000000000000011000001111110001110111100111000011001100001100110000110001100011000011001100000111110000000111000000
0000000100000000011100000001001000000110010000011000100000100001000001000110000110001000001100100000001110000000001000000
0000000000000000011100000011111100001111101100110111011011000001100110000011011000001100110001110000111111000001111000000
0000000100000000001100000001111000000110110000011001100000100011000011000110000100011000001111100000001110000000000000000
0000000000000000111000000010001000001000010000010000100001000000100010000011000110000100000100011000000111100000000100000
0000010000000001110000000011110000001110110000011001100001100011100011000111000110001100000110111000001111100000000000000
0000000000000011111000001111111000111111111001100100111011000000110100000001101100000110011100111000011111100000000000000
0000000000000011110000001100100000010001100000100001100001100001100011000001000010000110000110001000000111110000000000000
0000000100000000011100000001111100000110011000011000110001110001100011000110001110011100011011110000111111000000111000000
0000000000000001110000001111110000111000010011000000010100000000101000000001111000000010011000001100011111110000000110000
0000000000000000000000000001110000001110111000110000011011000000110100000001000000000100010000110000111110000000000000000
0000000000000000011100000001111100000110011000011000110000100001000011000110001100011100011001110000111111000000110000000
0000000000000001100000000111100000001101100000011001100000110001000001000110000010001100000100010000001001100000010010000
0000011000000001111000000011111000001110111000111000110001100000100011000001001100000110001111111000011111100000001100000
0000000000000000111100000011111100001101011000010010110001100011000010000110000100011000001001100000011110000000011000000
0000000000000000111100000011111000001100011000111000010001000000110110000001101100000010011000001100011001110000011110000
0000000000000000011000000001111100001111111000110000011011000001111100000111011000111100011111100000011000000000000000000
0000000000000011111000001111111100111110011001100000011011000000010110000001101100000111001100011100001111110000001110000
0000000000000000011000000010001000001000001000100000001011000000010100000000101000000011010000001100011111100000000000000
0000000000000000000000011111110000011000110000100000010001000000100010000001000110000011000110001100000111110000000000000
0000000000000001111100000011111100011110111100111100111001110001110111000011101110001110011001111100111111110000111110000
0000000000000001110000000110010000011001111001100111111011000000110110000001101100000110001111111000001111100000000000000
0000000000000001100000000111100000001100100000011001000000100011000011000110000110001100000100110000001111100000001100000
0000000000000000011100000001111100000110001000011000010000100000000010000000000000000000011000001000011001100000111100000
0000010000000011111000000111111000011111111001111001110011100001101110000111011111111110011111111100111111100000011000000
0000010000000001110000000010110000001101110000011001100000110011000001100110000011001100000111010000000111100000000100000
0000000000000000001110000001110110001110000100010000001001100000110110000011001100001100011111110000011100000000000000000
0000010000000001110000000111110000001000110000110000110001000000100010000001000100000010001000001100001111110000001110000
0000000000000000011000000001001000000100010000011000100000100001000011000010000100001000001100100000001111000000001000000
0000000000000000000000000011011100001101001100100000001010000000010100000000101000000110011000110000011110000000000000000
0000000000000001111000000111111100011000111000110000011011000000110110000001100100000010001100001100011111110000011111000
0000000100000001111100000111111000011101111000110001111011000000110110000001101100001110011111111000011111000000010000000
0000000000000000000000000011111000011111011000100010010010000000100100000001101000000110010000111000111111000000000000000
0000000000000000111000000011001000001110010000011000110000100001100011000010000110001100001100010000001001000000011100000
0000000000000000111000000011110000001111110000110100100011000000100110000001001100000010001100000100001111111000000100000
0000000000000000000110000001111110000111111100011100011001110001100111000110001100011000011111000000011100000000000000000
0000000100000000111100000011111000000000011000010000110000100011000011011110000111111000001111100000011100000000010000000
0000011000000001111000000111110000001000110000100000100001000001000110000011001000000110011100011000011111110000001100000
0000000000000000011000000001111100000111011000011000110001100001100110000011001000011100011111110000111100000000000000000
0000000100000000110000000111111100011011111101100000111010000000110100000011011100011100111111110000111100000000000000000
0000000110000000111110000011100100001110001100011000110001110001100111000011001110001100011001110000111111000000110000000
0000000000000000011000000001101000001110001000110000010011000000110100000001011111111100011111000000000000000000000000000
0000000000000001001100000111011000011010011000110000110001000001100010000011000100000110001100011000001111100000001110000
0000000000000011110000001111110000111100110001110000110011000000110110000001100110000111000111111110000111110000000000000
0000000100000000011100000011111100001111111000111111011011110000100110000001011000000110011100111100111111110000001110000
0000001000000001111000001111111000011000010001100000010011000000100110000001101100000011011100011100011111111000000100000
0000010000000001110000000111111000011111111000110000010001100000110110000001001100000110011000111000011111000000011000000
0000001000000001111000000110011000001000010000110000110001100000100010000001000110000110000100001100001111110000000000000
0000000000000000001110000001101110000110001100011000011001100001100010000110001100011000010001100000111110000000110000000
0001000000000110110000001011011000010000010000100000010001000000100010000001000100000010001100000100000111110000000010000
0000000000000000000000000000001110000111111100011110001000110000110011000011001100001100010001100000111100000000000000000
0000000000000001100000001111110000010000011001000000010010000000010100000000101100000011001110001100000111100000000000000
0000000000000000111000001110111100010100011001100000011010000000110100000001111000000010011110111100011111100000000000000
0000000000000011110000000100110000010000010000100000010001000000100010000000100100000001001000000100001111110000000100000
0000000000000001111000000110010000001000011000100000010011000000110100000000101000000011011000001100011111110000000100000
0000000010000000001100000000111100000011111000001110110000110001100011000110000110011100011011110000111110000000010000000
0000000100000000111100000011111100011111111000111001110011100011100110000111001110011100011111110000011111000000001000000
0000000000000000111000001111111110111000000101100000001011100000110100000001001000000110011000111000011111100000001000000
0000000000000001000000000010010000000000100000010001000000100010000001000100000010001000000100010000001011000000001000000
0000000000000000011000000001111000000110010000001100010000101001000001000010000010001100001100110000001111000000001100000
0000000000000001110000000111110000001000110000010000100000100001000001000010000010000100000110011000001101100000001111000
0000000100000000111100000011111100001111011000011000110001100001100011000011001110001100011101111000011111000000001000000
0000001100000000111110000111001100001100001000110000010001000001100010000011001100001100011000110000011111000000011100000
0000001100000001111000000111111000011100111001110000110011000001100110000011001110001110011111111000011111100000000000000
0000000000000000001110000001111100000111001000011000010001100000100010000011001100001100011001110000011111000000011000000
0000000000000001101100000010001100001000001000110000010001000000100010000001000100000110001000011000011111100000000000000
0000000000000000111000001111111000011110111001111001110011000001100110000001001110000110001110001100001111110000001111000
0000000000000000011100000001111100000111111100011000011001100001100110000111001100011100110011100001111110000001110000000
0000010000000001111000000111011000011010010000100000100001000001100110000011001100000100001000011000011111100000000100000
0000000000000000111110001111111100011111111101111000011011100000110110000011101100001110011111111100011111100000011110000
0000000000000000111000000111111000011100011000110000010001100000100011000011000110000110000110011000001111100000001110000
0000000000000000011100000001111000000110011000010000010000100000100010000010001000000000010000010000100011000001111000000
0000011000000001101000000100001000011000010000100000110001000001000010000110001100011100001111110000001111000000000000000
0000000000000001111000000011111000001100010000010000110001100001100010000010000100000100001100111000001111100000011100000
0000000000000000000000000011111000011111111000111100110011000000110110000001101100000110001111111100001111100000000000000
0000000100000000111110000011111100000110011000011100010001110001100011000011001110011100011111110000011111000000001000000
0000000000000011110000001100110000011000110000100001100001000001000010000010000110000100001110001000001111110000000011000
0000000000000001110000000111111000011100111001100000110011000001110110000001101100000011001100000110011111111000001111100
0000000100000000111000000011000000001100110000011000100001100001000011000010000011000100000111111000000011110000000000000
0000000100000000011100000001101100000110011000011000010000110001100011000011001100001100011001110000111111000000111000000
0000011000000001111000000111011000001100110000011000100000110001000001100010000011101100000111111000001111000000001000000
0000000000000000001000000001111100000100000000010000000001000000100100000011001000001000100001100001111100000000000000000
0000000000000011011100001110011100011000000101100000001011000000010110000000101100000001011000000100011111110000001110000
0000000000000000011000000011111000001111011000011000010001100000100011000001000100000110001000011000011011100000011110000
0000000100000000011000000001010000000100010000010000100000100011000001000100000100011000001101100000001110000000000000000
0000000000000000010000000011110000001101110000010001100001100111000011011110000111111000001111100000001000000000000000000
0000000000000011111000001111110000111000110000010001100001100011000011000111000110001110001100011000011101110000001111000
0000000000000000001000000001111100001111101100111100011011100000110100000011011100011110011111111000001100000000000000000
0000000100000000111100000111001000011100011000110000110001000001100110000011001100001100011000111000011111100000001000000
0000000001000000000110000000111110000011001000011100010001110001100110000110001101111000011111100000111000000000000000000
0000001100000001111000000111011100011100001100110000011011000000110110000001101100000110011111111000011111000000000000000
0000000000000000111000000011010000000100100000001001000000010010000000101100000011010000000010100000000111000000001100000
