0000000000000000111000000011110000000100100000001001000000100100000000110000000001110000000100010000000100100000000111000
0000000000000000001110000001100110000110011000001101000000001100000000111000000011100000001101000000110110000000111000000
0000011000000001110000000110100000011011000000011110000000011110000000110110000001101100000011110000000111000000001000000
0000000000000000111110000010000100001000010000110001000001000100000011110000000001111000000100011000001000110000011111000
0000000000000011111000000100010000001101100000001110000000001100000000111100000001011000000110010000001100100000001100000
0000000000000001100000000100000100000100110000000111000000000100000000011000000000110000000010100000000101000000000110000
0000000000000001111110000111111100001100001000001000000000011100000000111000000011110000000100100000011111000000011100000
0000000000000000011100000011101100000100010000001001000000011110000000011000000001110000000110100000011001000000110110000
0000000000000000111110000010000100001000010000110001000001000100000011110000000001111000000100011000001000110000011111000
0000000000000000000000000111111000001100111000110001100001001100000011110000000001100000000011100000000101000000001110000
0000000000000001110001000111001100001000110000010111100000111100000001111100000011011000000100110000001011000000011100000
0000000000000011100000001000100000001111100000000110000000001100000000100100000001000100000010001000000110010000000111000
0000000000000000100000001111100000111110011101111111110000011110000000111100000001001100000110010000001101100000001110000
0000000000000001110000000111110000001111110000011001100000111110000001111110000011001100000110011000001111100000001110000
0000000000000001110000000110110100001000111100011001110000011110000001110000000110100000001001000000011110000000011100000
0000000000000001100000000100011000001001100000011110000000011100000000011100000001001100000010011000000101100000001110000
0000000000000000011000000011000100011000110000010010000000011000000000101100000011000100000100001000001000100000011110000
0000000000000011111100000111111000001111110000000111000000011111000001110110000111011100001111111000011111000000010000000
0000000000000011100000001000100000001111100000000110000000001100000000100100000001000100000010001000000110010000000111000
0000000000000000100000001111100000111110011101111111110000011110000000111100000001001100000110010000001101100000001110000
0000000000000000111110000111000100001000011000011011100000011100000000111000000011010000001100100000010001000000111110000
0000000000000000111000000011110000001111000000011010000000011100000000011000000000110000000001100000000101000000001110000
0000000100000000011000000001011000000110001000001101110000011100000000110000000010100000001001100000010110000000000000000
0000000000000001111000000011100000001100110000011011000000111100000000110000000001100000000010100000000111100000000110000
0000000000000001111100000111111100001111111000001111100000111100000011111100000110011000001100110000001111100000001111000
0000000000000000011100000011101100000100010000001001000000011110000000011000000001110000000110100000011001000000110110000
0000000000000000111100000110011000001001000000001110000000001100000000100000000011001000000100010000001001000000001100000
0000000000000011100000000111100000001001011000011011110000011111000000111000000011110000000110110000001111100000001110000
0000000000000000111000000011110000000100100000001001000000100100000000110000000001110000000100010000000100100000000111000
0000000000000001111000001100011000000000110000011001100000011110000000011000000001110000000110110000001101100000001110000
0000000000000000110000000010100000000101000000000100000000001000000000011000000000011000000010010000000011000000000100000
0000000000000000001000000011111000001100110000011011000000011100000000111000000001011000000110010000001000100000011111000
0000000000000000000010000111101110001111011000001111100000001110000001111000001111110000011011000000111110000000111000000
0000000000000001111000000110011000001000110000010001100000110111000000111100000001110000000010110000001101100000011001000
0000000000000000001111000001110110000110011000001101100000011110000000110000000011100000001111000000111100000001110000000
0000000000000000111100000111111110001101111100011001111000111111000001111100000111100000001111000000011110000000111100000
0000000000000001111000001100011000000000110000011001100000011110000000011000000001110000000110110000001101100000001110000
0000000000000110000000011110011100110001100001111110000000111111000000111111000001000110000010001100001111111000000111000
0000000000000000111100000110011000001001000000001110000000001100000000100000000011001000000100010000001001000000001100000
0000000000000000011100000001101000000110010000001011000000011110000000100100000010001000000100010000001001000000010110000
0000000000000000110000000010100000000101000000000100000000001000000000011000000000011000000010010000000011000000000100000
0000000000000000010000000011111000001100011100011001110000010110000000110000000011110000001100100000010001100000100010000
0000000000000001110000000010001000000010100000000110000000001100000000011000000001010000000010100000000101000000000110000
0000000000000111111100111111111100100000111000111011110001111110000000111100000011001100000110011000001111110000001111100
0000000000000000000111000000111100000010011000000111000000001100000000110000000010100000001001000000111110000000111000000
0000001000000001111000000011011000000111100000001111000000001110000000111100000011011000001100110000011111100000001110000
0000000000000001111111000111101110001100111100001111100000011110000001111100000111001100011100111000111111100000111100000
0000000010000000111110000111000000001100011100011111110000011111000000111110000011111100001111110000011110000000100000000
0000000000000001001000000010001000000100000000001000000000001000000000111000000010010000001000100000001101000000000100000
0000000000000000011100000001111100000111011000001101110000011110000000111000000011100000001111000000111110000000111000000
0000010000000011110000000100100000010001000000100010000000111110000000110110000001000100000010001000000010100000000010000
0000000100000000111000000011000010000100011100001001100000011100000000111000000110010000001000100000011111000000011000000
0000000000000010000000011111101000100001110001110011000000111100000000111100000001000100000000000100000100001000001111100
0000010000000001110000000110010000001000100000010011000000111110000000110010000011000100000010001000000111100000000110000
0000000000000000111000000111111000001110011000011011100000111110000000111100000011111000001111110000011111000000111110000
0000000000000000011100000001111100000111011000001101110000011110000000111000000011100000001111000000111110000000111000000
0000000000000001100000000100000100000100110000000111000000000100000000011000000000110000000010100000000101000000000110000
0000000000000001110000000111110000001111110000011001100000111110000001111110000011001100000110011000001111100000001110000
0000000000000000111000000011111000001110010000011001110000011110000000111000000011110000000111100000001111000000011100000
0000000000000000111100000011001100001100001000111000110001011001000000011100000000110000000011100000000101000000001110000
0000000000000000000000000000000000000000001100000001110000011110000001110000000110000000010000000000001100000000000000000
0000000000000000011100000001101100000010011000001101100000001110000000111000000111100000011001000000111110000000111000000
0000000000000001111100000111111100001111111000001111100000111100000011111100000110011000001100110000001111100000001111000
0000000000000000011010000011111100011100110000110011000000111110000000111100000011000100001100001000010000110000011111000
0000000000000000011000000011000100011000110000010010000000011000000000101100000011000100000100001000001000100000011110000
0000000000000000000010000111101110001111011000001111100000001110000001111000001111110000011011000000111110000000111000000
0000000000000011111000000100010000001101100000001110000000001100000000111100000001011000000110010000001100100000001100000
0000011000000001110000000110100000011011000000011110000000011110000000110110000001101100000011110000000111000000001000000
0000000000000010000000011111101000100001110001110011000000111100000000111100000001000100000000000100000100001000001111100
0000000000000000111100000011111000000100100000001100110000001111100000111000000010010000001001000000111110000000111000000
0000000000000001110000000110110100001000111100011001110000011110000001110000000110100000001001000000011110000000011100000
0000000000000000011111000001101100000010010000001111000000001100000000110000000011100000011010000000101100000001110000000
0000000000000000011000000011100110001100011000100001100001111100000001111100000010001000001100010000010001100000011100000
0000000000000001100000000100011000001001100000011110000000011100000000011100000001001100000010011000000101100000001110000
0000000000000000000000000000000000000111110001110000011000100011000000110000000110100000001000100000010010000000000000000
0000000000000001111110000111111100001100001000001000000000011100000000111000000011110000000100100000011111000000011100000
0000000000000000001100000111111100011111001000100101110001000111000011111000000001110000000001110000000111100000001110000
0000000000000001110000000111110000001111100000011011000000011100000000011000000001111000000010010000000111100000000110000
0000000000000000111000000001111000000110000000001100000000011110000001110000000011100000000101000000001110000000011000000
0000000000000000000000000111111100011000000100011100000000001111110000011110000011011000001111100000111100000000000000000
0000000000000011110000001100100000011001000000011010010000001111000000011100000001101000000010010000000110010000000111000
0000000000000001110000000000110000001101000000010010000000111111000000010010000000100100000001010000000111000000000000000
0000000000000000011100000001111100000111011000001101110000011110000000111000000011100000001111000000111110000000111000000
0000000000000000011000000011000100011000110000010010000000011000000000101100000011000100000100001000001000100000011110000
0000001000000001111100000010001100000100001000001001110000011110000000111000000111100000011000100000111111000000011000000
0000111100000001111000000111100000000110000000001111100000001111000001111110000100000110001000001100011111110000000000000
0000000000000011111000000110001000001100100000000110000000001110000000100110000010000100000100001000001000100000001111000
0000000000000001110000000000110000001101000000010010000000111111000000010010000000100100000001010000000111000000000000000
0000000000000001110000000000110000001101000000010010000000111111000000010010000000100100000001010000000111000000000000000
0000000000000000001100000111111100011111001000100101110001000111000011111000000001110000000001110000000111100000001110000
0000001000000001111000000010000000000100000000001111000000001100000000111000000001110000000011110000000111000000000000000
0000000000000001110000000110110100001000111100011001110000011110000001110000000110100000001001000000011110000000011100000
0000000000000011111000000100010000001101100000001110000000001100000000111100000001011000000110010000001100100000001100000
0000000000000000111000000111111000001110011000011011100000111110000000111100000011111000001111110000011111000000111110000
0000000000000001001000000010001000000100000000001000000000001000000000111000000010010000001000100000001101000000000100000
0000000000000000111000000011110000001111000000011010000000011100000000011000000000110000000001100000000101000000001110000
0000000000000011111100001101001100010000011000100000100001101111000001111011000100000010001000000100010000011000011111000
0000000000000000011100000001101100000010011000001101100000001110000000111000000111100000011001000000111110000000111000000
0000000000000001001000000010001000000100000000001000000000001000000000111000000010010000001000100000001101000000000100000
0000000000000000111000000011100000001101000000010100000000111000000000111100000001000100000010001000000101100000000100000
0000000000000000000000000000000000000000000000000000000000000000000000000000000000000000000000000000000000000000000000000
1111111111111111111111111111111111111111111111111111111111111111111111111111111111111111111111111111111111111111111111111
