0000000000000110000000011111000000000001000000000011000000000010000000000100000000010000000000100000000001110000000010000
0011111000001111111000000000011000000000110000000001000000000110000010011000001111111100011111111110111000000000000000000
0000010000000001111000000100010000000000100000000011000000000100000000010000000001100000000111100000011111100000100000000
0000000000000001110000111111110000000001100000000011000000000110000000011000000000110000000011001100000111111000000110000
0000000000001110000000000011000000000011000000000010000000000100000001111000000011111001000111011100000000000000000000000
0000000000000011100000001101100000010001000000000110000000011000000001100000000111111111001111110000000000000000000000000
0000000000000111100000011001110000100001100000000011000000011110000000101110000010110111001111000010011100000000000000000
0000000000000000000000000000001100000011111000001110010000110001000011111100001101111100011100000000000000000000000000000
0000000000000000000000000000000000111100000000000100000000000100000000011000000000111100000001100000000000000000000000000
0000000000000111111000010000011000000000010000000000100000000001000110111100001000001100010000111100011011000100000000000
0000000100000001111100000111011000000000110000000001100000000010000001111100000111111000001011010000011100000000000000000
0000000000000000111100000111111000011000110001100011100000000110000000011000000001110000000011000000000111110000001111100
0000011100000001001100000000011000000000100000000011000000001100000000110000000011000000011110000000100111111000000000000
0000000000000000000000000110000000011010000000001100000001011000000111110011100100111110000000000000000000000000000000000
0000000000000011111000000111110000000000100000000011000000001100000000111000000001100000000110000000001111100000001110000
0001100000000001110000000000100000000001100000000011000000000110000000001000000011111110001111000000011100000000000000000
0000011100000001111000000011010000000100100000000111000000111100000001110000000011000100000111111100000111110000000000000
0000011100000011111100000111111000001111110000000111100000011110000001110000000111000000001110000000111111110000011111000
0000100000000111100000000001100000000001000000000010000000000110000000111000100010111110001111001000001000000000000000000
0001100000000111110000001000011000000000010000000001000000001100000000110000000010000000001100000000001111111000000010000
0000010000000001001000000000001000000000110000000001000000001100000000010000000001000000000100100000011110000000000000000
0011000000000011110000000000110000000000100000000011000000001100000000110000000001000001000110111100001111000000000000000
0000000000000111100000011000110000000000100000000001100000000011000001111110000110111110001111000110000000000100000000000
0000000100000001111100000011111100000100011000000001100000001111000011111110001111111110111111000101111100000001000000000
0000000000000111000000000111100000000001100000000010000000001100000001111000100111111111001110000000000000000000000000000
0000011100000001111100000110001000001000010000000001000000000110000000011000000011100000011111100000111001111000000000000
0000000000000001111000000111011000000100110000000001100000010011000111111110001100111000011111110000011110110000000000000
0000000000000000000000000011100000001101000000000010000000001000000011111100001100001111000000000010000000000000000000000
0011100000000111110000000011110000000001100000000111000000011100000000110000000011011111001111111100011111000000000000000
0000110000000000110000000000100000000000100000000001000000010010000001111100000000011000000100100000000110000000000000000
0000000000000000000000000111100000111001100000000011000000001100000000110000000001001110000011110000000000000000000000000
0000110000000001110000000011110000000111100000000011000000000100000011111000001111111110011110001100011000000000000000000
0000011110000001101100000000011000000000110000000001100001111011000110011100001000111000011111110000011100100000000000000
0000001100000000111000000001010000000000110000000001000000000010000001111100000110110000001111100000011100000000000000000
0000011000000011111000000111110000000001100000000011000000001110000000111000000111111000001111111000011000110000000000100
0000000000000000011100000001101000000000010000000000100000000011000000000110000111111000001001000000011100000000000000000
0000001100000001111100000010001100000000001000000000010000100001000010111010001000011100010001101100111110000000000000000
0000011110000000111100000000001100000000011000000000100001110011000111111100011111111000011110011100000000000000000000000
0001111000000010011000000000011000000000110000000001100000000011000001111100001111111100110011001100111000000000000000000
0000011100000001111100000010010000000101100000000011000000001100000000110000000111100000011111111000100000111000000000000
0000111000000011111000000110110000000000110000000001100001110011000111111111011001111110111111111100111001100000000000000
0000000000000011110000000100110000000000100000000011111000011111110011101100001100110000010011000000111000000000000000000
0000011100000001111000000010010000000001100000000011000000001100000000111000000011110000000111111000001101110000000000000
0000000000000011111100000100001000000000110000000011000000000100000000010000000001000000000100000000011000000000011111100
0011110000000111110000001100110000011000110000000001100000000001000001100011000011111100000111111100000111111000000000000
0001111000000111111000000110010000000001100000000011000000000110000000011000000011110000011111110100011111111000000000000
0000000000000000000000000011100000011001000000100010000000001100000000111100000011111111001100000000000000000000000000000
0000011100000001111000000000010000000000100000000011000000001100000000010000000111100000011111111000010000010000000000000
0000011110000001100110000011001100000000011000000000110000000011000011100100001001111000011111110000011100000000000000000
0000000000000011110000001111110000011001100000000001100000011111000001111100000110111100001111111000001110011000000000010
0000000000000011110000001100011000000000010000000000100000000011000111001100001011110000011111110000001000111100000000000
0000011100000001001100000100011000001000110000000001100000000010000000001100000001111110001111100000111100000000000000000
0111000000001111100000000001100000000001100000000001000000000010000000001100000000111000000111111110001110111000000000000
0000000000001111100000001011100000000000100000000001000000000110000000001000000000110000000011000000000111110000000111100
0011100000000111100000000011000000000110000000001100000000111000010001100011100111111111001111110000001110000000000000000
0000000000000011110000001100110000110001100000000010000000001100000000011000000001100000000011111010000000011100000000000
0000000000000000011000000001110000000010100000000001000000000100000000111000000100100000001011100000011001000000000000000
0000000000000111110000000000110000000000110000000001100000000110000000011000000011111111011100000000100000000000000000000
0000111000000001011000000000010000000001000000000110000000011000000000100000000011100000001111111000010001100000000000000
0000001111000000110010000000000100000000001000000000010000000001000011110100001000111000110011110000111000000000000000000
0000000000000000000000000000111100000111111000011101100000000110000001111000011111110000111100111000000000000000000000000
0000000000000001100000000011110000000000100000000001000000000010000000001000000001110000000101100000011010000000010000000
0001110000000110100000001000100000000001000000000001000000000010000000111100000001111110000011110000000011000000000000000
0000000000000000000000000011100000011001000000100010000000001100000000111100000011111111001100000000000000000000000000000
0000000000001111110000011111110000011111100000000110000000011100000001110000000011110000000011111110000011111000000000000
0000000111000000111110000001101100000010011000000000100001111111000111111100011011111000111100011001100000010000000000000
0000111000000011111000000111110000001101100000000111000000111110000011111110001111111111011111111110111000111000000000000
0000000000000000000000000000000000001111100001000000010000000000100000001111000111100000001000000000000000000000000000000
0000011110000011111100000110001000011000110000000011000000001110000001110000000111000000001111111100000111111100000000000
0000000100000011111100001100011000000000110000000011000000000100000000011000000001100000000111100000011111100000000001000
0000000000000000010000001111110000110000110000000001100000111111000011001110000100110110001111000110000000000000000000000
0000000000000000000000011111111100000000001000000000010000000000100000011111000111001000011001100000111100000000000000000
0000001000000001111000000011110000000001100000000011000000000110000011111000001111110000011111110000000001110000000001000
0001111000000000011000000000011000000000110000000001100000111110000111011100001000111000011111011000001000110000000000000
0000001100000000111100000000011000000000110000000011100000001111000001111110001111100000111100000001100000000000000000000
0011111100000000001000000000001000000000110000000001000000000010000000001000000011111000001111001100011100000000000000000
0000000000000001111000000111110000011001100000100010000000001100000000010000000000100000000011000000000111100000001001100
0000010000000001111100000000011000000001110000000111000000001100000000110000000111000000001100000000001111110000000000000
0000000000000000001100000001111100000000011000111001110011111111000111111100001111101100011000001100000000000000000000000
0000011000000000111000000001111000000000110000000001100000111110000011111100000111111000001110111000011100110000000000000
0000011000000001111000000110000000000000010000000000100000000001000000000100000000001000001111100000010111100000000000000
0000000000000000000000001111000000110011000000000010000000000101110000011110000011110000000101000000011110000000000000000
0000000000000000011100000011001000011000110000000001000000000100000000010000000001000000000100000000001000000000011111000
0000000100000000011000000001110000001111100000011011000000001100000000111000000011111000001111011000011000110000100000000
0000000000000111110000001111100000001001000000000110000000011000000001110000000111111111000111111110000000000000000000000
0000011100000001111100000111111100001110011000000000110011111111001110111110011000111100110111111100111100111000000000100
0000000000000000000000011111100000000011000000000110000000001100000001111100000111111110001100000110000000000000000000000
0000010000000011110000001100100000000001000000000110000000001100000000110000000011111111001111110000000000000000000000000
0000011000000000011100000000001000000000011000000000110000000001000111111111011000111110010011000000111100000000000000000
0000000111000000111110000011101100000000111000000011100000111110000111111000011111111000111110111001111000110000000000000
0000000000000011111100000111111100000000111000000011110000011110000011111000001111000000011111111000011111110000000000000
0000011000000011111000000011110000000000110000000001100000111111000011111110001110011100001101110000011111000000001000000
0000100000000011110000000000100000000001000000000010000000000100000000011000000000111111000111000000011100000000010000000
0000110000000011111000000110011000000000010000000000100000000011000000110110000111111100011001101100111110000000100000000
0000000000000011100000001000110000010000100000000011000000001110000000010000000001100000000110000000001100111000000111000
0000111000000010011000000100010000000000100000000001000000000010000011111100000100111000001111111000001100011100000000000
0000001000000000111000000000010000000000100000000001000000000100000000111000000011110000000111000000001100000000000000000
0000001000000011111000001100011000000000110000000001000000000110000000001000000111110000001111101000011101110000010000000
0000000000000000011000000111110000001100100000000001000000000100000000001000000000110000000111111000111000011001100000000
0000111000000011111000000000010000000000100000000011000000001100000000110000000011000000000111111000001111100000000000000
