0000001000000001111000000111111000001101110000111001100001100011000011000110000110001100001111111000011111000000000100000
0000000000000000111000000111010000001100110000010000100001100001000011000010000110000100001100001000001000100000011110000
0000001000000000110000000011110000001111110000011111110001100001100010000011001100000110011000011000110011110001101111000
0000000000000000000000000111111000011000001001100000001010000000010100000001101000001110001111110000000000000000000000000
0000001100000000011000000001110000000110100000011001100001100011000110000110001100001100011000110000111111000000000000000
0000000000000000110000000011110000000111100000001001000000010010000000100100000011011000000110110000000111000000001100000
0000000000000001100000000111110000111111111001110001110011000001100110000011101111111110001111111100000000100000000000000
0000000000000000000000000011111100011100001100110000011011000000110110000011001100001110001111110000011110000000000000000
0000000000000000011100000001111100000111011000011000110000110001000011000110000100011000011001100000011110000000111000000
0001000000000110000000001111110000011101111100110000111001100000010110000000100110001111001111111100001111000000000000000
0000001000000000111000000010011000001100010000010000100001000001000010000010000100001000001000110000011111000000011000000
0000000010000000011110000011100100001110001100111000010001100000100111000011001010001100010000110000111111000000110000000
0000000000000000000000001001100000110111110001100000110010000000110100000000101100000011001100011100001111100000000000000
0000000000000000000100000001111100000111111000111111101001111100110111100001001110000110111111111001011111100000000000000
0000000000000000011100000001111100000110001000111000010011100000100110000011001100011100011111110000011100000000000000000
0000011000000001111000000111110000001110110000111001100001110011000111000111001110001100011100011000011111110000001110000
0000001100000000011100000000111000000011110000001101100001110011000011000110001100011000011111110000011111000000000000000
0000010000000001110000000111111000011000011001100000011011000000110100000000101100000001011100001100001111110000000000000
0000000000000001111100000011111100001110011000011000110001100001100011000011000110001110001100111000011111100000001100000
0000001100000000111100000011111000001100011000111000110001100001100011000011000110000110001110111000001111110000000110000
0000001000000000110000000011000000000100001000011000010000100000100001000000000010000100000010011000000111000000000000000
0000000000000000111000000011110000000110110000011001100001110011000011000110000110001100001001110000011111000000111000000
0000000000000001111000000100011000011000110000110000100001100001000011000010000110001100000110010000000111100000000100000
0000000000000000011001000001110110000111101100011110011001110001100011000110001100111000011111100000011100000000000000000
0000000000000011110000000111110000001001110000010001100001100011100011000011000110001100000100011000001111100000001110000
0000001000000001111100000111111100011100011000110000111011000000110110000011101110001110001110111100011111110000001110000
0000000010000000001110000000011110000011011100011100110001110001100111000011001100011100011111110000111111000000000000000
0000001100000001111100000011001100000100011000000000010011000001100110000011001100011110011111111000011111000000001000000
0000000000000000000000000111111000001000001000100000001010000000010100000001101000000110001101110000000000000000000000000
0000000000000000000110000001111110000111111000011100110011100011100110001110011101111000111111000000111100000000000000000
0000000000000000111000000011111100001111111100111100111011100001110110000111011100001110011111111000111111000000000000000
0000010000000001110000000011110000001100110000110001100001000001000010000011001100000110001000001000011001110000001110000
0000000000000000111000000011011000001101110000010001100001100001100010000011001100000100011000011000110001100000111110000
0000000000000001100000001111111000111100011000011000010000110000100001100001000011000010000110001100001111110000000000000
0000000000000000111000000011111000011100011000110000010011000000110110000011001000001100011111110000011110000000000000000
0000000000000000011110000011111100001111000000110011100011000001100100000011101000000110011111111000011110000000000000000
0000001100000000111100000011111100001110011000111000011001100000110110000001101100000011011100001100011111110000001100000
0000000000000001011100000011111100001100001000011000010001100001100011000110000110011000001001110000011110000000111000000
0000011000000011111100000100001000011000001000100000010001000000100010000001000100000010001000001000001111100000001000000
0000000000000000011010000001111100000111001000011000010001100000100011000011001100001100011000110000011111000000011000000
0000000000000000000000000010011000001111111000111011110011110011110111000111101100011110001111110000001100000000000000000
0000000110000001000110000110000100001000001000110000110001000001000110000010001100001100011000110000011110000000000000000
0000000000000000011100000000011000000111110000011011100001100001000011000110000100001100011001110000011111000000011000000
0000000010000000011110000001101100000110001000011000110001100001000010000010001100001100001000110000011111100000010000000
0000000000000001000000000110011000011111111000110000001001000000110010000001000100000110001100011000001111100000000100000
0000001000000000111100000011111000001110011000111000110001100001100011000011000110001100001101110000011111000000011000000
0000000000000000110000000001100000000111100000001001000000110010000001000110000010001000001100010000011111000000011000000
0000000100000000111100000011001000000100010000011000100001100011000010000100000100001000001000100000011111000000011000000
0000000000000001111100000111001100011000001100100000001010000000010100000001101000001110011111111000011110000000000000000
0000001000000000111100000010011100001000011000110000100001000001000110000010001000001100010000110000111111000000011000000
0000000000000011100000000111000000001011100000110001100001100000100011000011100110000110000100111100001111100000000100000
0000000110000000011110000001100100000110001000011000010001100001100111000011001100001100110001110000111110000000110000000
0000000011000000011110000011111110001111011100111000010001100001100111000011001100011100011111110000011111000000010000000
0000000000000000001000000001111100000111011000011100011001100000100110000111001001111100011111100000100000000000000000000
0000000000000000010000000011110000001101110000010001100001100111000011011110000111111000001111100000001000000000000000000
0000000010000000001110000000111100000001101000001000010001100001100011000110001101111100011111100000111100000000000000000
0000000000000001111110000011111100001111011100111100011001110001110111000011001110001110011111111000011111100000000000000
0000000000000000000000000011111000011111111001111000010110100000111001000001111000000110011000011100011111100000000000000
0000000010000000011110000011111100001110011000011000110001110001100011000110000110011100001111110000011111000000011000000
0000000000000000000110000011011110001111110100011111011001101100110011011111001100111100011011100000111110000000100000000
0000000000000011111000000110111000001100011000010000010001100000100011000011000110001100001101110000011111000000011000000
0000000100000000111100000011111100000110011000011000111001100001110011000111001100011100011111110000111111000000000000000
0000000000000000111000000011110000000111110000011001100000110001000001000010000010001100001100011000001011100000011110000
0000000000000000011000000001111000000100011000010000010001100000110010000001101100000110010000110000111110000000010000000
0000000100000000111100000111111000011110111000110001010011100000111110000011111000011110011111111000111111100000011000000
0000000000000000111100000011111000001111110000110000110001100001000111000011001100001100001100111000011111100000011110000
0000000001000000001110000000111100000110001000011000010001100001100110000011001000011100110001110000111110000000110000000
0000000000000001110000000111110000001001111000110000110001000000100010000011000100000100001100011000011111100000000100000
0000100000000001000000000100110000001001100000010000100000100001000001000010000011000100000010010000000111100000000000000
0000000000000001111000000110011000001000011000010000110000100001100011000010000010001100000100010000001111000000001100000
0000010000000000111000000010000000000100010000010000100000100001000001000010000010000100000100010000000101100000000100000
0000000000000000111110000011101110001100001100110000011011100000110110000001101100000110011000011000111111100000111100000
0000000110000000011110000001101100000110011000011000110001100011100110001110001100111000011111100000111110000000000000000
0000000000000000000100000000111110000111100100011000001011000000101100000011011111111100011111100000000000000000000000000
0000000000000000111110000111111110011110011001100100110011000001100110000010001100000100011000011000011011100000011110000
0000000000000000001110000001110110000110001000011000110001100001000110000100001000110000010111000001111000000000000000000
0000000000000000000110000000111100000111101000011000010001100001100110000110011000011000011111100000111100000000000000000
0000000000000000111100000111111100001110011000111000110001100011000111101110001100011000011001110000011111100000111100000
0000000000000011000000001111110000010000011000100000011001000000010010000000100100000001001100000100001000011000001111000
0000000100000000111000000011100000000111100000011011000000110011000001100110000011001100000111110000001111000000001100000
0000001000000000111000000001111000000110010000001100110000110001100011000011000110001100001000110000011111000000010000000
0000000000000000011100000001111100000111011000111000110011100011100110001110011101111000011111000000011000000000000000000
0000000000000000000000000111111000001101110000110000100001100011000011000110000110011000001111110000001111000000000000000
0000000100000000011100000001110000000110110000011001100000110011000011000110000110011000001111100000011111000000011000000
0000000000000000111000000011011000001100010000111000110001100001000001100010000010001100000100110000001011000000011100000
0000010000000011111000000110011000001000010000010000100000100011000001000110000011001100000011011000000011100000000011000
0000000000000000001110000001111110000111101100001110010000111001100001100110000110011000011001100000111110000001110000000
0000010000000000011100000000001100001100001100110000011001000000100110000001001100000100001000011000011111100000011100000
0000000000000001111100000111111100001100111000110000110001100001100011000010000110000100001100011000001111100000011110000
0000001000000000111000000011110000001001110000110000010001000000110110000001001100000110011000011000011111100000001100000
0000000000000000001100000001111100000111001100011100011001110001100111000011001110001100011111110000011110000000000000000
0000000000000000011000000011111100001111111000111100011011000000110110000001001100000110011111111100011111100000000000000
0000001000000000111000000011111000001110110000110000110001100001100110000011001100001100011101110000011111000000000000000
0001110000000011110000000010110000010000110000100000100001000001000010000010000100000100001110111000001111100000000000000
0000000000000011111000001111111000011000010000100000100001000001000010000010000110000100000110011000000111100000000010000
0000000000000000011000000011111000011100011000100000010011000000100100000011001100000110001000011000001111000000001100000
0000001110000011111100000110000000011000110000100000110001000000100110000001001100000110001000011000011111100000011100000
0000000000000000000000000011110000001111100000110000100011000000100110000000101111000011000111111100000000000000000000000
0000000000000000011110000011111100001110001000111000010001100001100110000011001000011100011111110000111111000000110000000
0000000000000000000000000011111000001100011000100000110010000000100100000001111000000010010000001100111111000000000000000
