0000110000000011111000000111110000001111110000011001100001110011000011000110000110001100001111111000001111100000000100000
0000000000000000111100000001111100001110001000011000010001100000100011000011001110001100001111110000011110000000000000000
0000001000000001111000000011011000001100010000010000100001100001000011000010000100001100001111110000011111000000011000000
0000000000000011111000001100111000010000011001100000110011000001100110000011000110001100001110011000001111110000000010000
0000000000000000000000000000011000000111111000111000010011000000100100000011011000011100011111110000000000000000000000000
0000001000000001110000000111110000001101110000110000110001000001100010000011000100000110001100111000001111000000001100000
0000000000000000111000000111111000011000001000110000011011000000010100000001101100000110001110011000001111000000000000000
0000000000000000111100000001111100000111001100011100011001100000110111000001101100000110011000111000111111100000111000000
0000000000000011110000001111111000111001111001100000111011000000110110000001101100000110011100111100011111100000011000000
0000110000000001111000000110110000011000110000100000110011000000110100000000101000000011011000001100011111110000001100000
0000111000000011110000001101100000010001100001000001100010000001000100000011001110000110000111111100000111111000000000000
0000000100000000011100000001111100000111011000011100100000110001000011000110000110011100001111110000011111000000001000000
0000000000000000111100001111111100011111001100111010011011000001100100000011001100001110011111110000011111100000011100000
0000000000000000111100000011111100001111111000111001011011100000110110000011101000011110011111111000111111100000111000000
0000010000000001110000000111100000001111100000011011100000110011000001100111000011011100000111111000000111100000000000000
0000010000000001110000000010110000001011110000010000110001100000100011000001000100000110001100011000001111100000001110000
0000000000000110000000000011110000000100110000011000100000100001000001000010000010001100000100011000001111100000000100000
0000000000000001111000000011111000001100010000011000100000110011000001000110000011001100000110010000000111100000000110000
0000000000000000000000000011101100011111001101110000011011000000110110000111001111111110001111110000000000000000000000000
0000000000000000111000000011110000000100100000011001000000100010000001000100000010011000000100100000001111000000001100000
0000001000000000110000000011110000001111110000011111110001100001100010000011001100000110011000011000110011110001101111000
0000000110000000111000000011111000001110111000011000010001100000100011000011001100001100011101111000011111000000000000000
0000001100000000111100000011000100001100001000011000010001100000100010000011001100001110010000111000100111100000000000000
0000000000000011111100000100011000001001101000010010110001101101000011110010000111001100000100110000001011000000001100000
0000000000000000100100000011111100001100111000110000110001000001100010000011001100000100011000001000011100100000011110000
0000000000000011111000001110011000011000011000110000110001000000100010000001000110000110001100001100001111110000001111000
0000000000000000110000000010100000001101000000010000000000100000000001000000000000000000000000100000000101000000001100000
0000000000000000001110000001110000000110000100011000001001100000010110000001101100001110011111110000000000000000000000000
0000000000000000011110000001111100000101101000000110010000011001000000100010000010001000001000110000110011000001111000000
0000000000000001011100001111000100011000001101100000001011000000010110000000101100000011011100011100001111110000000000000
0000000100000000011100000001111000000111111000011101110001110000110011000001101100000110011000011000111111100000011000000
0000000100000000111100000001111000000110011000011000110001110001100011000011000110001100001100111000011111100000001000000
0000000000000000001110000001110000000110000100011000001001100000010110000001101100001110011111110000000000000000000000000
0000000000000000011000000001111000000111110000001101100000110011000011100110000110011000001111110000011110000000010000000
0000000110000000011110000011111100001110011000111000110011100001100110000110001100011100011111110000111111000000011000000
0000001000000000011100000001101100000010001000001100010000110000100001100011000110001100001000110000011111000000011000000
0000000000000001111100000111111100011110111000111100111011110001110111000011001110011110111111111000111111100000000000000
0000000000000000111100000011111100001110011100011000011001100000110110000011001100001110011111111000011111000000000000000
0000100000000011110000000100110000001000100000010001100000100001000001100010000011000100000010001000000111110000000011000
0000011000000001111100000111111100011000001000110000010011000000110110000001001100000110011111111000011111100000001000000
0000110000000001100000000000000000000111000000001111000000110011000001000010000010000100000100011000001111100000000000000
0000000000000000111000000010011000001100010000010000110001100001100011000011000110000100001100011000011111100000001100000
0000000000001111110000011111111000111100111001110000111011100001110111000111101111011111001111111100001111110000000000000
0000000000000001111000000111111000011001010000110110110011000001100110000011001100000100011000011000010011100000011110000
0000000000000000011000000011111000001110001000110000011011100000110110000001101100000011011111111100001111100000000000000
0000000000000000110000000011110000001101110000110010110001100000100011000011000110000100000100111000001111100000001100000
0000001000000000111000000011111000001100110000110000110001100001100010000001001100000100011000011000011111100000011100000
0000000000000000001110000011111110000111100100011100010001111000100010100001001101000100011000110000110111000000111000000
0000000000000000011100000011111000001111110000111001100001000011000100000010001000001100010000110000111111000000111000000
0000000000000000000000001100000000111100110001110001110011000011110111100111100111111111000011111000000000000000000000000
0000000000000000011000000001111100001110011000011000011001100001110111000111001100011100011111110000011110000000000000000
0000000000000000011100000001111100000110011000011000011001110000100011100001000100000110011000111000110111000000111100000
0000001110000000011100000001111100000110001000011000010001100000110110000011001000011110011111110000111110000000000000000
0000000000000001111000000111011000001100010000011000100000100001000001000010000010001100000100110000001111000000001100000
0000000000000001111100000111111100001100001000110000010001100000100010000011000100000110001000011000011111100000011100000
0000000100000000011100000001111000000111010000011100010000100001000011000010000100000000001000100000011111000000010000000
0000110000000001111000000110010000001100110000110000100001100001100011000011000110000110000111111000000111100000000000000
0000000000000001111100000011101100001110001000011000010000110000100001100001000011000100000111010000001111100000001110000
0000000000000001111000000110001000011000001000100000010001000000100010000001000100000010001000001100001000110000011110000
0000000000000000111000000001101000000110010000001000100000110011000001001100000010011000000101100000001110000000010000000
0000000000000000111100000011111000001100110000110000110001100000100010000001000110000110001100011000011011100000011110000
0000000000000000100000000011110000001110110000111000110001100001100011000011000110001100001111110000001110000000000000000
0000000000000000110000000011111000001111111000111000110011100001110110000011101110111110011111111000000110000000000000000
0000000000000001100000001111111000011000011001100000011011000000010110000000100100000011001110001100000111110000000000000
0001100000000111000000011100111000110000011001100000011001100000110011000001100111000011000111111100000111100000000000000
0000000110000000111110000011111100001111111000111111110001111001100011000011001110111110011111111000011111100000111100000
0000001100000000111000000011111000001110011000111100110011100000110110000001111100000111011111111100011111100000000000000
0000000000000001110000000111100000001001000000010101000000100010000001000100000010011000000100010000000100000000001110000
0000000000000000011000000001010000000100100000001001000000100010000001000100000000010000000000100000000010000000011000000
0000011000000001111000000111010000001101110000011011110000110001100001000011000110000110000110011000001111100000001100000
0000000000000000111000000010001000001000010000110000110001000000100010000001000100000010001100001000001111110000000110000
0000000000000000000000000001110000001101111000100000001011000000110100000011001100011100001111100000000000000000000000000
0000000100000000111110000011111100001110111100111000011011100000110110000011011100001110111111111000111111000000110000000
0000000000000001111000000111110000011101110001110011100011100011100111000111000110001110001111111100001111110000000010000
0000000100000000011000000001111000000110010000011000100000100001000011000010000100001000001000110000011111000000011000000
0000000000000000011000000011110000000111010000010000100001100001000011000010000100000100001000011000011001100000011110000
0000000000000000111000011111111000011000011000100000011011000000110110000001101100000011001000000100011000011000011111100
0000010000000011110000000111111000011010010000100000110001000000100010000001000100000110001100001000011001110000011110000
0000001000000001111000000011010000001100100000011001100000100011000001000110000110000100001000011000010001100000011100000
0000111000000001111100000011011000000110011000011000110000110001100011000111000110011100001111111000011111000000000000000
0000000000000000000000001001100000110111110001100000110010000000110100000000101100000011001100011100001111100000000000000
0001100000000110000000001100100000011011110001110011110001100011110111000011100111000011000111111100000111100000000000000
0000000000000000011100000001111100000111011000111000110011100011100110001110011101111000011111000000011000000000000000000
0000000000000001110000000010010000001100110000010000100001100000100011000001000110000110001100001000001111110000000110000
0000000000000000000000000011111000011000011001100000011010000000010100000000101000000111001111110000000000000000000000000
0000000000000000011010000001111100000111001000011000010001100000100011000011001100001100011000110000011111000000011000000
0000000000000001111110000111111100001100001000110000010001100000100110000001001000000110111000111000111111100000011100000
0000000000000000110000000011111000001100111000110000010011000001110100000111011000111100111111100000111100000000000000000
0000000000000000010000000011111000011110011000110000011011000000110110000001101100001110001111110000000000000000000000000
0000000000000000011100000011111100001110001100111000011001100000110110000011001100011100011111100000011110000000000000000
0000000000000000011000000001110000000111100000011111100001110011000011000100000110001000001101100000011111000000011000000
0000000000000011111000001111111000001111111000011100110001110001100011100111000110011110001111111000011111100000011100000
0000000000000001111110000111111110011110001100111100011011110000110111000001101110000111001111111100001111110000000000000
0000000000000000111000000000111100011000001001100000011010000000111100000001001100001100011111110000001100000000000000000
0000000000000000011110000001100100000110001000011000010001100001100010000010001100001100010001110000111110000000100000000
0000000100000000111100000011111100001101011000011000010001100001100011000011000110011100001111110000011111000000010000000
0000000000000000000110000000111100000011111100011100110001110001000111000110001100111000111111000000100000000000000000000
0000000000000000111000000011111000001110111000110000010001100000100011000011000100001100001101110000011111000000001100000
0000000000000000001100000001111100000111111100011000010001100001100110000011011100001100110001110000111110000000110000000
0000000000000000111100000011101100001100011100110000011011100000110110000011001100001110011000111000111111000000111100000
