0000000000000000000000000000100010000010001000001100110000110011000011111100000000110000000011000000001100000000000000000
0000000000000000000000000000100010000010001000001100110000110011000011111100000000110000000011000000001100000000000000000
0000000000000000000000000000100010000010001000001100110000110011000011111100000000110000000011000000001100000000000000000
0000000000000000011000000100110000011000100000110001000001100010000011111100000010001000000000110000000001100000000000000
0000000000000000100000000001000000000100000000001001000000110010000000011000000000010000000000110000000001100000000000000
0000000000000000100000000001000000000100000000001001000000110010000000011000000000010000000000110000000001100000000000000
0000000000000000100000000011000000000111000000011010000000111100000000011000000000010000000000110000000001100000000001000
0000000000000000000000000000010000000100100000011011000000111100000000011000000000110000000001000000000010000000000100000
0000000000000000100000000011000000000111000000011010000000111100000000011000000000010000000000110000000001100000000001000
0000000000000000100000000001000000000100000000001001000000110010000000011000000000010000000000110000000001100000000000000
0000000000000000000000000000010000000100100000011011000000111100000000011000000000110000000001000000000010000000000100000
0000000000000000000000000000000000000000000000000000000000000000000000000000000000000000000000000000000000000000000000000
1111111111111111111111111111111111111111111111111111111111111111111111111111111111111111111111111111111111111111111111111
