0000000000000000111110000011101110001110001100110000011011000000100110000011001000001100011011110000111111000000000000000
0000000000000011110000001111111100111111111001111000111011100001110111000011101110001110001111111000011111100000001110000
0000000010000000001110000000111100000111001000001000110001100001100110000110001000011100011111100000111100000000000000000
0000000000000000111110000011111100001110011000111000110001100011000110000110011100011100011011110000111111000000000000000
0000000000000000000000000000111110000011110100001100011000110000100011000011001100011100011111100000111100000000000000000
0000000000000000000000000000001100000001111000001110110001110011000110001110011111110000011110000000000000000000000000000
0000001000000000111000000001010000000110110000001001100000110011000001000100000010011000001101100000011110000000011000000
0000000000000000011000000111111000011111111000110000010011000000010100000000101000000011010000011100111111100000000000000
0000111000000011111000001111111000111000110001110001110011100011100111000111000111000110001111111100000111111000000011000
0000000000000000000000000000111100000011111000011111110011111111101111111111011111111000011111000000000000000000000000000
0000000000000000000000000000100000000111110000011111100001110001000010000110000111111000000111100000000000000000000000000
0000000000000000000010000000111100000011111100011100011001110001100111000111001000111100111111100000111100000000000000000
0000000000000000001110000000111110000011101000001110010000011001100001100110000110001000001101100000111110000000111000000
0000000000000000011110000001111100000110001100011000001001110000110010100011001100001100010000110000111111000000110000000
0000000000000000110000000011110000000100100000011001000000100010000001000100000010001000000100110000000111000000000100000
0000000000000000011000000001110000000010100000001101000000010010000001100100000010001000001100100000011110000000011000000
0000000000000000001110000001110110000100000000010000010001000000100100000011001000001100110000110000111110000000000000000
0000001000000000001000000010001000001000010000010000100000100001000001000010000010000100000100010000000111100000000000000
0000000000000011110000000101110000011100100000011001100000110001000001000010000010000110000110001000000110110000001111000
0000000000000111110000001110111000011000011000110000001001100000010011000000100110000010000110000100000110110000000111100
0001000000000111110000001101110000010000100000100001100001000001000011000010000110000110000110001100000111110000000000000
0000000110000000111110000011111110000111111100011100110001110011100111111110011101111100011111100000111110000000110000000
0000000000000001110000000111111000011111111001110110111011000000110110000001101110000111001111111100001111100000000000000
0000000000000010111000000111111000011110011000111000010001110000100011000001000110000110001100001100011101110000011111000
0000000000000000000000000001111000000111111000011100110001110001100110000011011000000100110000111001111111000000000000000
0000000000000000000000000001000000001111111000110000011011000000110110000001101111111110001111111000000000000000000000000
0000100000000111000000001010000100110000000101000000001010000000010100000000101100000011001100001100001111110000000000000
0000010000000011110000001110011000111000111001100000011011000000110110000001101100000010001110001100001111110000000110000
0000001100000000011100000011101000011011011001100000110010000001100100000011001000001100011001110000111111000000010000000
0000010000000001111000000111111000011100010000110000100001000001000011000110000111011100001111111000001111100000000000000
0000000100000000011100000001111000000111110000011101100000110011000011001100000110011000001111100000011110000000010000000
0000001000000000111000000000010000000110110000001001000000010010000001101100000011010000000110100000001110000000001000000
0000000000000010111000000111111000011110011000111000010001110000100011000001000110000110001100001100011101110000011111000
0000000010000000011110000001111000001110011000111000110001100001100110000011001100000100011000111000111111000000011000000
0000000000000001100000000111111000010000001001100000011010000000010100000000101100000001001100000110001111110000000000000
0000000000000000111000000000110000000000010000011100100001100001000010000010000100000100001000011000011111100000001100000
0000000100000000111100000011111000001110010000111000100001100001000110000110001100001100011001110000011111000000011000000
0000000000000011110000001111110000111000110001100000110011000001100110000011000100000110001100001100001111110000001111000
0000000000000000011000000001110000000100010000010000100000100001000010000010000100000100001000010000010001000000011100000
0000000000000000000000000000000000001101110001100000010100000000101000000001001000001100000111100000000000000000000000000
0000000100000000011100000000111000000011010000001100100000110001000011000010000100001100001000110000011111000000011000000
0000000010000000011100000001111000000110110000011001100000110010000011000110000110011000001101110000011110000000011000000
0000000000000001111000000010011000001100010000010000110000100001100011000010000110001100001100111000001111000000001000000
0000000000000001110000000110010000001000010000111000110001110000100011000001000110000010000100001000001100110000001111000
0000000000000000000100000001111100001111111100011110011001100001100111000110001100011000011011100000111110000000000000000
0000000000000000110000000011110000001100100000011001100000110010000000100100000001011000000011100000000011000000000100000
0000000000000001100000000111110000011110011001100000010010000000010100000000101100000001001110001100000111100000000000000
0000000000000000000010000000011110000001101100001110010000111001100011100110001101111000011111000000010000000000000000000
0000000000000000111000000011110000001101110000110001100001000011000010000100000110011000001100110000001111000000000100000
0000000000000000000000000001111000000110111000110001111001000001010110000110001000001000011000110000111111000000000000000
0000000000000000010000000001110000000111111000011100110011100000100110000001001000001110011111110000111110000000000000000
0000000000000000111000000011011000001100010000011000100001100001000011000010000110000100000100001000001100100000001111000
0000000000000000001100000001110010001100000100110000001010100000010100000001001000000100011000110000011110000000000000000
0000000000000000000000000111111000011001011000100000011011000000010110000001001000000110011000111000011111000000000000000
0000001000000000111000000010001000001100011000010000010001000000100010000010000100000100001000010000001111000000001000000
0000000000000000011100000011111100001110001100111000110001100001100110000110011000011000111111100000111110000000000000000
0000000000000011111000000110011000001000010000110000100001100001100011000001000110000010001100001000001101110000001110000
0000010000000011110000000100000000011001110000100000110011000000100110000001000100000010001100001100001111110000000110000
0000000000000000011110000011111110001110001100111000011011100000100110000011001100001110011000111000111111000000111100000
0000001100000000111100000011000100001100001000011000010001100000100010000011001100001110010000111000100111100000000000000
0000000100000000011100000001111100000111011000011100110000110001100011000110000110011100001111110000011110000000010000000
0000000000000001111000000111011000010000010000100000010001000000100010000001000100000010001100001100001111100000000000000
0000000100000001111100000010001000001100010000011000110000100001100011000011000010001100000110111000001111100000000100000
0000000000000000011000000001001000000100010000011000100000100001000011000010000100001000001100100000001111000000001000000
0000010000000011111000000111111000011000011000110000011011000000110110000001101000000110011000111000111111100000000000000
0000000000000000001100000111111110110111001100001100011000010000100001100011000110001100001100110000011011000000111100000
0000000000000000011110000011111110001110001100111000011011100000100110000011001100001110011000111000111111000000111100000
0000000000000001100000000011110000001100110000010000110001100000100011000011000110000100001100111000001111100000001100000
0000000010000000001100000000111100000011111000001111100000110001000011000110001110001100011001110000111111000000110000000
0000000000000000011000000011111000000110010000011000100000110001000001000110000110001000001000110000011111000000111000000
0000001000000000111100000010011100001000011000110000100001000001000110000010001000001100010000110000111111000000011000000
0000000000000000011100000001111000000111011000001100010000110001100011000011000110001100001100110000011011000000111100000
0000000000000000001000000001101000000100010000011000100000100001000011000110000100011000001001100000011110000000010000000
0000001100000001111110000110000100011000001100110000011011000000110110000001101100000111011100111100011111110000001100000
0000000000000000000000000011111000001111111000111000011001100000110110000011001100001100011000110000011111000000000000000
0000011000000011111100001011001100011111001000111000011001100000110110000001101100000111011110111100011111110000000110000
0000000000000000011100000001001000000100010000011000110000100001000011000010000110001100001100110000001111000000001000000
0000000000000000001110000000110100000011001100001100011000110001100011000011001100011100110011110000111110000000000000000
0000000000000000011000000001111100000011111000001110110000111011100001101110000111111000001111100000011110000000110000000
0000000000000000000000000000110000001000011000110000001010000000101100000010001000111000001100000000000000000000000000000
0000000000000000111000000000110000000011110000011100100001100001100110000010001000001100011000110000111111000000011000000
0000000000000111111000001000001000010000001000100000010001000000100010000001000100000110001100011000001111100000000000000
0000001100000000101100000011000100001100001000110000010001000000100010000001000100000100001000011000001111100000000000000
0000100000000001110000000011110000001101110000010001100000100001100011000011000110000100000100011000001111100000000100000
0000000000000000011100000001111000000110010000001100100000110011000001000100000110011000001101100000001110000000011000000
0000000000000000000000000111110000011111111000111100111001110000110110000011101100001110011111110000011111000000000000000
0000000000000000011000000011111100000111000100011100001001101000110010000001001100000110011000011000110011100000111100000
0000000000000000111000000001010000000100010000010000100001000001000010000010000100000100001000001000001000100000001110000
0000000100000000011000000000111000000010010000001000100000110001000001000010000100001100001000110000011111000000011000000
0000000100000000111100000011111100000110011000011000110001100001100011000011001100001100001111111000011111000000001000000
0000000000000000000000000000110000000111101100011111011001100000100110000110001100111000001111100000000000000000000000000
0000000000000000000000000001110000000111100000011111100000110111000011001100000111111000000111100000000000000000000000000
0000000000000000000000000001100000001111111000111111111001111111110111111111001111111100001111110000001100000000000000000
0000000010000000011100000001110000000110100000001101000000110010000001000100000010011000000111100000001110000000000000000
0000010000000001101100000111011100001100011000110000010001100001100111000011001100001100011100110000011111000000001000000
0000000000000000011000000001111000000110010000011000100001100001000011000110000100011000001000110000011111000000010000000
0000001100000001111100000111111100001100011000110000010001100000100110000011001100001100001111110000011111000000011000000
0000000000000011111000001111111000111111111001110001110011000001100110000011101110001110011111111100011111100000000000000
0000000010000000011110000001111100000110011000011000110001100001000010000110000100001100001001110000011110000000000000000
0000011010000000110010000011000110001100000100111000001001100000110110000011001100011110011111110000011110000000000000000
