0000001000000000011100000011000100001100001000110000010001000000100100000011001000000100010000110000111111000000010000000
0000000100000000011100000001111000001111111000011101111000110001100011000111000110011100011111110000111111000000010000000
0000000000000001101100000111001100001100001000110000010001100000100010000001000100000010001100001100001111110000000000000
0000000000000000100000000001001000000110001100001000001000110000110011000111001100111000011111000000110000000000000000000
0000000000000000011110000001111110000111001100001110010000011001100011100011000110001100011000110000111111000001111000000
0000001000000000111000001110001000010000010000100000110011000001100010000010000100001100001100011000001111100000000100000
0000000110000000110100000001001100000100001000011000010001100001100010000011001100001100011011110000111110000000000000000
0000000000000001111100000011111100001111011000011100110001110001100011000011001110001110011101111000111111100000111000000
0000000010000000011110000001100100000110001000011100010001110000100010010011000100000100011000110000011111000000111000000
0000000000000000111000000011111000011111111001111001111011100000110011000001100110000111001111111100001111100000000000000
0000000000000000001100000000111000000011111000001100011001100000110110000001101000000110010001110000111110000000000000000
0000000000000011111000001100110000110000110001100000110010000000110110000001101100000011001110001100001111110000000000000
0000000000000000111100000011111000001110011000011000110001110001100011000011000110001110001100111000011111110000001100000
0000000000000000111000000000110000000000010000011100100001100001000010000010000100000100001000011000011111100000001100000
0000000000000011011000000111101100011110001100110100001001000000010110000000100100000011001100001100011111110000001110000
0000010000000001111000000110011000011000010000100000010001000000100010000001000100000010001000001100001111110000001100000
0000000000000000011100000001111100001110011000011000111001100011100110000111011000011100110111100000111100000000000000000
0000000100000000011100000001111000000110110000011001100000110011000001000100000010011000000101100000001111000000001100000
0000000000000000110000000011110000001100110000110000010010000000110100000000101000000011011000001100011111100000000000000
0000000000000011110000001100011000010000010001100000010010000000110100000001101000000011011000001100011111100000000000000
0000000000000000111100000011101100001110001000010000010001100000100010000010000100000100001000110000010011000000111100000
0000000000000000111100000011101100001100011000110001110001000011100110000110001000001000010000110000111111000000111100000
0000000000000000011000000001110000000111110000011100100000100001000011000110000100001000001000110000001111100000001100000
0000000000000000111000001111111000111110011001100100011011111000110111100000100110000011001110001100001111110000000000000
0000001100000001111110000011001100001100001100110000011011000000111100000011011000001110111011111000111111000000000000000
0000000000000000000000000011111100001111001100100000001011000000010100000001101000000110011000111000011111000000000000000
0000000000000000011000000001111000000111111000011110110001111000100111000001001100000010111100011100111111100000000000000
0000001000000001111110000111111100011110011001111001110011100011100111000111001110011100011111111000011111100000011010000
0000111000000011111100000111111000001100111000111000111001110000110111000011101110011111011111111100011111100000001110000
0000000000000111111000011111111000000000011000100000010001000000100011000011000110000110000110011000000111110000000111000
0000000000000000011000000001111000001110001000110000011011000000110100000001001000001110011111110000001100000000000000000
0000000000000000011100000011111100001100000100110000001001000000110110000001001100001100011100110000011111000000000000000
0000000000000001111000000010000000001000010000010000100000000000000000000000000000000100000100011000000111100000000100000
0000000000000001110000000111111000001011110000110001100001100011000011000110000110001100001100110000001111100000001110000
0000000000000001010000000111111000011000011000110000011011000000110110000000101000000001011000000110111111111000000000000
0000000000000001110000000011100000001101100000011011000000110010000001100100000011011000000111110000000111100000000100000
0000011000000001111000000111111100011101101100110010011011100000110110000001101100001110011001111000011111000000000000000
0000000000000000111100000111111100011110011100111000111011100000110110000011101110111111011111111000001010000000000000000
0000000000000000111100000011111100001100011000011000110001100001100011000110000110011100001111110000011111000000000000000
0000001000000000111100000011111000001100011000110000110001000001100010000011001100000100011000111000011111000000011000000
0000000110000000011000000000100000000010010000001000100000110001000011000100000100011000001001011000011100000000000000000
0000000000000000110100000011011100001100011000010000110001100001000011000110000110001000001100100000011111000000011000000
0000000110000000111110000011101100001100011000110000110001100001100010000110001100011100001011110000011111000000011000000
0000000000000000111100001111111000011110001000011000011001100000010011000001101100000111011001111000111111000000000000000
0000000000000000111000000111011000011000111001100000111011000000110110000001101000000011011000011100011111110000001000000
0000100000000011111100001100001100010000001000100000010001000000100010000001001100000010001000001000011111100000001000000
0000010000000010111000001100011000010000010000100000010001000000100010000001000010000010000100001000000111110000000110000
0000000000000000011100000000101000000011010000001100100000010011000001100100000010001000001000000000010010000000011000000
0000010000000001100000000010010000001100010000010000100000100001000011000010000110000100001100010000001111000000001100000
0000000000000000111100000111111100011110011100111000011011100000110111000011101100001110011001111000111111100000111100000
0000000000000000111100000011101100000110001000011000010001100001100011000011000100001100011101110000011111000000010000000
0000000000000000111100000011101100001100001000110000010001000001100110000011001000001100011000110000111111000000010000000
0000000100000000111100000011111100001110011000111000011011100000110110000001111100000110111000111000111111100000011100000
0000000000000000001110000001111100000111101000011100110001110001000011000110001110011100001111100000011110000000011000000
0000000100000000011100000001111000000110110000011000110001100001100011000011001100001100011000110000111111000000011000000
0000000000000000111100000011001100001100001000010000010001000000100110000001001000000110011000011000011111100000001100000
0000000000000000011000000011101000000100010000011000100000100010000001000100000010010000000100100000001010000000011000000
0000010000000001001000000010010000001100010000110000110001100001100011000010000110011100001111100000000100000000000000000
0000000000000001101100000010011100001100111100110001011001000000110110000011001100001110011001111000111111000000010000000
0000000000000000111000000011111100001111111000111110111001100001110111000011001110001110011100111000011111100000011100000
0000000000000000111000000011111000001110110000011000100001100001000010000110000100001100001001110000011111000000011000000
0000000000000001111000000010011000001000010000010000110000100001100010000010000100000100001000010000001001000000011100000
0000001000000000111000000011011000000100110000001101100000110011000001000110000110001000001100100000001110000000001000000
0000000000000001111000000111110000001100110000011000100001100001100001000010000010001100000110111000001111100000000100000
0000000100000000010110000100000100001000001000100000000001000000100010000001000100000100001000110000011110000000000000000
0000000100000000111100000011111100000111111000011001110001110011100011001110000110111100001111110000011111000000010000000
0000000000000000001100000001111000000111001000010000010000100000100010000010000100000100001000000000001001100000011110000
0000000000000000000000000110100000010000110001100000010001000000010010000000000011000001000011111100000000000000000000000
0000000000000011110000001111110000001000110000010000100000100001100001000010000010000100000100011000001111100000001110000
0000000000000000111000000111111100111100111011111000111111100001110111000011000111001110001110011000001111100000000100000
0000000000000011111100000111111100011000011000110000010001000000110010000001001100000010001100001100011111110000011111000
0000000000000001100000000111111000011000011001100000010011000000110110000001101100000011001100000100001110111000001111000
0000000000000011110000001111111000001000110000010000110000100001100011000001000110000110000100001000001111100000001110000
0000001100000001111100000111001100011100001000111000010001110000100011100001000111000110000111111000000111100000000000000
0000010000000001110000000111111000011000110000110000110011000000100110000001001000000110011000001100011000110000001110000
0000001100000001111100000111111100011000001000100000011011000000110100000001001000000110011001111000111111100000011000000
0000000000000000001100000001111100000011001000011100100000110001000011000010001100001000011000110000111110000000111000000
0000000000000000000000000000111100000111001100011000001001100000100110000011001100011100001111100000000000000000000000000
0000001000000001111000000011111000001100011000110000010001100000100010000001001100000110001100011000011111100000001100000
0000000000000000000000000000111100000011110000001110110001110000100111000011001111111110011111100000000000000000000000000
0000000000000000001110000001111100000110011100011000010001100001100110000110001100111000111111000000111000000000000000000
0000000000000000000100000011111110001111111100110100010011000000110110000001101100000110011001111000111111000000000000000
0000000000000000100000000011111100001110001100111000011001100000100111000011001100001100011001110000111111000000010000000
0000000000000001110000000111110000001101100000110001100001100001000011000010000110000110000110011000000111110000000110000
0000000010000000011100000001111000000111011000011000110001100001100010000010001100001100011000110000011111000000001000000
0000000000000000000000000011111000001111111000111000110011000000100110000001101000001110011111111000111111000000000000000
0000011000000001111000000011110000001100110000011001100001100011000011000110000110001100001111110000001111000000000000000
0000000000000001100000000111111000011000111000100000110001000000100110000001001100000100011000111000011111000000110000000
0000110000000011111000000110011000011000011000110000011001000000010110000000100110000001001111101100000111110000000000000
0000000000000000011100000001111000000110110000011001100000110011000011000110000110011000001100110000011111000000011100000
0000001000000000111100000011111100011110011000111000010011100000110110000001111100000110011111111000111111100000011100000
0000000010000000011110000001100100000110001000011100010001110000100010100001000101000100001000010000011111000000011000000
0000000000000000000000000011110000011111111000110001111011000000110110000001101100001110001111111000001100000000000000000
0000000000000000001000000011110000000110100000001001000000010010000000101100000001011000000011100000000111000000001100000
0000000000000001111000000000011000001000110000010001100001100011000011000110000110001000001100110000001111000000000000000
0000000000000001111000000010001000001100010000010000100000100001000001000010000010001000000100010000001001000000001110000
0000000000000011111000000111111000001111111000011000110001100001100011000011000110000110001100111000011111100000011100000
0000000000000000000000001111110000011111111001100000011011000000110111000001100111111110000111111000000000000000000000000
0000000000000001100000000011111000001111111000011000110001100001100011000110000110011100001101110000011110000000011000000
0000011000000001110000000110011000001000010000110000100001100001000011000010000110001100000110110000000111000000000000000
