0000001100000000111100000011111000001111111000011100110001111011100011101111000111111100001111110000011111000000010000000
0000000000000000001100000000111110000011111000011100110000110011000011001110000100011000011011100000111110000000110000000
0000000000000011110000001000010000000000010000000000100000000001000000000010000100000100000000110000001010000000011000000
0000000000000000000000000011111100011111101001110010011010000000111100000001011000000110011001111000011111000000000000000
0000000000000000000000000111111100011111111100111100111011100000110110000011101100001110011111111000011110000000000000000
0000000000000000111100000011111100001110011000111000011011100001100110000011001100011100011111110000111110000000000000000
0000000010000000011110000000111100000111001000011100010001100001100010000010001000001100010001110000111110000000110000000
0000000000000001111000000111111000011111110000111101100000110011000001100110000011011000000111110000001111000000001100000
0000000000000000111100000011111100001110001000111000010001100001100111000011001110011100011111110000011111000000011000000
0000001000000000111100000001111000000011010000001100100000110001000001100010000110001100001110110000001111000000001100000
0000000000000011111000001111111000011110110000110000110011100001100111000011100110000110001100011100001001110000011110000
0000000100000000011000000000111000000010010000001000100000110001000001000010000100001100001000110000011111000000011000000
0000000000000000011110000001111100000101101000000110010000011001000000100010000010001000001000110000110011000001111000000
0000000100000000111100000011101100001110010000011000100001100011000010000110001100011000011011100000011110000000010000000
0000000000000000111110000011101110001100001100110000011011100000110110000001101100000110011000011000111111100000111100000
0000010000000001111100001111111100011000001100100000011010000000010100000000101100000001011111111110001111111000001010000
0000000000000000001110000001111100000111011000011100110001110001000111000110001100011000011011100000111110000000000000000
0000000000000000111100000011001100001110011000011000010001100001100010000011001100001100011001110000111111000000110000000
0000000000000000011100000001111100001111111100111000011011110001110111000011001110011110011111111000001111000000000000000
0000001000000000111100000010011100001000011000110000100001000001000110000010001000001100010000110000111111000000011000000
0000000000000000011100000000111000000011110000001111100000011110000001111100000011110000000111000000001110000000000000000
0000000000000000111100000011101100001100001000011000010001111000100010000001000100000110001000011000011011100000011100000
0000110000000001111100000110111100011000011001100000110111000001100110000011001100000110011111111000011111100000000000000
0001100000000011100000000111110000001111110000011111110000110011100001100011000111001110000111111100000111110000001100000
0000000000000000000000001100000000111100110001110001110011000011110111100111100111111111000011111000000000000000000000000
0000010000000001101100000111011100001100011000110000010001100001100111000011001100001100011100110000011111000000001000000
0000000000000001111100000111101100001110001000111000010001100000100011000001000100000010001000000100011000110000011111000
0000000000000000111000000011011000001110010000010000100000100001000001000010000010001100000110010000001111100000001110000
0000000000000000111100000111111000011000011000100000010011000000100100000011001000000110010000111000111111100000111000000
0000000000000000111000000011111000001100110000010000100000100011000001000110000010001000000100110000001101000000001110000
0000000000000101111100011000001000100000001011000000011110000000100100000001001000000110001000111000001111000000000000000
0000000000000000111100000011111100000111010000001000100000110001000001000010000110001100001000110000011111000000011100000
0000000000000000110000000111110000001100110000011001100000100001000001000010000011001100000110011000000111110000000111000
0000001000000001111000000111110000001100010000010000100000100001000001000010000010001100000100110000001111000000001100000
0000000000000000110000000011110000001101110000110000110011000000110110000001101100000111001110111100001111100000000000000
0000000000000000001110000100111110011000000101100000011011000000110110000011001100011100011001110000111110000000000000000
0000010000000001110000000100110000001001100000100000100001000000100010000001000110000010000100000100000110110000000111000
0000000000000000011000000001110000000011110000001100100000110001000001000110000110011000001001100000010110000000111000000
0000000000000000100100000111111100001000011000110000010001100000100010000011000100000100001000001000011000100000011110000
0000000000000011110000000111110000011100110000110000110011100000110110000001100110000011001111111100001111100000000000000
0000001100000000111000000010001000001100010000011000100000110001000001000010000010001100000110111000001111100000000000000
0000000000000000011100000011111100001100011000110000011011000000110100000001001000000010011000011000011111100000000000000
0000000000000000110000000011110000001000100000100000000001000001000010000010000010000100000100010000000100100000000100000
0000001100000000111000000011111000000111110000011011110000110011100011000110000100011100001111110000011111000000000000000
0000000000000000000010000001100110000110000100011000001001100000100110000110001100111000001111000000000000000000000000000
0000000000000001111100001111111100111100001101110000011011000000110110000001101100000110011111111100011111110000001100000
0000000000000000000100000000111100000011001100011000010001100001100100000110011000110000111111000000000000000000000000000
0000000000000000000000000000000000000001111000111100001011100000010101000001001111001100001111000000000000000000000000000
0000000000000000110000000011111100011111111001100000011010000000111100000011011000000110010000011000111001100000111110000
0000000110000000011110000011111100001110111000111000110011100011100110000110001100111100011111110000111110000000000000000
0000000000000011111000000111111100011000111100110000011001100000110110000011001100000110011100111000011111100000111100000
0000000000000000111000000011111100001110011000110000011011000000110110000011011000001110011111111000111111000000000000000
0000000000000001111000000110010000001000000000110000100001000001100010000011000100000110000100001000000111110000000110000
0000000000000000000000000001111100001111111100111110001011010000110101000011101110111110001111110000000000000000000000000
0000000000000000001110000001110110000100000000010000010001000000100100000011001000001100110000110000111110000000000000000
0000000000000000001110000001111100000111111000011100110001110001000111000110001100011100011111110000111110000000110000000
0000000000000000111100000011111100011100011000110000111011000001110110000111011100111110011111110000011110000000000000000
0000000000000001110000000111110000001000110000010000100001100001000011000010000110001100001100010000001111100000001110000
0000001000000000110000000001110000000110100000001001000000110011000001000110000010011000001101110000001111000000001000000
0000010000000001111000000011010000000100110000011000100000100001000001000010000110000100000100011000001111100000000000000
0000000000000000000000000011110000011111111000110001111011000000110110000001101100001110001111111000001100000000000000000
0000010000000001111000000011111000001100110000011000110000110001100011000011000110000110001100111000011111100000001000000
0000000000000001111000000010010000001100000000010000100000100001000001000010000010000100000010010000000111100000000000000
0000000000000001111000000110011000001000011000110000010001100000100010000011000100001100001000110000011111000000001000000
0000000000000000001000000111111100011000011001100000011011000000110100000001001000000110011000011000011111100000001100000
0000000000000001110000000011010000001100010000010000100001000000100010000001000100000110001000011000011111100000001100000
0000000000000011100000001100100000010000100000100001100001000001000010000010000110000010000100001100001110110000000111000
0000000000000110000000000011110000000100110000011000100000100001000001000010000010001100000100011000001111100000000100000
0000000000000000111000000110011000001000010000010000010001100000100010000011000100000100001000011000011011100000011100000
0000000000000000011100000001111100000111111100011000011001100001100110000111001100011100110011100001111110000001110000000
0000000100000000011100000001111100001111111100111111111001111101100111011011001100111100011001110000011111000000011000000
0000000000000000001110000001110100000110001100011000011000110000100011000010000100001100001001100000110110000000111000000
0000000000000001111000000111111000011100111001110000110011000000101100000011011000001110111111111000111111100000000000000
0000001000000001111000000010011000001000010000100000100001000001000010000010000100000100001000011000001011100000001100000
0000000000000001100000000111100000011111111000110100011001000000010010000000100100000001001100001110001111110000001100000
0000100000000011110000000111111000001100011000110000011001100000110011000001000110000010001110001100001111111000000111000
0000000110000000111110000011100100001110001100011000110001110001100111000011001110001100011001110000111111000000110000000
0000000000000000000000000000111100001111111100110000111011000001100100001110011001111000111111000000111000000000000000000
0000000000000000011100000001111100000110111000111000110001100001100110000011001100000110010000001000110001100000111110000
0000001000000001111000000111111000011111011000111000110001100001100011000011000100001110001100011000001111100000000100000
0001100000000011000000001101100000011011100000110011100001100011000001100011000011001110000111111000000011100000000000000
0000000000000000111100000111111100011111011001110000010011000000110110000011101100000110001000001100011111110000001111000
0000001100000000111100000011001100000100011000011000100000100001000011000110000100011000011001100000111110000000110000000
0000000000000000110000000011111000001100111000110000010011000001110100000111011000111100111111100000111100000000000000000
0000000000000001111100000011111100011110111100111100111001110001110111000011101110001110011001111100111111110000111110000
0000000000000000010000000001111110000110001100011000001001100000010010000001001000001100011111100000011100000000000000000
0000000100000001111100000110011000001000110000100000010001000000100100000001001000000100001000011000011111100000001100000
0000000000000001111000000111111100011100111000110000111011000001110110000011001100001100011100111000011111100000011110000
0000010000000000110000000011110000000100100000011000100000100001000011000011000110000100001110011000001111100000000000000
0000000000000000000000000000111100000011111000001100010001100000100110000011001000001100010000110000111110000000000000000
0000001000000000111000000011110000000110010000011000100000100011000001000100000110011000001001100000011111000000010000000
0000001000000000011000000001100000000111100000001101000000110011000001100110000011011100000111110000000111100000000100000
0000000000000000011100000011111100011111011101111100111011110001110111000111001111111110001111110000001100000000000000000
0000000000000011111000001111111000011000111001100000110011000001100110000011001110000110001111111000001111100000000110000
0000010000000001111000000111111000011000110000110001100001100001000010000010000110001100000100011000001111100000000100000
0000000000000000000110000001111110001110000100111000011011000000100110000011001000001100010001110000111110000000000000000
0000000000000000011100000001111100000011001000001100110000010001000001000010000100001100011000110000100011000001111100000
0000000000000000111100000111111000111111010100111000100001100001000010000110000100001100001000110010011111100000011110000
0000011000000011111000001111111000011000111001110000111011000001110110000001101100000110011100111100011111110000001100000
0000000000000000011110000000111000000011010000001101100000110011000011001100000100110000011111000000111100000000000000000
