0000000000000001100000000111110000001101110000011000100001100001100011000011000110000110001100011000001111100000001100000
0000000000000000111000000011111000001111110000110010100001100001000110000010001100001100001000011000011111100000011110000
0000000000000001110000000111111000011000111001100000110011000000110110000001101100001110011111111000011111000000000000000
0000000000000011111000001111001000110110011001001000011010000000010100000000101100000001001100000110001111111000000000000
0000001110000000100010001000000100110000001001000000010010000000100100000011001000001100010001110000011110000000000000000
0000000000000000001100000001111100000111111100011100110001110011100111001110001100011000011111100000111100000000000000000
0000000000000000000000000000111000000111111000011000010001100000100110000011001111111100000111100000000000000000000000000
0000010000000001111000000010111000000111110000111100110011100001100110000001001100000110011100011100011111110000000110000
0000000000000000111100000111111100011100011000110000110011000000100110000011101000000110010000011100110011110000000000000
0000010000000001111000001111010000011000010001100000110011000000100110000001001100000011001100000100001111111000000010000
0000000000000001011000000100010000010000010000100000110001000000100010000001000100000010000100001000000110110000000010000
0000000000000000110000000001110000000110100000001101000000010010000000100100000001011000000010100000000110000000000000000
0000000000000111110000001111111000111010111001100000111011000000110110000000101100000011011100001110011111111000001111000
0000000000000000111100000001111100000111011000011101110011110001100111000011001100011100011111110000111110000000110000000
0000000000000000001000000000110000000011010000000100000000010010000000000100000010001000000100100000001001000000011100000
0000000110000000111100000011100000001110010000011001100001100011000010000110001100011100001111110000001110000000000000000
0000000000000000111100000111101100011100001001100000010010000000101100000001001000000100011000011000011111100000011000000
0000000000000000011100000001111100000110011000011000110001100001100010000010001100001000011001100000111111000000111000000
0000000110000000111100000011100000001110010000011001100001100011000010000110001100011100001111110000001110000000000000000
0000000000000011110000000100110000010000010000100000010001000000100010000000100100000001001000000100001111110000000100000
0000000000000000011110000001100100001110001100110000010011000001100100000110011000011000011111100000011110000000000000000
0000000000000000111000000111111000011000011001100000011011000000110110000001101100000110001111111100001111100000000000000
0000000010000000011100000001111000000111010000011100100001110001100011000010001100001100011100110000011111000000011000000
0000001100000001111100000110011000011000011001110000110011100001100011000011000110000110001110011000001111100000000100000
0000001000000000111110000111001100001100001100110000011001100000110110000001101100001110011000111000111111100000011100000
0000001100000001111100000111101100001111011000111000010001110000100110000001001000000010011000001100111111110000001110000
0000000000000000111000000011010000000100100000011001000000100010000001000100000010001000000100110000001111000000000000000
0000010000000001010000000100010000001000100000010000100001000001000010000010000010000100000100011000000111000000000000000
0011000000000110111000001001011000110000011001100000011010000000110100000001101000001110011011111000011111000000000000000
0000000100000000111100000011111000000110010000011000100000110011000011000110000110011100001111110000011111000000011000000
0000000000000001110000000110010000011001111001100111111011000000110110000001101100000110001111111000001111100000000000000
0000000000000000111110000111111110011111001101111000011001100001110111000111001100011100011101111000111111000000111100000
0000001000000000111000000001110000000110110000011000100000100001000010000100000100001000001000110000011111000000011000000
0000010000000001110000000010110000000100100000011001100000110001000001100010000011001100000110011000000111100000000000000
0000000000000001111000000111110000001100110000011000100000110001000001100010000011101100000110110000001111100000000100000
0000000000000000011000000000011000000111110000010000100000100001000010000010000100001100000100010000001001000000001100000
0000000000000000111000000010010000000100110000011000100000100001000001000010000010000100000100001000001100100000001111000
0000000000000001111000000111111000001100010000010000100000100001000001100010000010001100000100111000001111100000011110000
0000001000000001111000000011011000001100110000011000100000110001000001000010000010000100001100111000001111100000011100000
0000000011000000011110000011111110001111011100111000010001100001100111000011001100011100011111110000011111000000010000000
0000000100000000111100000011001000000100010000011000100001100011000010000100000100001000001000100000011111000000011000000
0000000000000000111000000001110000000101100000001001000000010010000001100100000010001000000100110000001111000000001000000
0000001000000001111000000110011000001000010000110000110001100000100010000001000110000110000100001100001111110000000000000
0000000000000000110000000011110000001101110000010000110000100001100001000010000100000100001000010000001001100000011100000
0000000000000000111000000001010000000100010000010000100001000001000010000010000100000100001000001000001000100000001110000
0000000000000111100000001100100000010000100000110001100001100001000011000011000010000010000110001100000111110000000000000
0000000000000000011000000011111000001110011000110000110001100001100110000110001100001100001100110000011111100000011110000
0000000010000001111110001111111100011000011001100000011011000000111100000011011000000110011000111000111111100000011000000
0000001000000000111100000011111000001100110000110000110001100001100110000011001100001100011111111000011111100000010000000
0000000000000011100000001100100000010000100000100001100001000001000010000010000110000010000100001100001110110000000111000
0000000000000001111100000111001100011000001100110000001011000000010110000001101100011110011111110000011100000000000000000
0000000000000000011100000111111100011000001100100000011011000000010100000001101000000010011000011000011111100000011000000
0000000000000001111000000111111000001110110000111111100001100111000011000110000011001100000110111000001111100000001111000
0000000000000000001000000001111100000111001000011000011001100000100110000011001100011100011011100000111110000000000000000
0000000000000000100000000001001000000110001100001000001000110000110011000111001100111000011111000000110000000000000000000
0000001000000001111100000011001000001100010000011000100000110001000001000110000011011000000111110000001111000000000100000
0000000000000000110000000011110000001101110000010000110000100001100001000010000100000100001000010000001001100000011100000
0000000000000000000000000111111000010010001001100000001011000000010010000000100100000011000110011000000111000000000000000
0001000000000011000000001111110000011111110000100111100001100011000011101111000111111100000111111000000011100000000000000
0000000000000001111100000110011100011000111000100000010011000000110110000001101100000110011100111000011111100000000000000
0000000000000000011110000000111100000111010000011000110001100001100110000010001100001100010001110000111110000000110000000
0000000000000001100000000111110000001100110000110000110001100001100011000011000110000110001100011000001111100000000100000
0000000000000000111000000111110000011111110000111000110001100000110111000001100110000011001110000110011110011000001111100
0000000000000011110000001111111000011000111001100000010011000000110110000001100110000111001111111100000111110000000000000
0000000000000001111100000111001100011000001100100000001011000000010110000001101100000110001100111100011111110000001100000
0000001000000000011000000011011000001100010000010000110001100001100010000010001100001100001000110000011111000000000000000
0000000000000000011100000011101100001110001000011000010000100000100011000001000110000010001000001100011000110000011110000
0000000000000000000000000011100000011111110001110000011011000000010110000000100110000011000111111100000001100000000000000
0000001000000000110000000011110000001111110000011111110001100001100010000011001100000110011000011000110011110001101111000
0000000000000000011110000011111110001110001100111000011011100000100110000011001100001110011000111000111111000000111100000
0000001000000001111000000111110000011000110000100000110001000000100010000001000100000010001100001100001111110000000110000
0000010000000011111000001100011000011000011001100000010011000000100110000001001100000011001000001100011111110000001100000
0000000000000000111000000011111000001100011000110000010011100000100110000001001000000110110000011000111111100000000000000
0000000000000000001110000001110110000100000000010000010001000000100100000011001000001100110000110000111110000000000000000
0000001000000001111100000011011100001100011000110000010001000000110110000001101100000010001100011100011111110000000100000
0000000000000000011110000001111110001110001100111000110011000001100110000011001000001100011011110000011111000000000000000
0000000000000011111000001111111100111110011001100000011011000000010110000001101100000111001100011100001111110000001110000
0000000000000011111000000111111000011000011100110000011011000000110110000001101100000110011100111000011111100000011100000
0000000000000001111100000111001100011000001100110000001011000000010110000001101100011110011111110000011100000000000000000
0000000000000000011100000000101100000011001000001110010000110001000001000010000110001000001100110000011011000000011100000
0000000100000000011000000001100000000010100000001101000000010010000001100100000010001000000100110000001111000000001000000
0000001000000000111000000011111000001110110000110000110001100001100110000011001100001100011101110000011111000000000000000
0000000000000001111000001110011000110000110001000000110110000000101100000001111000000010011000000100011111110000000000000
0000000000000000111100000001100000000110100000010000100001100001100010000001001100000010001000001100011111110000001100000
0000010110000000101100000011001000000100011000011000110000110001000011000110000110011100001111110000011111000000000000000
0000000000000000110000000011110000001101110000110000110011000000110110000001101100000111001110111100001111100000000000000
0000000010000000001110000001111100000111011000011100110001110001100111000110001100111100111111100000111100000000000000000
0000000000000000001110000001111100001110001000111000011011000000100110000001001110000110001111111000000111100000000000000
0000000000000000111000000010001000001000010000010000000000100001000011000010000010000100000100010000001111000000000000000
0000000000000000111000000011111000001111110000011000100000110001000011000010000110001100001100110000001111100000011110000
0000000000000011111000000111111100011111111001110000110011000001100111000011000110001110001110111000001111100000001110000
0000010000000011110000001111111000011001111001110001110011100001110111000011101110000110011111111100011111100000000000000
0000000010000000000100000000111100000111110000011101100000110011000011000100000110011000001101100000011110000000010000000
0000000000000001100000000111111000001111110000110000110001100001100011000011000110001110001111111000011111000000000000000
0000000000000001111100000111111100011110011100111000111011100001110111000011101110001111011111111100011111100000000000000
0000001000000001111100000010011000001100011000110000110001100001100011000011000110000110001100011000001111100000001100000
0000000000000000001100000001111000000111010000011100100001100001000011000010001100001100011000110000111111000000011000000
0000000000000000000000000001111100000110001000011000011001110000100011000011001100001110011011110000111110000000000000000
0000001000000000111000000011110000000110010000011000100000100011000001000100000110011000001001100000011111000000010000000
0000000000000000011100000001111100000110011000011000011001100000100110000011001000011100011011100000111100000000000000000
