0000000000000000000010000011111100001110111000011000010001100001100110000011001100011100011011110000111110000000100000000
0001100000000011110000000111110000011111110000111011100001100011100011000111000111011110000111111000001111100000000100000
0000000000000001111000000111110000011101110001110011100011100011100111000111000110001110001111111100001111110000000010000
0000000000000000000000000111111000011000011000100000011011000000110110000011001100011110011111100000000000000000000000000
0000000000000111111000001000011000100000001001000000011010000000110100000001101100000011001100001110001111111000000000000
0000000000000011000010001100000110110000001101100000001011000000110110000001101100000110011100110000011111000000000000000
0000000000000000011000000011111100001111111000111100111011100001110110000011011100011110011111111000011111000000000000000
0000000000000000000100000001111100000111111000111111101001111100110111100001001110000110111111111001011111100000000000000
0000000010000000001110000000111100000001101000001000010001100001100011000110001101111100011111100000111100000000000000000
0000000000000000001110000000111110000011101100011110011001110001100111000110001101111100011111100000011000000000000000000
