0000000000000000100000000011111000001111111000111111111001100001110111000111101111111110011111100000000000000000000000000
0000000000000000011100000001101000000010010000001100100000010011000000100100000011011000000111100000001110000000001000000
0000000000000000111000000011111000000101010000010000100000100000100010000001000100000100001000001000011000100000011110000
0000000000000000111100000011111100001100011000110000110001100001100110000011001100001100011001110000111111000000111000000
0000001000000000111000000011001000001100010000010000100001100001000010000010000100001100001000110000011111000000001000000
0000000000000000000000000010011000001111111000111011110011110011110111000111101100011110001111110000001100000000000000000
0000000000000001111000001111111000011000011000110000110001000000100010000011000110000110001100011000001111110000001111000
0000000010000000001110000001111100000111011000011100110001110001100111000110001100111100111111100000111100000000000000000
0000001100000000111100000011111000001111111000011100110001111011100011101111000111111100001111110000011111000000010000000
0000000000000000001111000001111010000110000100011000001001100000100110000111001000011000011111000000001000000000000000000
0000000000000000011100000111111000001111011001111100011011000000111110000001111100000110011111111000011111100000000000000
0000000000000000111100000011111100001100001100011000001001100000010011000000101100000010011000001100110000110000111100000
0000000000000000011110000001110110000110001100011000011001110000100011000011001100001110011000110000111111000000110000000
0000001000000000111000000010011000001100011000010000110001100011100011001110000100111100001111110000011111000000010000000
0000000100000000111100000111111000011100011000110000110011000000100110000011001100001110011100111000011111100000000000000
0000000100000000111110000001111100000111111000011100110001110011100111001110001100111000011111110000111110000000010000000
0000000000000111110000001110111000011000011000110000001001100000010011000000100110000010000110000100000110110000000111100
0000000000000001110000000110010000001000010000010000110000100001100001000010000010001100000111110000000110000000000000001
0000010000000001110000000111100000001111100000110001100001100001100011000011000110000110001100011000011111100000001100000
0000001000000001111000000110011000001000011000110000010001000000100010000001000110000110000110011000001111100000000000000
0000000000000011111000001111111000111110011011111100011011100000110110000001101100000110001100011100001111110000001111000
0000011100000000111000000001111000001110011000011000110001100001100011000110000110011100001111110000001111000000000000000
0000000000000000110000000111111100011111111001100100011010000000010100000001101100001110011111111100001111000000000000000
0000010000000011110000000100010000010000010000100000010001000000100010000001000110000100000100011000000111100000000100000
0000000000000010000110001110011110111101100101110010001011000000010110000001101100000011011100000100011111111000001111000
0000000000000000011100000011111100011101111000110000110011000001100110000011001100000110011000001100011111110000011111000
0001000000000110110000001011011000010000010000100000010001000000100010000001000100000010001100000100000111110000000010000
0000010000000011110000000100011100011000001101100000001011000000010100000001001100000110011000111000011111100000000000000
0000000000000001111100000011111000001110010000011000100000110001100011000011000110001100001100011000011011100000011110000
0000000000000000000000000011111000001110011000100000010010000000100000000001010000000100110000010000011110000000000000000
0000000000000001100000000110111000001101111000110000110001100001100011000011000110000110001100011000011111100000001110000
0000000000000001110000001111110000011110110001100000110011000000100110000001000100000011001100000100001110011000000111100
0000001000000001111100000111111100001100011000110000110001100000110110000001101100000110001110111000001111100000001100000
0000000100000000111100000011111100001100111000010001110001100011100010000110001100001100011000110000111111000000110000000
0000011000000000111000000010100000001100001000110000011001100000100011000011000110000100000111111000000111000000000000000
0000000000000000011110000011111110001111101100011000011001100000110111000011001100011110011111110000111110000000000000000
0000000000000001100000000111100000001100100000011001000000100011000011000110000110001100000100110000001111100000001100000
0000001000000000011000000001111000000111110000011100100001110011000011001110000110111000011111110000011110000000011000000
0000001000000000111110000111000110011100000100110000001011100000110110000011001100000110011000110000011111000000001000000
0000001000000001111100000110011000011000010000100000010001000000100010000001000100000010001100000100001111110000000110000
0000000000000001111000000111111000011000011001110000011011000000110110000001101100000011001100011100001111110000000000000
0000000000000011111000001110011000011000011000110000110001000000100010000001000110000110001100001100001111110000001111000
0000000000000001111000001110011000110000010001000000010010000000100100000001101100000110001100011000001111100000000000000
0000000000000000011110000001111100000111001100011100011001110000110111000011001100001100011011110000111110000000000000000
0000001000000000111000000011110000001111100000010001100001100001000011000010000110001100001100111000001111100000000100000
0000000000000000011110000011111100001110001100111000011001100000110110000001101100001110011001111000111111000000111000000
0000100000000011110000000111111000011100110000110000110001100001100010000001000100000010011110001110011111111000000110000
0000000000000000110110000011101100001110011000111000110001100001100011000111001110001100011111110000011111000000010000000
0000000000000001110000000011110000001110110000011001100001100011000011000110000100011100001001110000011111000000011100000
0000000000000000111110000011100100000100001100010000010001100000100010000010001100001100011000110000011111000000010000000
0000000100000000011100000001111000000111110000001100100000110001000011100110000110011100001001110000011110000000010000000
0000000000000000001110000011111100001111001100110100011001000000100110000001001100001100010000110000110111000000111100000
0000011000000001111000000000011000000110010000011000100000100001000011000011000100000100001000011000011111100000011100000
0000010000000011111000000110011000011000010000110000110001100000100010000011000100000110001100011100001111110000000010000
0000010000000001110000000010110000001101110000011001100000110011000001100110000011001100000111010000000111100000000100000
0000000000100000000111000000111010000011000000001100010000100000100010000010001000001000010001100000111110000000000000000
0000001100000000111100000011011100000101111000011111010000101001100011110010000101001100001010110000011111000000001000000
0000000000000001111000000011110000001111110000011011100000100011100011000110000110001100001100111000011111100000011100000
0000000000000001100000000111111000011101110000110000100001100001000011000010000110001100000110110000001111100000000100000
0000000100000000111100000111111100011111111000110000110011100001100111000111000111111110001111111000011111100000001000000
0000000000000000111100000111111100011001001001110000010011000000100100000011001000000110011001111000011111100000000000000
0000000000000000000000000001110000000011110000001100100000110001000011000110000110111000000111100000000000000000000000000
0000000000000000110000000111111100011111111100111000011011100000010101000000101010000011011100011100011111110000000000000
0000000000000000001100000001111110000111001100011100011001110001100111000111001100011100011001110000011111000000011100000
0000000000000001111000001000001000010000010001100000010000000000100010000001000100000010000000000100001000000000001111100
0000000000000001111100000111111100011110001100110000011011100000110110000001101100000011011100011100011111110000011110000
0000000000000001111100000111111100011110011100110000111011100001100111000111001100011100011011110000111111000001111100000
0000000000000001100000000010000000001000100000010000100000100001000001000010000010000100000100010000001001000000000100000
0000000000000000011000000001111000000011110000001101100000010011000001100100000011011000000111100000001111000000011000000
0000010000000011110000000111111000011111110000110000110001100001100011000011000110001110001111111000001111100000000100000
0000000010000000111110000011111100001111001100111100111001110000110111000001101100000110011001111000111111100000011100000
0000111000000001011000000110011000011000010000110000110001000000100110000001001100000010001110011000001111100000000000000
0000000000000000011100000011111100000111001000011100010000111000100001100001000110000100001000010000011111000000111000000
0000001000000000111100000011111000000110011000011000110001110001100011000011000110000110001100111000001111100000001000000
0000000000000010000000011111111000111111111000111111110001100000100011000011000010000110000110011000000111110000000111000
0000000000000000011000000111111000111100111001110000011011000000110110000001101100000110011100011000011111100000000000000
0000000000000000001110000001111000000111111000011111110011110001101111000011011100001110111111111000011111100000000000000
0000000000000000000000000110111100011011001100101000001011000000010110000011001000001110011001110000011110000000000000000
0000000000000001111000000011011000001100011000011000110001100001100011000011001100001100011001110000011111000000010000000
0000000000000000000000000001111000011111111000100100010010000000110100000001001000001110011111110000000000000000000000000
0000001000000011111000001111111000111000111001100000110010000001101100000011011000000110011111111100011111110000000100000
0000000000000000111100000111111000111111010100111000100001100001000010000110000100001100001000110010011111100000011110000
0000000000000000011110000011000110001100001100110000010001000001100110000110001000011000010011100000111100000000000000000
0000000000000001111000000010001000001100010000010000100000100001000001000010000010001000000100010000001001000000001110000
0000000000000000000000000111111000011111111001111100110011100001100110001111101111111110011111111000011110000000000000000
0000010000000001110000000100110000001001100000100000100001000000100010000001000110000010000100000100000110110000000111000
0000000000000000110100000011001100001100001000110000011011000000110110000001001100001110011111111000001111000000000000000
0000000000000001111000000111111100011100011001110000011011000000110110000011001100000110011111111000111111100000000000000
0000000000000000100000000111111000011111111001110011110011000001110110000011001100011110011111111000011110000000000000000
0000001100000000111100000011101100001100011000011000110001100001100011000011000110001100001111110000011111000000011000000
0000000000000000011000000001111000000101111000001000010000100001000001000010000000001000001000110000011011000000011000000
0000000000000000011100000001111000000010010000001100100000110011000001000100000010011000000101100000001110000000001000000
0000010000000001110000000111110000001000110000110000110001000000100010000001000100000010001000001100001111110000001110000
0000000000000011111100001111111100011110011001110000111011100001110110000111101110011110001100111100011111110000011111000
0000000000000001111000000111111100011110011100110100001011000000010110000000101000000010011000001100011000110000011111000
0000000000000000111100000111111100011001001001110000010011000000100100000011001000000110011001111000011111100000000000000
0000000000000000011100000011111000001111110000111100100000110011000011000110000110011000001101110000001111000000001100000
0000000000000000001000000000111100000011111000001110010000010000100001000010000100011000011111100001111000000000000000000
0000001110000000110100000001000100000100011000011000010001100001100010000011001100011100011111100000011100000000000000000
0000110000000011111000000110011000011000011000110000011001000000010110000000100110000001001111101100000111110000000000000
