0000000000000001111000000010011000001100010000010000100000100011000011000100000110011000001101100000001110000000001000000
0000000000000000011110000001111100000110111000011000010001100001100011000011000100001100011000110000111111000000111100000
0000000000000001111000000111110000001100110000011000100000110001000001100010000011101100000110110000001111100000000100000
0000001000000001111100000110000110001100000100110000001001000000010110000001001100000110011000111000011111000000000000000
0000000000000001101000000010001000000100010000010000100000100001000001000010000010000000000000010000000101000000000000000
0000000110000000011110000001100100000110011000011000110000100001000011000110001100001000011001110000111110000000110000000
0001100000000011000000000111000000001111000000011011000000110011000001100110000011000100000011111000000011100000000000000
0000000000000001111000001111111000011111110001110001110011100001100011000011000110000110001110011100011111110000011111000
0000000000011000100100000011001100001100001000011000011001100000110010000011000100001100001101110000011111000000000000000
0000100000000111110000001111110000011000110000110000100001000001100010000001000100000110001110011000001111110000000110000
0000010000000001111000000110011000011000011000110000110001000001100010000011000110000110001100011000001111100000001110000
0000001000000000111000000001011000000110010000011000100000100001100001000010000110001100001100011000001111100000001000000
0000000000000000111000000011111000001110110000111000110001100000100110000001001100001110011111111000011111100000000000000
0000000000000000110000001111111000110010011001000000110010000000110100000001101100000010001111111100000111100000000000000
0000000000000100011100001011111000011000001001100000010010000000110100000001001100000110001111111000001111000000000000000
0000000000000000111110000011111100000110011000011100110000110001100011000110000110011100011001110000111110000000111000000
0000000000000000111110000011111100001101001000011000010001100001100011000110000100011000011001100000011110000000111000000
0000000000000000111000000011011000001100010000011000100001100001000011000010000110000100000100001000001100100000001111000
0000000000000000001110000001110110000100000000010000010001000000100100000011001000001100110000110000111110000000000000000
0000000000000000001100000000111000000111001000011000110000100001000010000010001100001000010001110000111110000000000000000
0000001000000000111000000000010000000000100000011001000000100010000001000100000010011000000100100000001111000000001000000
0000000000000001111100000111111100011111111001110001110111000001111100000011011000001110011111111100111111110000111110000
0000000000000001111100000011111100001100001100110000011011000000110110000011001100001110011011110000011111000000011000000
0000000000000000011000000011111000001110111000110000010011000000100100000001111000001110011111111000011110000000000000000
0000010000000001111000000011111000001111010000110000110001100001100010000011000100000100001100110000011111000000001100000
0000000000000000011110000011110100001111000100111100001001110000110111000001101100000110011000111000111111000000111000000
0000110000000011111000001100111000010000011000100000110001000000100011000001000011000110001110011100001111110000000111000
0000000000000000110010000011111100001100011000011000110001100001000010000110000100001100001000110000011111000000011000000
0000000000000001111000001111111100011111011001110100011011000000110110000001101100000011011100001100011111110000001110000
0000000000000000011100000001101000000110010000011000100000100001000001000110000010001000000100110000001011000000011100000
0000000000000000011100000011111000001110011000011100110001110001000011000110000100011000001111110000011111000000000000000
0000000110000000011100000001111000000111010000011000100000100011000011000110000110011000001000110000011111000000011000000
0000000000000000001110000000111100001110011000110000110011000001100100000010001100011100011111110000011100000000000000000
0000000001000000001110000000111110000111111100001100110001110001100011000110001100011000111011100000111110000000110000000
0000111000000000011000011000001000100000001001000000011010000000010100000000101100000010001100011000001111100000000000000
0000000000000000001100000000111100000011010000001101100000110011000011001100000100011000001001100000011110000000010000000
0000000110000000111110000011100100001110001100011000110001110001100111000011001110001100011001110000111111000000110000000
0000000010000000011110000001101100001110111000111000110001100001100110000011001100001110011000111000111111000000111000000
0000000100000000111000000001110000000110110000011001100000100011000011000110000110001000001100110000011111000000011000000
0000001000000000110000000001110000000010100000001001000000010010000000100100000010001000001100100000001110000000000000000
0000000000000000111000000111110000011111110000111000110001100000110111000001100110000011001110000110011110011000001111100
0000100000000011100000001111110000010000110001100000110011000000100110000001101100000011001100001100001111110000000110000
0000001100000000111000000011010000001111111000011100010001100000010011000000101110000011011110001100000111110000000000000
0000000100000000011000000001111000000110011000011000110001100001100011000010000110001100001111110000001111000000000000000
0000000000000000000000000000110000000100100000011001100000100011000001000100000010010000000101100000001110000000000000000
0000000110000000011110000011100100001110001000010100010001100000100010000011001100001100011001110000111110000000010000000
0000000000000000011110000000111000000011010000001101100000110011000011001100000100110000011111000000111100000000000000000
0000110000000011111000000110011000011000011000110000011001000000010110000000100110000001001111101100000111110000000000000
0000000000000000011000000011111100000111000100011100001001101000110010000001001100000110011000011000110011100000111100000
0000000000000000011000000001000000001110000000010000100001100001000011000100000010001000000110010000000111000000000100000
0000000000000000011000000001001000000100010000011000100000100001000011000010000100001000001100100000001111000000001000000
0000000000000000111100000111111100011010001100110000001001000000110110000001101100000110011000011000011111100000000000000
0000000000000000001100000000111100000110000100011000001001100000010110000001101000000110011111110000001100000000000000000
0000000000000000111000000001100000001101100000010001100000100001000001000010000010000100000110010000000111100000000000000
0000000001100000001100000000110000000110001000011000110001100001000010000110000100011000001001100000011110000000000000000
0000110000000001111000000000011000001000011000010000010001100000100011000001000110000110001100011000001111100000001110000
0000000000000001110000000011110000001100110000010000100001100001100010000001000100000110001100011000001111100000000000000
0000000000000001111100000011111100001111011000011100110001110001100011000011001110001110011101111000111111100000111000000
0000000100000000111100000001101100011000011000010000100001100001000011000010000110001100001100110000011111000000011000000
0000001000000001111000000111111000001100010000110000100001100001100011000010000110000100000100011000001111100000001000000
0000000000000000011100000000101100000011001000001110010000110001000001000010000110001000001100110000011011000000011100000
0000000000000000000000000000111000000111111000111110010011111001100101100110000011111000000111100000000000000000000000000
0000001000000000111100000010000100001100001000011000010001100000100011000011000100001100001000111000011011100000010000000
0000000100000000011100000001100100000011001000001100010000110001100011000010000100001100001001110000011110000000010000000
0000000000000000111100000001111100000110011000011000010000110001100011000011000110001100011001110000111111000000011000000
0000000000000000110000000011010000011100110000100001100001000001000010000010000100000100001000001000001001110000001111000
0000000000000000111000000011110100001100111000110000010001000000100010000011000100000100011000011000011111100000011100000
0000000000000000000000000000011110000011101100001110010000110001100011000010001100011000011011100000111100000000000000000
0000000000000000111100000111111100011100011000110000110011000000100110000011101000000110010000011100110011110000000000000
0000001000000001111000000100010000010000010000100000100001000001000000000010000100000100001000011000011111100000001100000
0000000000000001111000000111111000001101010000110000110001100001100011000011000110001110001110111000001111100000000000000
0000000010000000011110000001111100000111001000011100110001110011000111001110001100111000011111100000111110000000111000000
0000000000000000011100000001111000000111110000001001100000110011000011000110000110001000001100110000001111100000000000000
0000000000000000000110000000101110000011000000000010001001111000100011000010001100001000011111000000000000000000000000000
0001110000000011111000000110010000001100110000010000110000100001100011000011000110001100000110111000001111100000000100000
0000000000000000011000000011000000001101100000010001000000100011000000000010000100001100001000110000011110000000000000000
0000000000000000111000000010001000001000010000010000000000100001000011000010000010000100000100010000001111000000000000000
0000000000000000100100000111111100001000011000110000010001100000100010000011000100000100001000001000011000100000011110000
0000000000000000000000000011111000011110011001110000011011000000010110000001100110000110001111111000001111100000000000000
0000011000000001101100000110001000001000001000110000010001000001100010000010000100001100001100110000011111000000001000000
0000000000000000011100000001101000000110011000011000110001100001100010000011001100001100010000010000110011000000111100000
0000000000000000111000000111111100011000011000110000011011000000110110000001101100000110011000011000011100000000000000000
0000001000000000011100000001111000000111011000011100110000110011000011000110000110011000011001100000111111000000011100000
0000000000000000111000000011110000000100100000011001000000100010000001000100000010001000000110110000001111000000000100000
0000000000000000011000000001100000000011100000001101000000010010000000100100000001001000000010110000000111000000000100000
0000000000000000110000000011100000000111110000011011100000100011000011000110000110011100001111110000011111000000000000000
0000010000000011110000000100010000010000010000100000010001000000100010000001000110000100000100011000000111100000000100000
0000000000000000111100000011111000001100010000011000110001100001100011000010000110001100001100110000011111000000011100000
0000000000000001111000000111110000001101110000110001100001100001100011000011000110000110001100011000001100110000001110000
0000000000000010000000001111000000110011100001000001110010000000110100000000100100000011001100001100000111110000000000000
0000001000000001111100000011001100000100011000011000110000100001000011000010000110001000001100110000011110000000011000000
0000000000000000011100000001111000000010011000001100100000011011000001110100000010011000001100100000011111000000011000000
0000000000000000000000000000011100000011100100001100011000100000100010000110001000011000011111000000000000000000000000000
0000000000000000011000000001111000001111110000011111100001101011000011000110000110001000001100110000001111100000001110000
0000000000000001111000000111111000011110111000111000110001100000100110000001101110000011001100001100001111110000000111100
0000011000000000111000000110001000011000001000110000011001000000110110000001101100000010001110111000001111000000000000000
0000000110000000011110000011111100001110001000110000010011000001100110001111001000111100110001100001101110000001011000000
0000001100000000011100000001111000000111011000011000110001100001000010000010001000001000010001100000111111000000111000000
0000010000000011111000001110111000111000011001100000110011000000110111000001100110000010000111001100000111111000000010000
0000000000000001110000000000110000000100100000011000100000100001000001000010000010001100000110010000000111100000000010000
