0000000000000000000010000001111100000000110000000011000000001100000000010000000011000000001100000000110000000011000000000
0000000000000000000000000011111000011100010000000001100000000010000000011100000011110000000001000000000100000000001000000
0000000000000000000000001111100000111011100000000001000000000010000000001100000000011000000000110000000001000000000010000
0000000000000000000000011111111000011101100000000011000000000110000000011000000000110000000001100000000111000000001100000
0000000000000000000000000011111000011111110000111101100001000011000000001110000000011000000000110000000011000000000110000
0000000000000000000000001111100000111111100000000001000000000010000000001100000000011000000000110000000001000000000110000
0000000000000001110000111111110000000000100000000011000000000110000000001110000011111000000000100000000011000000000110000
0000000000000000000000000000110100000011011000011000100000100011000010000100000000010000000001100000000110000000001000000
0000000000000000000000000111100000001001000000000010000000001100000001111110000001111100000001000000000010000000000010000
0000000000000000000000000011111100001111111000111000100001000011000000001100000000010000000001100000000110000000011000000
0000000000000000001000000001111000001111010000110001100000000111000000001100000000110000000011000000001110000000111000000
0000000000000000000000000111111001111111110011110011100000000111000000001100000000111000000001100000000011000000001110000
0000000000000000000000001111111100011111111000000001110000000111000000011100000001110000000011000000001100000000111000000
0000000000000000000000001111110000001101100000000011000000000110000000001000000000110000000001100000000110000000001100000
0000000000000000000000000011110000111100100000000011000000000110000000111110000010110000000001100000000010000000000100000
0000000000000000000000000000010000000011110000001100100000100010000000001100000000100000000010000000001000000000110000000
0000000000000010001000000111110000000001100000000010000000001100000000011000000000100000000011000000000110000000001100000
0000000000000000000000000000011100111111111101111111110000001011000000001110000000111000000011100000001111000000001100000
0000000000000000000000000101111000011110010000100000100000000011000000000100000000011000000001100000000010000000001100000
0000000000000000000000001111100001111111110011000011100100000011100000000011000000001110000000011000000000110000000001100
0000000000000000000000001111110000011111110000000001110000000011000000011100000001110000000011000000001100000000110000000
0000000000001110000000001111000000000011000000000110000000011111100001111100000000011000000000110000000001000000000110000
0000000000000100000000001111110000000111100000001111000000011110000000111100000001110000000011100000000111000000000110000
0000000000000000000000000000011100111111111001111011100000001110000000011000000001100000000011000000001100000000010000000
0000000000000000000000000000000000011111111011000000011010000000100100000001000000000100000000010000000001000000000100000
0000000000000000000000000111111000011111110000100001000000000110000000001100000000110000000001000000000110000000001000000
0000000000000000000000000001111000111111111000000001100000000010000000001100000000010000000001000000000110000000011000000
0000000000000001000000000011111000001100110000011001100000100110000000011100000001110000000111000000001100000000110000000
0000000000000000000000011111111000000000110000000001100000000110000001111100000111110000000001000000000110000000001000000
0000000000000000000000000011100000001101000000010011000000000110000000000100000000011000000000110000000001000000000010000
0000000000000000000000000011110000111100100001000001000000000010000000000100000000010000000000100000000001000000000010000
0000000000000000000000001111110000011111000000000010000000001100000000011000000000110000000001100000000011000000000110000
0000000000000010000000001111100000000001100000000001100000000010000001111100000011111000000000110000000001000000000010000
0000000000000000001000001111110001111110100000000001000000000110000000001100000000011000000000100000000001000000000011000
0000000000000000000000001110010000111111111000111111110000000111000000001110000000111000000001100000000111000000001100000
0000000000000000000000000111110000001110100000000001000000000110000000001000000000110000000001100000000110000000001100000
0000000000000000000000001111110000000001110000000001000000000110000000001000000000010000000001100000000010000000001100000
0000000000000000000000001111100000000000100000000001000000000100000000001000000000010000000000100000000011000000000110000
0000000000000001100000000111111000001111111000000001110000000111000000011100000001110000001111000000111000000001100000000
0000000000000000000000011000000000011111111000000111100000000010000000001100000000110000000001000000000110000000001100000
0000000000000000000000001111111000011111110000000011000000000110000000011000000000110000000011100000000110000000001000000
0000000000000000000000000001110000000111100000001011000000000100000000010000000000100000000010000000000100000000010000000
0000000000000000000100000000001000000111100000011111000000100100000001001000000000010000000001000000000010000000000100000
0000000000000000000000000000000001111111110011111101100000000011000000001100000000011000000001110000000011000000000111000
0000000000000000000000001100001000011111110000101111100001000010000010000100000000011000000000100000000011000000000100000
0000000000000000000000001111111000011111110000000001100000000110000000011000000000110000000011000000001100000000011000000
0000000000000000000000000000000001110001111011111111110000000011000000001100000000111000000001100000000110000000001100000
0000000000000000001000000111110000000000100000000011000000000100000000011000000000100000000011000000001100000000011000000
0000000000000000000000011111100000011111100000000010000000000100000011111110001111111111000001100000000010000000000100000
0000000000000000010000000011010000000000010000000000100000000010000000001000000000100000000010000000001100000000011000000
0000000000000001111000000000010000000000100000000010000000000100000000010000000001100000000010000000001100000000011000000
0000000000000000000000001111000000010001100000110000100001100001000000000100000000001000000000000000000001000000000010000
0000000000000000000000000000000000011111100000110001100000000010000000000100000000001000000000100000000001000000000010000
0000000000000000000000000000000000000011101100001110010001111000100111000010001000001000000000110000000010000000000000000
0000000000000000000000001100000000010111100000100001000001000010000010000100000000001000000000010000000000100000000001000
0000000000000000000000000000000100011111111000110000100001000010000110000100000000010000000001100000000010000000001100000
0000000000000000000000000011110000000111100000000011000000000110000000001000000000110000000001000000000110000000001100000
0000000000000000000000000001111100000111111000011111100000000110000000011000000001100000000111000000011100000001110000000
0000000000000000011100000011101100000000011000000000100000000010000000001000000001100000000110000000001000000001100000000
0000000000000000001000000011111000111110110000100001100000000110000000001100000000110000000011000000001110000000011000000
0000000000000000000000000000011000011111100000000111000000001111000001111100000001100000000011000000000110000000001000000
0000000000000000000000000000000000000111111011111111110111000011100000000110000000011100000000110000000011000000001110000
0000000000000000000110000011111100000111110000000111000000001100000000010000000001000000000110000000011110000000111000000
0000000000000100000000011111111000111111110000000011100000000111000000001100000000111000000001110000000011000000000110000
0000000000000000000000001111111100011001111000100000110000000011000000001100000000011000000001100000000110000000011000000
0000000000000000000000011000000000111111100001110111100011100011000010000110000000001000000000010000000001100000000001000
0000000000000000000000011110000000111111000000000111000000000110000000000100000000001000000000010000000001100000000011000
0000000000000000000000000111110000011000100000000001000000000110000000001000000000010000000001100000000010000000001100000
0000000000000000000000000111110000001111100000010001000000000110000000001100000000010000000001100000000011000000000100000
0000000000000000000000011111100001110011100000000011000000000011000000001100000000011000000001110000000011000000001100000
0000000000000000000000011111110000011111110000000001100000000110000000001100000000111000000001100000000111000000001100000
0000000000000000000000000111111000001100110000010001100000000110000000001100000000110000000001000000000110000000001000000
0000000000000000000000000111110000000111110000000001100000000111000000011100000000110000000011000000001100000000011000000
0000000000000000001000000011010000000000100000000010000000000100000000011000000000100000000001000000000110000000001000000
0000000000000000000000000111110000000000100000000001000000000010000000001000000000110000000001000000000100000000010000000
0000000000000000000000000111110000110000100000000001000000000100000000001000000000010000000001000000000010000000000100000
0000000000000000000000001110000000011111110000100001100000000010000000001100000000011000000001100000000110000000001100000
0000000000000000000000000111110000001000100000010011000000000110000000001000000000110000000001100000000010000000001100000
0000000000000000000000000011111100001100011000110001100000000010000000001100000000110000000011100000001110000000011000000
0000000000001110000000011111100000001111100001111111000010000011000001111110000011111110000011111110000001100000000011000
0000000000000000000000000111100100011111111000010000100001100011000010001100000100010000000001100000000010000000001100000
0000000000000000100000000011111100001101110000110001100000000110000000011000000001110000000011000000001100000000011000000
0000000000000000000000000000000000000111110011111101100110000001000000000110000000001100000000011000000000100000000001000
0000000000000000000000001111000000000001000000000001000000000010000000000100000000001000000000100000000001000000000100000
0000000000000000000000001000000000011111110000100001000000000010000000001100000000010000000000100000000011000000000100000
0000000000000000000000000001110000001111110000011001000000100010000000001100000000010000000000100000000011000000000110000
0000000000000000000000111111111001111111111000000000110000000011100000001110000000111000000011000000001100000000111000000
0000000000000000000000011000000000001111000000000001000000000010000000000100000000001000000000010000000000100000000001000
0000000000000000000000001000000000111111110000000001100000000010000000001100000000110000000001000000000110000000001000000
0000000000000000000000000111110000000001100000000011000000000110000000011100000111111000000000110000000001100000000011000
0000000000000000000000000011100000110001110000000000100000000011000000000100000000011000000000100000000010000000000100000
0000000000000011100000000101000000000010000000000110000000011110000011111000000000010000000000100000000001000000000010000
0000000000000000010000000011110000001111100000000001000000000110000000001100000000110000000001100000000110000000001100000
0000000000000000000000000111110000111100110001100001100011000011000010000110000000001000000000110000000001100000000110000
0000000000000000000000000000000000111111111011100000110000000001100000000110000000001000000000100000000011000000000100000
0000000000000000000000001111111000011000110000000001000000000010000000001000000000010000000001000000000010000000000100000
0000000000000000000000000001111000000111110000011000100000110011000001001100000000110000000001100000000110000000001000000
0000000000000000000000000000111000001111111001111111100001100011000000001100000000110000000001100000000110000000001100000
0000000000000000000000001111100000111111110000000001100000000011000000001100000000011000000001100000000111000000011100000
0000000000000000000000000001000000000111010000001001100000100010000000001100000000110000000001000000000100000000011000000
