0000000000000000100000000001000000000100000000001001000000110010000000011000000000010000000000110000000001100000000000000
0000000000000000011000000100110000011000100000110001000001100010000011111100000010001000000000110000000001100000000000000
0000000000000000100000000011000000000111000000011010000000111100000000011000000000010000000000110000000001100000000001000
0000000010000000001100000100010000011001100000100011000001000110000011111100000001111110000000110000000001100000000001000
0000000000000000000000000000100010000010001000001100110000110011000011111100000000110000000011000000001100000000000000000
0000000000000000001000000000110000000111100000011101000011111111000111111110000000011000000000100000000011000000000110000
0000000000000000000000000000010000000100100000011011000000111100000000011000000000110000000001000000000010000000000100000
0000000010000000000100000000001000000100100000011001000000100110000011111000000100100000000001000000000010000000000000000
0000000001000000000100000100011000001000110000110001000001000110000111111111001110011100000001100000000010000000000000000
0000000000000000100000000011001000000100110000001001100000110110000000101100000000010000000001100000000010000000001100000
0000000000000000010000000001110000000100100000010001000001100010000011111100000000001000000000010000000000100000000001000
