0000000000000000111000000011110000001110000000011100000000111110000001100110000011000100000010001000000110110000000111000
0000000100000000001000000000100000000011000000000110000000001000000000111000000001010000000011100000000110000000000000000
0000001000000000110000000001000000000110000000011000100000110111100001011001000011101100000111110000000010000000000000000
0000000011000000000100000000110000000011000000001100000000110111100011111111000111111100001111100000001000000000000000000
0000000110000000111100000011000000000110000000011111100001101001100011010001000100100110001111011000001111100000000000000
0000001000000000110000000011000000000110000000011000000000100111000001011010000011000100000111110000000110000000000000000
0000001110000000110000000001000000000110000000011000000001101110000011111111000110000110001111111000000110000000000000000
0000001100000000110000000011000000001100000000110000000001100011000011001111000110010110000111111000000111100000000000000
0000011000000001100000000010000000001100000000011001000000100111000001001110000011011100000011111000000011000000000000000
0000010000000000100000000010000000000100000000001000000000101110000001110010000011011100000011110000000000000000000000000
0000110000000001100000000011000000001100000000011111100000111101100011110011000111111100001111110000000110000000000000000
0000000100000000011000000001100000000010000000001000000000010000000000111000000001001000000010010000000011000000000000000
0000000110000000011000000001000000000100000000110000011001000000000100001000101100100110001111110000000000000000000000000
0000011000000000100000000011000000001100000000110000100001000111100110011111001100111110001111111000000110000000000000000
0000000100000000010000000001100000000010000000001100000000010000000000111100000001101000000011110000000010000000000000000
0000001100000000110000000001000000000110000000011000000000100110000011111110000111001100000111110000000100000000000000000
0000110000000011000000000100000000011000110000010011100000101111000001111110000011111100000111110000000010000000000000000
0000011000000001100000000100000000010000000001000011110010001100010110010001101111111110000011110000000000000000000000000
0000010000000001100000000011000000000100000000001011100000110111000001011110000010111000000101100000001110000000000000000
0000001000000000110000000001000000000010000000001000000000010100000000100100000001001000000010010000000111000000000000000
0000010000000001000000000010000000000100010000000010010000101000100001100010000011001000000111100000000110000000000000000
0000001000000000010000000001100000000010000000001100000000011100000000101100000011011000000011100000000110000000000000000
0000000011100000001100000000110000000011000000001100000000111100000001111000000011110000001111000000001110000000000000000
0000001100000000110000000011000000000110000000001001100000111111000001110110000011001100001111110000000110000000000000000
0001100000000011000000001100000000010000111000100111110001001100100010010011000111111110000111111000000000000000000000000
0000001100000000110000000001100000000110000000001100000000011100000000101100000001001000000011110000000011000000000000000
0000010000000001100000000110000000001100000000110001111001000110010110011001101101100110001111111000000000000000000000000
0000000010000000001000000000100000000010000000001100000000110111000001110010000011001000001111100000001100000000000000000
0000000110000000011000000001100000000110000000011000000000111111000011111111000111001100001111110000011110000000000000000
0000000001000000000110000000110000000011000000001000000000111100000001111100000110001100001100010000001111000000000000000
0000011000000000110000000001100000000010000000001100000000011111000000111010000001101100000111110000000100000000000000000
0000000110000000011000000000100000000011000000001100000000011000000000111100000001111100000111110000001000000000000000000
0000001000000000100000000001000000000100000000001000000000100000000001000100000001101100000011110000000010000000000000000
0000000000000001100000000110000000001100100000011111100001110011000011100110000011001100000011011000000111100000000000000
0000011000000000110000000011000000000110000000001010000000111110000001100100000010001000000011110000000011000000000000000
0000001000000000110000000011000000000100000000001011000000110001000001000010000010001100000100110000001110000000000000000
0000001100000000110000000011000000001100000000010000000001100111000010110010000111000100000111110000000110000000000000000
0000001000000000110000000011000000000110000000001001100000111111000001111110000011111000000111100000000110000000000000000
0000000011000000011100000011110000001111000000111111000011111111000111100011001110000110001111111000001111100000000000000
0000000100000000010000000000100000000010000000000100000000010100000000111100000001100000000011100000000000000000000000000
0000001110000000111000000011100000001110000000111001000001101111000011011110000111111100001111110000000000000000000000000
0000000110000000001000000000100000000010000000001000000000110010000001001100000011111000000011100000000000000000000000000
0000001000000000110000000001000000000110000000001100000000111100000001111100000011001000000011110000000111000000000000000
0000000110000000011000000001100000000010000000001100000000110000000001111100000011101100001111110000001111000000000000000
0000100000000001000000000110000000001100000000011011100000101001000001110010000001101000000011010000000011000000000000000
0000001100000000110000000011000000000100000000011000000000100111100011111011000111101100000111110000000111000000000000000
0000100000000100100000001000100000100000000001000000000010000111110010010000000010000000000011000010000000111000000000000
0000000111000000011000000001100000000110000000011000000000111110000001111100000011111000000111110000000110000000000000000
0000001100000000011000000001100000000110000000001101100000111111000001111110000011111000000111100000001010000000000000000
0000000110000000011100000001110000000111000000001100000000111000000001101000000011111000000111111000000111100000000000000
0000000010000000001100000000110000000011000000001100000000110111000001001110000110111000001111100000001000000000000000000
0000001100000000010000000001100000000110000000001111000000110010000001000110000110001000001111100000001100000000000000000
0000001100000000110000000011000000000100000000010000000001100000000011111111000111000010000111111100000001110000000000000
0001000000000010000000000100000000001000110000010011100000101101000001010010000011101100000011110000000011100000000000000
0000000111000000111000000011000000001100000000110000000011000001100110001111001100110110001111111000011111000000000000000
0000001100000000110000000001000000000110000000001000000000111110000001100010000011000100000011111000000011000000000000000
0000000110000000001000000000110000000011000000000100000000011000000001111110000111111100001111100000001000000000000000000
0000000000000001100000000100000000010000000001000000011010000001010100000100101000000010001111110000000000000000000000000
0000000100000000011000000001100000000011000000001100000000111000000001111100000011101100000111110000000111000000000000000
0000000001000000001110000000110000000011000000001110000000011000000001100000000111000100001111111000001110000000000000000
0001100000000010000000001100000000010000000000100000110001000111100010001001000110111110000111110000000000000000000000000
0000011000000000100000000011000000001100000000011011100000111111100001110001000011000110000011111000000010000000000000000
0000000110000000001000000000100000000011000000001100000000110110000001011000000011111000000111110000000000000000000000000
0000011000000000100000000011000000000110000000011000000000111111100001111111000011111100000011110000000010000000000000000
0000001000000000110000000011000000000100000000011000000000100011100011001111000110111110001111110000001000000000000000000
0000010000000000100000000010000000000100000000001000000000101110000001110010000011011100000011110000000000000000000000000
0000001110000000110000000011000000001100000000110000000001001111100010110011000100000110001111111000001111000000000000000
0000011000000000110000000001000000000110000000001100000000010000000000111100000001001100000010011000000011100000000000000
0000100000000001000000000110000000001000111000010011010001111000100011100011000111001100000111110000000010000000000000000
0000010000000001100000000010000000001100000000010000000000111000000001111110000011000110000011111100000001100000000000000
0000010000000000100000000010000000000100000000010000000000101110000001110110000011000100000111111000000001100000000000000
0000001000000000010000000001000000000010000000000100000000010000000000111000000001111000000010100000000011000000000000000
0000000011000000001100000000100000000010000000001000000000100000000011011110000101101100001011110000001100000000000000000
0000100000000011000000000100000000011000000000100000000001111111100001000001000011000001000011000100000001110000000000000
0000001100000000110000000001000000000100000000001000000000110000000001111110000010000100000100011000000111100000000000000
0000001100000000110000000001100000000110000000011000000000110000000001111110000001111110000011111000000110000000000000000
0000110000000001000000000010000000001100000000011001100000100111100001001011000011100110000011111000000011000000000000000
0000010000000001100000000010000000001100000000010000000000100011100001001101000011100110000111110000000100000000000000000
0000010000000001100000000011000000000100000000011011000000111111000001110110000011111100000111110000000010000000000000000
0000000011000000001110000001110000000111000000011100000001100000000111111111001111000110011101110000111110000000000000000
0000000111000000011010000001000000000100000000011000000000100000000001001100000010111000000111110000000111000000000000000
0000000000000000111000000001000000000100000000001000000000100000000001000000000011000000000011111000000011100000000000000
0000011000000000110000000001100000000111000000001110000000011000000001111000000011111100000111111000000111000000000000000
0000001100000000110000000011000000001100000000010000000000111111000001100110000011100100000011111000000000100000000000000
0000110000000001000000000110000000001000000000010001100000100111000001011010000010100100000111111000000011000000000000000
0000000010000000001110000000100000000010000000001100000000011100000001101100000011001000000100110000001111000000001100000
0011000000000100000000001000000000010000000000100011110001001100100011010011000011100110000011111000000011000000000000000
0000010000000001100000000111000000001100010000011001110001101111100011111110000111111000001111100000001110000000000000000
0000000010000000011000000001100000000110000000011000000000100000000001111100000111001000000111110000000011000000000000000
0000000100000000010000000000100000000010000000001100000000010000000000100000000001111000000110010000000100000000000000000
0000110000000011000000001100000000010000111000100011110001001000100110110011000100001100001111110000011110000000000000000
0000000100000000011000000001100000000110000000011000000001100011100011011111000111111100001111110000000110000000000000000
0000000110000000110000000011000000000110000000011000000000111111000001111011000011000100000011111000000011000000000000000
0000001100000000010000000001100000000110000000001000000000111110000001111110000010001100000110110000000111000000000000000
0000000110000000011000000001000000000100000000010000000001100011000010011111001011100100001111111000000000000000000000000
0000000010000000001100000000110000000011000000001110000000011110000001110110000010001100000111110000001111000000000000000
0000000011000000001000000000110000000011000000000100000000011100000001100100000010001000000100100000001110000000000000000
0000000110000000011000000001000000000100000000011000000000100110000001110010000011000100000010011000000011100000000000000
0000001000000001110000000011000000001100000000010000000001101111000011010011000011000110000111111000000111100000000000000
0000100000000001000000000110000000001000111000010011010001111000100011100011000111001100000111110000000010000000000000000
