0000000000000001100000000011111100001111111000011000110000110001100011100011000111001100001111110000001111000000001000000
0000000000000001111000000111111000011111110000111101100000110011000001100110000011011000000111110000001111000000001100000
0000000000000000011000000000110000000011110000001101100000111001000001100110000110011000001101100000011110000000000000000
0000010000000001100000000110011100001000001000110000011001000000110110000011001100001100011001110000011110000000000000000
0000000000000000011100000001111100000011010000001101100000111011000001101100000011111000001111100000001110000000000000000
0000000100000000011100000011111100001111111000111100011001110000110111000011001100111100011111110000011110000000000000000
0000000100000000011000000001111000000110110000011000100000110001000011000110000110011100001111110000011111000000010000000
0000000111000000011110000001110000000011000000001100000000110000100001100011000010001100000111110000001110000000001000000
0000001000000000111000000011001000001100001000011000010001100000100011000011000110000100001100010000001111100000000000000
0000000000000011110000001111110000111000110001100000110011000001100110000011000100000110001100001100001111110000001111000
0000110000000011101100001000000100010000001101000000011010000000110100000001001000000110001000011000011111100000001000000
0000000000000000000000000001111000001111111000111100011011100000110110000111001111111100001111110000000000000000000000000
0000001000000001111100000011001000001100001000111000010001100001100110000011001100001110001000111000011111000000001000000
0000000000000000111100000011011000001101010000110000110001100001100010000011000100000100001100011000011001100000011110000
0000000000000000010000000001111110000110001100011000011001100001100110000110001100011000011011100000011100000000000000000
0000000000000011111000000111111100001101111000110001110001100001100011000111000110011100001101111000011111100000111100000
0000000000000000111110000001111100000111001000011000010001100001100110000011001100001100010000110000111111000001111100000
0000000100000000111100000001101100011000011000010000100001100001000011000010000110001100001100110000011111000000011000000
0010000000001111110000000111110000011000110000110000110001000000110010000001100110000011001100001100001111111000000111000
0000000000000001110000001111111000111111111011100011011110000011111100000011111100000110011111111000011111100000000000000
0000001000000000111100000001001000000100011000001000100000100001000001000010000110001000001100100000011110000000000000000
0000000000000000010000000011111110001111111100111111111001110001110111000011001110001110011111111000111111100000011100000
0000000000000000110000000011111000000111110000011000100000100001000001000010000010001100000100110000001111000000011110000
0000000110000000111100000011101000000100010000011000100001100001000010000010001100011000011111110000011110000000000000000
0000000000000000111100000011111100001100101000111000011001100000100110000011001000001100110001110000111111000000111000000
0000000000000000011000000001111000000110110000011000100000110001000011000110000110001100001100110000001111000000001100000
0000000000000001100000000101110000000010100000001100100000010001000000100010000001001100000110010000000101100000001110000
0000000000000001111000000111111000001000111000110000110001100001100010000011000100000100001100011000011111100000001110000
0000010000000001111000000111111000011000111000100001110011000001110110000011101110000010001111111000011111100000000000000
0000001000000000011100000001101100000010001000001100010000110000100001100011000110001100001000110000011111000000011000000
0000000010000000011100000001100000000100000000010000010001000000000010000010001000000100011000010000011110000000000000000
0000000000000000001110000001111100000111111000011100110001110001000111000110001100011100011111110000111110000000110000000
0000000000000000000100000000011100000011101100011111011001110001100110000111011100111100011111100000000000000000000000000
0000001000000001111000000111111000011000111001100000011011000000110110000001101100000011011100011100011111110000001110000
0000000000000000111000000010001000001000010000010000100001000000100010000011000110000100000100011000000111100000000100000
0000000000000001111000000111111000001100110000011001110001100011000011000110000110011100001101110000011111000000011000000
0000000000000001110000000011100000001101100000011011000000110010000001100100000011011000000111110000000111100000000100000
0000000000000000111100000011111100001111111000111100110011100001110110000011111100011110111111111000111111100000111100000
0000000000000000001100000011111000011111111001110000010011000000100100000011001100000110011000011000011111100000001100000
0000000010000000111110000011000100001100001000010000011001100000100110000001001100000100011000110000011111100000001000000
0000000100000001111110000111000100011000001000100000110011000001100110000111001000011100010001110000111110000000111000000
0000000000000010000000001100111110110000001101000000001010000000010100000001001100001100001111110000000100000000000000000
0000000000000000011100000011111000001111011000111000010011000000110100000001001000000110011100110000011111000000000000000
0000000000000000001000000001111100001111101100111100011011100000110100000011011100011110011111111000001100000000000000000
0000000000000111110000001110111000011000011000110000011001000000010010000000100110000001000111000110000111111000000000000
0000001100000000111100000011001000000100010000010000100000100001000011000010000100000100001000010000001111100000001100000
0000000000000000001111000001111110000111011000011100100001110010000011101100000111111000001111100000111110000000100000000
0000100000000001110000000100011000001000011000110000011001000000110010000001100100000010001100011000001111100000001100000
0000000000000001100000001111111000110110001001000000011010000000110100000011001000000110011000011000011111100000001000000
0000000000000000110000000011111000001111110000011100110001101000100011000011000110000110001100011000011101100000011110000
0000000000000000001111000001110100000110101000011001010001100000100110000011011000001100110001110000111110000000000000000
0000000000000000111100000001111100000111011000011101110011110001100111000011001100011100011111110000111110000000110000000
0000000000000000111000000011111000001110110000011000100001100001000010000110000100001100001001110000011111000000011000000
0000000100000000111100000010001000000100010000010000110000100000100001000010000110000100001000110000011111000000011000000
0000000000000000111000000111111100011111011101110000011011000000110110000011001100000110011101111000011111100000001000000
0000000000000000111110000011111100001111111000111000110011100011100110000110001100011100011111110000011111100000001100000
0000000110000000000110000000000110000100001000111000100001100001100010000110001000011000010011100000111100000000000000000
0000000000000011100000001111100000011111100000111011100001100001000011000011000011000110000111111100000111110000000011100
0000000000000001110000000011110000001100110000010000100001100001100010000001000100000110001100011000001111100000000000000
0000000100000000011100000001111000000110010000011000100000110001000011000110000100001100001001110000011111000000010000000
0000000000000000100000000011010000000100010000001000100000000001000001000000000010001000000100100000001110000000001000000
0000000000000000011110001101000110010010000101000000001010000000100100000001001000000100011000110000011111000000000000000
0000000000000000111100000001111100000111001100011100011001100000110111000001101100000110011000111000111111100000111000000
0000000100000000011100000001001000000110010000011000100000100001000001000110000110001000001100100000001110000000001000000
0000000000000000001110000000111100001110011000110000110011000001100100000010001100011100011111110000011100000000000000000
0000001000000001111000000110001000001100010000110000100001000001100010000011000100000100001100111000001111100000001000000
0000000000000001111100000111111100011111111001110001110111000001111100000011011000001110011111111100111111110000111110000
0000000000000011111000001110111000011000011000100000011011000000110110000001100100000011001100001100011101110000011110000
0000000000000001111000000111111000001000110000100000110001000001100010000010000100001100001000110000011111000000011100000
0000000000000000000000000001111100000111111000011111110001100000100110000111001000111000111111100000111100000000000000000
0000000000000000110000000011010000001100010000010000100001100001000010000010000100001000001000110000011011000000011000000
0000011000000001101000000010001000001000010000010001100000100010000010000100000100001000001000100000001011000000001000000
0000000001000000001110000001111000000110011000011000010001100000100110000011001000011100011111110000111100000000000000000
0000000000000000000000000001111000001111111000111110010001100000100100000001010000000100010000110000011100000000000000000
0000000000000000110000000011111100011100001100110000001011000000010110000001001111111110000111110000000000000000000000000
0000000000000000111000000111111000011111110000111001100011100011100111000110001110001100001110111000001111100000000110000
0000000000000000011100000001111100000111001000011000110001100001100011000110001100011000011011100000111100000000100000000
0000000000000000100000000111110000011111111001110000111011000000110110000001101100000110011111111100011111000000000000000
0000000100000000111100000001001100000110011000011000010001100001100011000010001100001100010000110000111111000000011000000
0000000000000000011000000001110000000110110000011000100000100001000011000110000110001100001100110000001111100000000100000
0000000000000011111000001100011000011000010000100000110001000000100010000001000100000010001100011100001111110000000110000
0000000000000011111100001110011000011000011000100000110011000000110110000001101100000110011100111100011111100000001100000
0000000000000000001100000001111110000111001100011100011001110001100111000111001100011100011001110000011111000000011100000
0000000100000000111100000011111000001111111000111100111001110001110111000011001110011100011111110000111111000000111000000
0000000100000000011100000011111100001111111000111111011011110000100110000001011000000110011100111100111111110000001110000
0000001000000000111000000011111000001111111000111100111011100001110111000111101100111110011111111000011111000000011000000
0000000100000000011100000001111000000110010000011000100000100011000011000110000100011000001101110000011111000000000000000
0000000000000001111000000010110000001001100000010011100001100001000010000010000100001100001000010000001111000000000100000
0000000100000000011100000011101100001100001000010000010001100000100110000011001000001100010001110000111110000000000000000
0000000000000000110000000011111100001111011000111100011001100001100110000011001100011100110011110000111110000001110000000
0000000000000001111100000111111100011111111100111110011001110000110011100001100111000111001110011100001111010000011110000
0000000110000000011100000001111100000111111000011101100001110011000011001110001100111000011111100000111110000000110000000
0000000000000011110000000111110000001100110000111000100001100001100011000001000110000011001100000100001110111000001111100
0000000000000000111100000111111000001101111000110000110001100001100110000011001100000110011000111000011111100000011110000
0000000000000000001110000111111100011001001101100000011011000000110110000001101100000110001101111000001111000000000000000
0000001000000000111000001110001000010000010000100000110011000001100010000010000100001100001100011000001111100000000100000
0000001100000000111100000011111100001110111000111000110001110001100111000111001110011110011111111100011111100000001110000
0000000000000000111100000000001100011000000101100000001011000000010100000001001000000110011000110000001110000000000000000
0000000000000001111000000100111000010000110000100001110010000001100100000011001000000100011000001000011001100000011110000
0000000000000001100000000010111000001000001000110000010001000000100010000001000100000100001000010000001111000000000000000
