0000001000000001111000000111110000001110000000001100000000011100000000111100000001001000000011011000000011110000000010000
0000000000000000110100000010110000001001000000011110000000011100000000101100000011001000000100010000001001100000011110000
0000000000000000001110000001110100000110011100001001100000011100000000111000000011110000001001000000111110000000110000000
0000000000000001111000000010000000000110010000000101100000001100000000110000000001110000000100100000001001000000011110000
0000000000000000000000000011111000011101011100010000011000011111000000111000000011010000001000100000001010000000011000000
0000000000000000111100000001001000001100010000011001100000011110000000111000000010010000001000010000010001000000011100000
0000000000000000001110000000111110000011111100001111110000011100000001110000000111110000001101100000111110000001110000000
0000000000000000111110000011001100001000110000010111100000111110000001100100000110001000011000010000110011000000111100000
0000001100000000111100000111001000011000010000111001100000111110000000011100000011111000001100110000011111000000011100000
0000000000000001001100000111111100001111001000001001110000011111000000110000000011100000001111000000110110000000111100000
