0000100000000001110000000001110000000000110000001111100000111000000001111000000000111000001000110000011111000000001000000
0000000000000011110000001100110000000011000000001100000000111110000000000011000000000110000000001000000001110000011110000
0000000000000111110000000100111000000000010000111111100001110000000000111000000000001100000000001000010001110000111111000
0000000000000000000000000011111100001100001000000001100000011110000000100110000000000100100001110000111100000000000000000
0000001000000001111000000010011000000000110000000011000000011100000000001100000000011000000100110000011111000000011100000
0000000000000111111100011100001000000000110000000111000000011000000000011100000000001100001100001000011000110000011111000
0000000000000001100000000000100000000111000000011111000000100010000000000100000000001000001000010000001011000000011100000
0000110000000001111000000000111000000111110000001111000000000010000000000100001110011000011111110000011111000000000000000
0000000000000010000000011111100000000011000000000110000000111000000001111100000000001100000000001100000000011000000011100
0000000000000001000000011111110001111011100000001111000000011111000001100111000011111111000111111100000111100000000000000
0000000000000000011100000111111000011100110000100011000000011111000000110010000100000100011000011000011111100000111110000
