0000000000000000001100000000011000000001100000000011000000001100000000011000000001100000000011000000001100000000010000000
0000000000000000001000000000110000000001000000000010000000001000000000010000000000100000000011000000000100000000001000000
0000000000000000011000000000110000000011100000000111000000001100000000111000000001100000000110000000001100000000000000000
0000000000000000010000000000100000000011000000001110000000001100000000011000000000110000000001000000000110000000001100000
0000001000000000011000000000110000000001100000000110000000001100000000011000000001100000000011000000000110000000001000000
0000000000000000001100000000011000000001100000000011000000001100000000110000000001100000000110000000001100000000010000000
0000000000000000001000000000010000000001100000000010000000001100000000010000000000100000000011000000000100000000001000000
0000000000000000001000000000010000000001100000000010000000000100000000011000000001100000000011000000001100000000010000000
0000000000000000110000000001100000000011000000000110000000001100000000011000000000100000000001000000000011000000000110000
0000000000000000001100000000010000000001000000000110000000001000000000110000000001000000000110000000001000000000010000000
0000000000000000100000000001000000000010000000000100000000001000000000011000000000010000000001100000000011000000000000000
0000000000000000010000000000100000000001000000000110000000001000000000010000000000100000000001000000000010000000000100000
0000000000000000100000000001000000000010000000000100000000001000000000010000000000100000000001000000000010000000000000000
0000000000000000010000000000100000000001000000000110000000001100000000010000000001100000000011000000000100000000011000000
0000000000000000001000000000110000000001000000000010000000001100000000010000000000100000000011000000000110000000000000000
0000000000000000100000000001000000000010000000000100000000001000000000010000000000100000000001000000000110000000000000000
0000000000000000100000000001000000000010000000000100000000001000000000011000000000110000000001100000000011000000000010000
0000011000000011111000000000010000000001100000000010000000000100000000001000000000010000000001111000011111000000000000000
0000000000000000010000000000100000000001000000000010000000001000000000010000000000100000000010000000000100000000001000000
0000000000000000001100000000011000000001100000000110000000001100000000110000000001000000000110000000011000000000110000000
0000000010000000001100000000110000000001100000000110000000001100000000110000000001100000000011000000001100000000010000000
0000000000000001000000000010000000000110000000000100000000001100000000011000000000010000000000100000000001000000000010000
0000000000000000110000000001100000000111000000001110000000011100000000111000000000110000000001100000000011100000000010000
0000000000000000100000000001000000000010000000000100000000001000000000010000000000100000000001100000000001000000000000000
0000010000000000110000000001000000000010000000001100000000001100000000111000000000110000000001100000000011000000000100000
0000000000000000000100000000010000000001100000000010000000001000000000110000000011000000000100000000001000000000010000000
0000000000000000010000000001100000000011000000000110000000001100000000011000000000110000000001100000000110000000001100000
0000010000000000100000000001000000000010000000000100000000001000000000010000000000100000000001000000000011000000000010000
0000000000000000001100000000010000000001100000000010000000001100000000010000000001100000000010000000001100000000010000000
0000000000000000010000000001100000000010000000000100000000001000000000110000000001100000000001000000000010000000000100000
0000000000000011000000000110000000000110000000001100000000001100000000011000000000110000000000110000000001100000000011000
0000000000000000100000000001000000000011000000000110000000001000000000010000000000100000000001100000000001000000000010000
0000000000000000000110000000011000000000110000000011000000001100000000110000000011100000001100000000110000000001000000000
0000000000000000100000000000100000000001000000000010000000000000000000000000000000100000000001000000000010000000000100000
0000000000000000001100000000010000000001100000000010000000001100000000111000000001100000000111000000000000000000011000000
0000000010000000001100000000110000000001100000000110000000001100000000110000000001100000000110000000001100000000010000000
0000000100000000001000000000110000000001100000000010000000001100000000110000000001000000000110000000001100000000010000000
0000000000000001100000000011100000000011000000000110000000001100000000011000000000110000000001100000000010000000000100000
0000000000000000010000000001100000000011000000000110000000001100000000011000000000100000000001000000000010000000000100000
0000000000000000000100000000011000000001100000000010000000001100000000110000000011000000000110000000011000000000100000000
0000000000000000010000000000100000000001000000000110000000001000000000010000000000100000000001000000000100000000000000000
0000000000000000000100000000111000000001100000000110000000011100000000110000000011000000000110000000001000000000010000000
0000000100000000011000000000110000000001100000000110000000001100000000110000000011100000000110000000011000000000000000000
0000000000000000001100000000110000000001000000000010000000001100000000010000000001100000000011000000001100000000001000000
0000000000000000000110000000011100000001110000000111000000011110000000111000000011100000000110000000011000000000010000000
0000000000000000011000000000110000000011000000000110000000011000000000110000000001100000000010000000001100000000010000000
0000000000000000010000000000100000000001000000000110000000001100000000010000000001100000000011000000000100000000011000000
0000000100000000001000000000110000000001100000000010000000001100000000011000000001110000000111000000001100000000000000000
0000000000000000010000000001110000000001000000000110000000001000000000010000000001100000000011000000000110000000001100000
0000000000000000100000000001100000000011000000000100000000001100000000010000000000100000000001000000000011000000000000000
0000000000000000010000000000100000000001000000000010000000001100000000010000000000100000000011000000000110000000000000000
0000000000000000001100000000111000000001100000000110000000001100000000110000000011000000000110000000001100000000011000000
0000000000000000001000000000110000000001000000000110000000001000000000110000000001000000000010000000001100000000010000000
0000010000000000100000000001100000000011000000000110000000001100000000011000000000110000000001100000000011000000000000000
0000000000000000110000000001100000000011000000000110000000001100000000011000000000110000000001100000000011000000000110000
0000000000000000110000000001100000000011000000000110000000001000000000010000000000100000000001000000000110000000001000000
0000000000000000011000000000110000000011000000000110000000001100000000110000000001100000000011000000000110000000001100000
0000000000000000010000000000100000000011000000000110000000001100000000011000000000110000000001100000000011000000000000000
0000000000000000001000000000110000000001000000000110000000001000000000010000000001100000000010000000000100000000000000000
0000000100000000001000000000110000000001100000000110000000001100000000011000000001100000000011000000000100000000001000000
0000000000000000010000000000100000000011000000000110000000001100000000011000000000100000000001000000000010000000000000000
0000000000000000000100000000011000000000100000000011000000001100000000010000000001100000000110000000011000000000000000000
0000000000000000001100000000010000000001000000000110000000001000000000010000000001000000000010000000001100000000000000000
0000000000000000110000000001100000000111000000010010000000001100000000001000000000010000000001100000001110000000000000000
0000000000000000000000000001000000000010000000000000000000001000000000010000000000100000000001000000000010000000000000000
0000000000000000000100000000011000000001100000000010000000001100000000110000000001000000000110000000001000000000010000000
0000000000000000001000000000110000000001000000000110000000001000000000110000000001100000000010000000000100000000001000000
0000000000000000010000000000100000000010000000000100000000001000000000010000000000100000000001000000000010000000000000000
0000000000000000010000000001100000000011000000000110000000001100000000011000000000110000000001100000000011000000000000000
0000000000000000010000000001100000000011000000000100000000001000000000010000000000100000000001000000000010000000000100000
0000000000000000000110000000011100000001110000000111000000011100000001110000000011000000001100000000110000000001000000000
0000010000000001100000000001000000000111000000000110000000011100000000111000000001110000000001100000000011000000000100000
0000000000000000010000000000100000000010000000000100000000001000000000010000000000110000000001100000000011000000000000000
0000000000000000011000000000110000000011100000000111000000011110000000111000000001110000000011000000000111000000000100000
0000000000000000001000000000110000000001000000000110000000001000000000110000000001100000000010000000001100000000000000000
0000000000000000000100000000010000000001100000000010000000001000000000010000000001000000000010000000001000000000010000000
0000000000000000000100000000011000000000100000000010000000001100000000010000000001100000000110000000001000000000000000000
0000000000000000100000000001000000000010000000000100000000001000000000010000000000100000000011000000000110000000000000000
0000000000000000011000000001100000000011000000000100000000011000000000110000000001100000000011000000000010000000000100000
0000000000000000010000000000100000000001000000000010000000001000000000010000000000100000000001000000000010000000000000000
0000000000000000110000000001100000000011000000000110000000001100000000010000000001100000000011000000000110000000000000000
0000000000000000110000000001100000000011000000000110000000001100000000011000000000110000000001100000000011000000000100000
0000000000000000001100000000111000000001100000000110000000001100000000110000000001100000000110000000001100000000010000000
0000000000000000000100000000010000000001100000000010000000001100000000010000000001100000000010000000000100000000010000000
0000000000000001100000000011000000000110000000001100000000011100000000011000000000110000000001100000000001100000000011000
0000000000000000100000000001000000000010000000000100000000001000000000011000000000010000000000100000000001000000000010000
0000000100000000011000000000110000000001100000000110000000001100000000110000000011100000000110000000001100000000010000000
0000000000000000110000000001100000000011000000000110000000001100000000011000000000110000000001100000000011000000000000000
0000000000000000010000000000100000000010000000000100000000001000000000010000000000100000000011000000000100000000000000000
0000001000000000011000000000110000000001000000000110000000001000000000010000000001100000000011010000000111000000000100000
0000000000000000100000000001000000000010000000000100000000001000000000010000000000100000000001000000000010000000000000000
0000000000000000010000000001100000000011000000000110000000001100000000010000000000100000000001000000000010000000000100000
0000000000000000010000000001100000000011000000000110000000001100000000011000000000100000000011000000000011000000000000000
0000000010000000001100000000010000000001100000000110000000001100000000110000000001100000000110000000001100000000010000000
0000000100000000001000000000110000000001000000000010000000001000000000010000000001100000000110000000001100000000010000000
0000000010000000001100000000011000000001100000000111000000001100000000110000000011100000001110000000011000000000000000000
0000000000000000100000000001100000000011000000000110000000001100000000011000000000100000000001000000000010000000000100000
0000000010000000001100000000011000000001100000000011000000001100000000111000000011100000001110000000011000000000100000000
0000000010000000001100000000011000000001100000000011000000001100000000111000000001100000000111000000001100000000010000000
0000000000000001100000000011000000000110000000001110000000011100000000111000000000110000000001100000000011000000000010000
0000000000000000100000000011000000000110000000001100000000011000000000110000000001100000000001000000000011000000000011000
0000000000000000011000000000110000000001000000000110000000001000000000110000000001100000000010000000001100000000000000000
0000000000000000110000000001100000000011000000000110000000001100000000011000000000110000000001100000000011000000000000000
0000000000000001100000000011000000000110000000000100000000001100000000011000000000110000000001100000000011000000000000000
0000000000000000110000000001100000000000000000000100000000001100000000010000000000100000000011000000000110000000000000000
0000000000000000001100000000110000000011100000000110000000001100000000110000000001100000000110000000001100000000011000000
0000000000000000010000000000100000000001000000000110000000001100000000010000000000100000000001000000000010000000000100000
0000000000000000001000000000010000000001100000000110000000001100000000110000000001000000000110000000001100000000010000000
0000000100000000001000000000110000000001000000000010000000001000000000110000000001000000000110000000001100000000010000000
0000100000000001100000000011000000000110000000001110000000001100000000011000000000110000000001100000000011000000000000000
0000000000000000001100000000011000000001100000000111000000001100000000111000000001100000000111000000001100000000011000000
0000000000000000001000000000110000000001100000000110000000001100000000010000000001100000000010000000000100000000001000000
0000000000000000010000000000100000000001000000000110000000001100000000011000000000110000000011100000000110000000000000000
0000011000000000111000000010110000001101000000000010000000001100000000011000000000100000001111000000001111100000000000000
0000000100000000011100000000110000000011100000000110000000011100000000110000000001100000000111000000001100000000010000000
0000000000000000110000000001000000000010000000000100000000001000000000010000000000100000000001100000000011000000000010000
0000001000000000010000000001100000000011000000000110000000001100000000110000000001100000000011000000000110000000001000000
0000000010000000000100000000011000000001100000000010000000001100000000110000000001100000000110000000001100000000010000000
0000000000000000001000000000110000000001100000000111000000001100000000111000000001100000000011000000001100000000011000000
0000000000000000000100000000011000000000100000000011000000001100000000010000000001100000000110000000011000000000000000000
0000000000000000100000000001000000000010000000000100000000001100000000011000000000010000000000100000000001000000000000000
0000001000000000110000000001000000001110000000000110000000000100000000001000000000010000000001111000011111100000000000000
0000000000000001100000000001000000000010000000000100000000001000000000011000000000110000000000100000000001000000000010000
0000000000000000100000000001000000000010000000000110000000001100000000011000000000110000000001100000000011000000000010000
0000000000000000010000000000100000000011000000000110000000001000000000010000000000100000000011000000000110000000000000000
0000000100000000001000000000110000000001100000000110000000001100000000110000000001100000000111000000001100000000010000000
0000000000000001100000000011000000000010000000000100000000001000000000010000000000100000000001000000000010000000000100000
0000000000000000001000000000110000000001000000000110000000001000000000010000000001100000000010000000000100000000001000000
0000000000000000000110000000011100000001100000000111000000001100000000111000000001100000000110000000001100000000010000000
0000000000000000110000000011100000000111000000001110000000011100000000111000000001110000000011100000000011000000000000000
0000000100000000001000000000110000000001100000000110000000001100000000010000000001100000000011000000000100000000001000000
0000000000000000011000000000100000000001000000000110000000001000000000010000000000100000000011000000000010000000000100000
0000000000000000110000000001100000000011000000000110000000001100000000110000000001100000000011000000000110000000000000000
0000010000000000100000000001100000000011000000000110000000001100000000111000000001100000000011000000000110000000000000000
0000000000000000000100000000011000000000100000000011000000001100000000010000000001000000000100000000011000000000000000000
0000000000000001100000000001100000000011000000000110000000001100000000011000000000110000000001100000000011000000000000000
0000000000000000100000000001000000000010000000000100000000001000000000011000000000110000000001100000000011000000000000000
0000000000000000011000000000110000000001100000000110000000001100000000110000000001100000000011000000000110000000001000000
0000000000000000110000000001100000000011000000000110000000001100000000011000000000100000000001000000000010000000000000000
0000000000000000100000000001000000000010000000000100000000001100000000011000000000010000000000100000000001000000000000000
0000000000000000011000000000110000000001000000000010000000001100000000011000000000100000000011000000000110000000001000000
0000000000000000001100000000111000000011100000000111000000011100000000111000000011100000001110000000011100000000110000000
0000000001000000000110000000011000000001100000000111000000001100000000110000000011000000001110000000011000000000100000000
0000000100000000011000000000110000000001100000000110000000001100000000111000000001100000000110000000001100000000010000000
0000000000000000001000000000110000000001000000000110000000001100000000010000000001100000000010000000001100000000010000000
0000000000000000010000000000100000000011000000000110000000001000000000010000000000100000000001000000000110000000001100000
0000000000000000110000000001100000000111000000001110000000111100000000011000000000110000000001100000000111000000000100000
0000000000000000011000000000110000000001000000000110000000001100000000011000000001100000000011000000000110000000001100000
0000000000000000100000000001000000000010000000000100000000001100000000011000000000110000000001100000000001000000000000000
0000000000000000000010000000001100000000111000000011100000001110000000111000000011100000001110000000111000000001100000000
0000000000000000001000000000110000000001100000000010000000001100000000111000000001100000000011000000000100000000001000000
0000000000000000001000000000110000000011100000000110000000001100000000110000000001100000000011000000001100000000011000000
0000000000000000100000000001000000000010000000000100000000001000000000010000000000100000000001000000000011000000000000000
0000000000000001100000000011000000000110000000000110000000001100000000011000000000110000000000110000000001100000000010000
0000000000000000100000000001000000000010000000000110000000001100000000011000000000110000000001100000000011000000000010000
0000000000000000010000000000100000000001000000000110000000001100000000010000000000100000000001000000000010000000000000000
0000000000000000111000000001110000000011100000000110000000011100000000111000000001100000000011000000000110000000001000000
0000000000000000001100000000111000000001110000000111000000001110000000111000000011100000000111000000001100000000010000000
0000000000000000001100000000010000000001100000000011000000001100000000011000000001100000000010000000001100000000000000000
0000000000000001100000000011000000000110000000000100000000001000000000010000000000110000000001100000000011000000000010000
0000001000000000110000000001100000000111000000000100000000001000000000010000000000111100001111110000011000000000000000000
0000000000000000011000000000100000000001000000000110000000001000000000110000000001000000000010000000000100000000000000000
0000010000000000100000000001000000000011000000000110000000001100000000010000000000110000000001100000000011000000000000000
0000000000000000110000000001100000000011000000000110000000001100000000011000000000110000000001110000000001100000000000000
0000000000000000000110000000011100000001110000000111100000011110000001111000000111100000001110000000011100000000110000000
0000000000000000001100000000111000000001100000000110000000011100000000110000000011000000000110000000011000000000110000000
0000000000000000011000000000110000000001100000000110000000001100000000011000000001100000000011000000000110000000001000000
0000000000000000011000000000100000000001000000000110000000001100000000010000000001100000000010000000000100000000000000000
0000000000000000000110000000011000000001100000000011000000001100000000110000000001100000000110000000011000000000100000000
0000000010000000001100000000010000000001100000000110000000001100000000110000000001000000000110000000011000000000100000000
0000000000000000001100000000111000000001100000000111000000011100000000111000000011100000001111000000011100000000000000000
0000000000000000010000000000100000000011000000000110000000001100000000010000000000100000000011000000000100000000001000000
0000000000000000011000000001110000000001100000000110000000001100000000011000000001100000000011000000000110000000001100000
0000000000000000110000000001100000000011000000000110000000001100000000011000000000110000000001100000000011000000000000000
0000000000000000011000000000110000000011000000000110000000001100000000110000000001100000000011000000001100000000000000000
0000000100000000001000000000110000000001000000000010000000001100000000010000000000100000000011000000000110000000000000000
0000000000000000011000000000110000000001000000000110000000001100000000011000000001110000000011000000000110000000001000000
0000000000000000100000000001000000000011000000000110000000001100000000011000000000110000000001100000000011000000000000000
0000000000000000001100000000010000000001000000000010000000001000000000010000000001000000000110000000001000000000010000000
0000000000000000010000000001100000000011000000000110000000001000000000010000000000100000000001000000000100000000000000000
0000000010000000001100000000011000000001100000000111000000001100000000110000000011000000001110000000011000000000100000000
0000000000000000100000000011100000000011000000000110000000001100000000011000000000110000000001100000000001000000000000000
0000000000000000100000000001000000000010000000000100000000001000000000011000000000110000000001100000000001000000000000000
0000000000000000000100000000010000000001100000000010000000001100000000110000000001100000000110000000001000000000010000000
0000000000000000000010000000001000000000110000000011000000001100000000110000000011000000001100000000110000000000000000000
0000000000000000010000000000100000000011000000000110000000001100000000011000000000110000000001000000000010000000000100000
0000000000000000011000000000110000000001100000000010000000001100000000011000000001100000000011000000000110000000000000000
0000000000000000001000000000110000000111000000000110000000001100000000010000000000100000000011000000000100000000001000000
0000000000000000010000000000100000000001000000000110000000001100000000010000000000100000000001000000000110000000001000000
0000000000000000110000000001000000000011000000000100000000001000000000010000000000100000000001000000000011000000000100000
0000000000000000010000000000000000000000000000000000000000001000000000010000000000100000000001000000000011000000000000000
0000000000000000110000000001100000000011000000001110000000011100000000011000000000100000000001000000000011000000000100000
0000000000000000100000000001000000000010000000000110000000001100000000011000000000110000000001100000000011000000000000000
0000001000000000010000000000100000000011000000000110000000001100000000110000000001100000000011000000000110000000001000000
0000001000000000011000000000100000000011000000000110000000001100000000011000000001110000000011100000000110000000000000000
0000000010000000001100000000010000000001100000000011000000001100000000111000000011100000001110000000011000000000000000000
0000000000000001100000000011100000000111000000001110000000011100000000011000000000110000000001100000000001100000000000000
0000000000000000111000000001110000000011000000000110000000001100000000011000000001100000000011000000000111000000001101000
0000000000000000011000000000110000000001100000000111000000001110000000111000000001110000000011000000000110000000001100000
0000000000000000100000000001000000000010000000000100000000001000000000010000000000110000000001100000000011000000000000000
0000000000000000110000000011000000000110000000001100000000011000000000011000000000110000000001100000000111000000000100000
0000000000000000100000000001100000000011000000000110000000001100000000011000000000110000000001000000000010000000000100000
0000000000000000010000000000100000000001000000000100000000001000000000010000000000100000000001000000000010000000000000000
0000001000000000011000000001100000000011000000000110000000001000000000110000000001100000000011000000001110000000001000000
0000000000000000011000000000100000000001000000000110000000001100000000010000000001100000000011000000000110000000000000000
0000000000000000000100000000011000000001100000000010000000001000000000110000000001000000000110000000011000000000100000000
0000010000000000100000000001000000000010000000000100000000001000000000010000000000110000000001100000000011000000000000000
0000000000000000011000000000110000000001000000000110000000001100000000110000000001100000000110000000001100000000010000000
0000000000000000110000000001100000000011000000000100000000001000000000010000000000100000000001000000000011000000000010000
0000000000000000011100000001111000000011100000000111000000001100000000110000000011100000000110000000011000000000110000000
0000000000000000011000000000110000000001100000000110000000001100000000111000000001100000000011000000000110000000001000000
0000010000000000100000000001000000000010000000000100000000001000000000011000000000110000000001100000000011000000000000000
0000000000000000010000000000100000000011000000000110000000001100000000011000000000100000000001000000000010000000000100000
0000000000000001000000000011000000000010000000000110000000001100000000011000000000110000000001100000000010000000000100000
0000000000000000000100000000011000000000100000000011000000001100000000110000000001000000000100000000011000000000100000000
0000000000000000100000000001000000000010000000000100000000001100000000011000000000110000000001100000000011000000000010000
0000000100000000011000000000100000000011000000000110000000001000000000010000000001100000000011100000000111000000000000000
0000000000000000010000000000100000000001000000000110000000001100000000011000000000100000000001000000000011000000000000000
0000000100000000001000000000110000000001000000000110000000001000000000110000000001000000000110000000001000000000010000000
0000001000000000111000000001110000000011000000000110000000001100000000111000000001110000000011100000000111000000000100000
0000000000000000010000000000000000000010000000000100000000001000000000010000000000100000000001000000000010000000000000000
0000000000000000001000000000111000000001100000000010000000001100000000110000000001000000000110000000001000000000110000000
0000000000000000010000000001100000000011000000000110000000001000000000010000000000100000000001000000000110000000000000000
0000000000000000001000000000010000000001000000000010000000001000000000010000000001000000000110000000001000000000010000000
0000000010000000001100000000011000000001110000000111000000001110000000111000000011100000001110000000011100000000000000000
0000000000000000011000000000110000000011000000000110000000001100000000010000000001110000000011100000000110000000000000000
0000001000000000110000000001100000000111000000001110000000011100000000111000000001110000000011100000000111000000000100000
0000000000000000110000000001100000000011000000000110000000001000000000010000000001100000000011000000000111000000000100000
0000000000000000011000000000100000000011000000000110000000001100000000110000000001100000000011000000000010000000000100000
0000000100000000011100000000111000000011100000000111000000011100000000110000000011100000000110000000011100000000010000000
0000000100000000001100000000110000000001100000000111000000001100000000111000000001100000000110000000001100000000011000000
0000001000000000111000000001100000000011000000000110000000011100000000111000000001110000000011000000001110000000001100000
0000000000000000001100000000110000000001100000000110000000001000000000110000000001100000000010000000000100000000001100000
0000000000000000011000000000110000000001000000000010000000001100000000010000000000100000000011000000000110000000001000000
0000000000000001000000000010000000000110000000001100000000011000000000011000000000110000000000100000000001100000000000000
0000000000000000110000000001000000000010000000000100000000001100000000011000000000110000000001100000000011000000000100000
0000001000000000010000000000100000000001100000000110000000001100000000011000000000100000000011000000000110000000001000000
0000000000000000011000000000100000000001000000000010000000001100000000010000000001100000000011000000001100000000000000000
0000000000000000110000000001100000000010000000000100000000001000000000010000000000100000000001000000000010000000000000000
0000000000000000000011000000001110000000110000000011000000001100000000110000000011000000001100000000111000000001100000000
0000000000000000110000000001100000000011000000000100000000001000000000010000000000100000000001000000000011000000000000000
0000000000000000010000000000100000000001000000000110000000001000000000010000000000100000000011000000000110000000001000000
0000000100000000011000000000110000000011000000000110000000001100000000110000000001100000000110000000001100000000000000000
0000000000000000011000000000110000000001000000000110000000001100000000011000000000100000000011000000000110000000001000000
0000000000000000010000000000100000000011000000000010000000001100000000011000000000100000000001000000000110000000000000000
0000000000000000011000000000100000000001000000000110000000001100000000010000000001100000000011000000000110000000000000000
0000000000000000001000000000100000000001000000000010000000001000000000010000000000100000000010000000000100000000000000000
0000000000000000010000000000100000000001000000000110000000001000000000010000000001100000000011000000000100000000001000000
0000000000000001100000000011100000001111000000011110000000011100000000111100000000111000000001110000000011100000000111000
0000000000000000000001000000001100000000110000000011000000011100000001110000000111000000011100000000110000000001000000000
0000000010000000000100000000011000000000100000000010000000001100000000010000000001100000000010000000001100000000010000000
0000000000000000000110000000011000000000110000000011000000001100000000011000000001100000000110000000011000000000100000000
0000000000000000001000000000000000000001100000000010000000001100000000010000000001100000000011000000000100000000000000000
0000000000000000011000000000110000000001000000000010000000001100000000010000000001100000000010000000001100000000010000000
0000000100000000011000000000110000000001000000000010000000001100000000010000000001100000000011000000000110000000001000000
0000000000000000010000000000100000000011000000000110000000001100000000010000000000100000000001000000000010000000000000000
0000000000000001100000000001000000000011000000000110000000001100000000011000000000110000000000100000000001100000000000000
0000000000000000100000000001000000000010000000000100000000001000000000010000000000100000000001100000000001000000000010000
0000111000000000110000000001100000000011000000000100000000001000000000010000000001111000001111111000001000000000000000000
0000000000000000110000000001100000000011000000000110000000001100000000011000000000100000000001100000000011000000000000000
0000000000000000100000000001000000000010000000000100000000001000000000010000000000100000000001000000000010000000000000000
0000000000000000000100000000011000000001110000000011000000001100000000110000000011000000000110000000011000000000100000000
0000000000000000000100000000011000000001100000000111000000011100000000110000000011000000001100000000011000000000000000000
0000000000000000110000000001100000000011000000000110000000001100000000011000000000110000000001100000000011000000000110000
0000000000000000100000000001000000000010000000000110000000001100000000011000000000110000000001100000000011000000000010000
0000000000000000100000000001000000000010000000000110000000001100000000011000000000110000000001100000000011000000000000000
0000000000000000011000000000110000000011100000000111000000011100000000110000000011100000000110000000001100000000000000000
0000000100000000011000000000110000000001100000000110000000001100000000011000000001100000000011000000001110000000011000000
0000000000000000110000000001100000000010000000000100000000001000000000010000000000100000000001000000000110000000000000000
0000000010000000001110000000011100000001110000000111000000011110000001111000000111100000001111000000111000000000100000000
0000000010000000001100000000111000000001100000000111000000001100000000111000000001100000000110000000001100000000010000000
0000000100000000001100000000111000000001110000000111000000001100000000111000000011100000000111000000001100000000010000000
0000000000000001100000000001100000000011000000000110000000001100000000011000000000110000000001100000000001000000000010000
0000000000000000100000000001000000000011000000000110000000001100000000011000000000100000000001000000000110000000001000000
0000000000000000100000000001000000000010000000000100000000001000000000011000000000110000000001100000000001000000000010000
0000000000000000001000000000100000000001000000000010000000001000000000010000000001000000000010000000001000000000000000000
0000000010000000001100000000011000000000110000000011000000001100000000111000000011100000000110000000011100000000010000000
0000000000000000010000000001100000000011000000000110000000001000000000010000000000100000000011000000000110000000001000000
0000000000000000110000000001100000000010000000000100000000001000000000010000000000100000000001000000000011000000000011000
0000000000000000010000000001100000000011000000000100000000001000000000010000000000100000000011000000000110000000001100000
0000000000000000011000000000110000000001000000000110000000001100000000010000000001100000000011000000000100000000000100000
0000000000000001100000000011000000000011000000000110000000001100000000011000000000110000000000100000000001100000000000000
0000000000000000010000000001100000000010000000000100000000001000000000010000000000100000000001000000000011000000000010000
0000000000000000001000000000110000000001000000000010000000001000000000110000000001000000000010000000001100000000010000000
0000100000000000000000000000000000000001000000000110000000001100000000010000000000100000000011000000000110000000000000000
0000000000000000000110000000011100000000110000000011000000001100000000110000000011000000001100000000011000000000110000000
0000000001000000000110000000011000000001100000000110000000011000000001110000000111000000001100000000011100000000010000000
0000000000000000110000000001100000000011000000000110000000001000000000010000000001100000000011000000000110000000001000000
0000000000000000001000000000010000000001100000000010000000001100000000010000000001100000000010000000001000000000010000000
0000000100000000001000000000110000000001100000000110000000001100000000011000000001100000000011000000000110000000000000000
0000000000000000010000000000100000000010000000000100000000001000000000010000000000100000000001000000000010000000000100000
0000001000000000010000000001100000000011000000000110000000001100000000110000000001100000000011000000000110000000001000000
0000000000000000110000000001100000000011000000000110000000001100000000011000000000110000000001100000000011000000000100000
0000000000000000100000000001000000000010000000000100000000001000000000010000000000100000000001100000000001000000000000000
0000000000000000100000000001100000000011000000000110000000001100000000011000000000110000000001100000000011000000000100000
0000000000000000100000000001000000000110000000000110000000001100000000011000000000110000000001100000000011000000000100000
0000000000000000000110000000011000000001110000000011000000001100000000110000000011000000001100000000010000000001100000000
0000000000000000010000000001100000000011001000000110010000001000100000110000000001100000000010000000001100000000011000000
0000000000000000100000000001000000000010000000000100000000001100000000001000000000010000000000100000000001000000000000000
0000000000000001100000000011000000000110000000001110000000011100000000011100000000111000000000110000000001100000000000000
0000000000000001000000000011000000000110000000000100000000001000000000010000000000110000000001100000000011000000000000000
0000000000000000001100000000110000000001100000000010000000001100000000110000000001100000000111000000011100000000010000000
0000000000000000110000000001100000000011000000000110000000001100000000111000000001110000000011100000000111000000000100000
0000000000000000110000000001100000000011000000000110000000001100000000011000000000110000000001100000000011100000000000000
0000000000000000100000000001000000000010000000000100000000001000000000010000000000100000000001000000000010000000000010000
0000000000000000001100000000010000000001100000000110000000001100000000110000000011000000000111000000011100000000000000000
0000000010000000000110000000011000000001110000000111000000011100000000111000000011100000001110000000111000000001100000000
0000000000000000010000000001100000000010000000000100000000001000000000010000000000100000000011000000000110000000000000000
0000000000000000000100000000011000000000100000000011000000001100000000011000000001100000000110000000001000000000000000000
0000000000000000100000000001100000000011000000000110000000001100000000010000000000100000000001000000000010000000000110000
0000000000000000100000000001100000000011000000000110000000001000000000010000000000100000000001000000000010000000000000000
0000000000000001100000000011000000000110000000000100000000001000000000010000000000110000000001100000000001000000000001000
0000000000000000000000000001000000000010000000000100000000001000000000001000000000010000000000100000000001000000000000000
0000000000000000010000000000100000000001000000000110000000001000000000010000000001100000000010000000000100000000001000000
0000000000000001100000000011000000000110000000001100000000001000000000010000000000110000000000100000000001100000000000000
0000000000000001100000000001000000000010000000000100000000001000000000011000000000110000000001100000000001100000000010000
0000000000000000001100000000110000000001100000000110000000001100000000111000000001100000000011000000001110000000001000000
0000000000000000110000000001100000000011000000000110000000001100000000011000000001110000000011000000000110000000001000000
0000000000000000100000000001100000000011000000000100000000001000000000010000000000100000000001000000000011000000000010000
0000000000000000000100000000011000000000100000000011000000001100000000010000000001000000000110000000011000000000000000000
0000000000000000001000000000010000000001000000000010000000001100000000010000000000100000000011000000000100000000000000000
0000001000000000110000000001100000000011000000000110000000011100000000110000000001100000000011000000000111000000000100000
0000000000000000001000000000110000000001000000000010000000001100000000010000000000100000000011000000000100000000000000000
0000000000000000001000000000110000000001100000000110000000001100000000110000000001100000000010000000001100000000010000000
0000000010000000001100000000010000000001100000000010000000001100000000010000000001100000000110000000001100000000010000000
0000000000000000111000000011110000000111100000001111000000011110000000111100000001110000000011100000000011000000000010000
0000000000000000011000000000100000000001000000000010000000001100000000011000000001110000000011000000000110000000001000000
0000000000000000110000000001100000000011000000000110000000001100000000011000000000110000000001100000000011000000000000000
0000000100000000011100000000111000000011100000000111000000011110000000111000000011110000000111000000001110000000001000000
0000000000000000011000000000110000000011000000000110000000011000000000110000000011000010000110000110011000000000000000000
0000000000000000011000000001110000000011000000000110000000001100000000110000000001100000000011000000001100000000011000000
0000000000000000000000000000100000000011000000000110000000001000000000010000000000100000000001000000000010000000000100000
0000000000000000110000000001100000000011000000000110000000001100000000110000000001100000000011000000000110000000001000000
0000000000000001110000000011100000000111000000001110000000011100000000111000000001110000000001110000000011000000000000000
0000000000000000001000000000110000000001000000000010000000001100000000010000000001100000000010000000001100000000010000000
0000000000000000011000000000110000000011000000000110000000001100000000111000000001100000000011000000000110000000001000000
0000000000000000000110000000011000000001100000000110000000001100000000110000000001100000000110000000011100000000110000000
0000000000000000001000000000110000000001000000000110000000001000000000110000000001000000000010000000001000000000010000000
0000000000000000010000000000100000000001000000000110000000001000000000010000000000100000000001000000000010000000000000000
0000000000000000000100000000011000000001100000000111000000001100000000110000000011000000000110000000001000000000010000000
0000000000000000001000000000010000000001100000000010000000001100000000010000000001000000000010000000001100000000010000000
0000000000000000000000000000100000000001000000000100000000001000000000010000000000100000000000000000000100000000000000000
0000001100000000011000000000110000000001000000000110000000001100000000011000000001100000000011000000001110000000000000000
0000000000000000111000000001110000000011000000001110000000011100000000111000000011110000000111000000000110000000000100000
0000000000000000001000000000010000000001000000000010000000001100000000010000000000100000000011000000000100000000000000000
0000000000000000010000000001110000000011000000000110000000001100000000111000000001100000000011000000000111000000000100000
0000000000000000001000000000110000000001100000000010000000001100000000011000000000100000000011000000000110000000001000000
0000000000000000011000000001110000000011100000000111000000011110000000111000000011100000000111000000001110000000001000000
0000000010000000000100000000011000000001100000000010000000001100000000110000000011000000000110000000011000000000000000000
0000000000000000100000000001000000000010000000000110000000001100000000011000000000100000000001000000000110000000000000000
0000000000000000010000000000100000000001000000000110000000001100000000011000000000110000000011000000000110000000000100000
0000000000000000110000000001100000000010000000000100000000001000000000110000000001110000000011100000000111000000000100000
0000001000000000010000000001100000000011000000000110000000001000000000010000000000100000000001000000000010000000000100000
0000000001000000000110000000001000000001110000000011000000001100000000110000000011100000000110000000011000000000100000000
0000010000000000100000000001100000000011000000000110000000001000000000011000000000110000000001100000000011000000000010000
0000000000000000010000000000100000000011000000000110000000001100000000011000000000110000000001000000000010000000000000000
0000000000000000110000000001100000000011000000000110000000001100000000111000000001100000000011000000001100000000000000000
0000000000000000110000000001000000000010000000000100000000001000000000010000000000100000000001000000000010000000000100000
0000000000000000001000000000010000000001100000000010000000001100000000010000000001100000000010000000000100000000001000000
0000000100000000011000000000110000000001000000000110000000001100000000110000000001100000000011000000000110000000001000000
0000000000000000110000000001100000000010000000000100000000011000000000010000000000100000000001000000000110000000000000000
0000000000000000100000000001100000000011000000000110000000001100000000011000000000110000000001100000000011000000000010000
0000000000000000100000000001000000000010000000000100000000001000000000010000000000100000000001000000000001000000000010000
0000000000000000110000000001100000000011000000000110000000001100000000011000000000110000000001100000000010000000000100000
0000000000000000001000000000110000000001000000000110000000001000000000010000000001100000000010000000000110000000000100000
0000000000000000000110000000011000000000100000000011000000001100000000110000000011000000000110000000011000000000100000000
0000000010000000001100000000011000000001100000000110000000011000000000110000000001000000000110000000011000000000100000000
0000000000000000011000000001110000000011000000000110000000001100000000111000000001110000000011100000000110000000000100000
0000000010000000001110000000111100000001110000000111000000011100000000111000000011100000001110000000011000000000010000000
0000000000000000001100000000010000000001100000000010000000001100000000110000000001100000000110000000011000000000000000000
0000001000000000011000000000110000000011100000000110000000001100000000111000000001100000000111000000001100000000010000000
0000000000000000010000000000100000000001000000000110000000001100000000011000000000100000000001000000000010000000000000000
0000000100000000011000000000110000000011100000000110000000001100000000110000000001100000000110000000011100000000010000000
0000000000000000110000000001100000000011000000000110000000001100000000011000000000110000000001000000000010000000000100000
0000000000000000010000000000111000000011000000000110000000011100000000110000000001100000000011000000000110000000000100000
0000000000000000001000000000110000000001100000000010000000001100000000011000000000100000000011000000000100000000011000000
0000000000000000001100000000011000000001100000000010000000001100000000110000000001100000000110000000001100000000010000000
0000000000000000000100000000011000000000100000000011000000000100000000010000000001100000000110000000001000000000110000000
0000000100000000011000000000110000000011000000000110000000001100000000010000000001100000000011000000000110000000000000000
0000000000000000110000000001100000000011000000000110000000001100000000011000000000110000000001100000000011000000000100000
0000000000000000110000000001100000000011000000000110000000001100000000011000000000110000000001110000000011000000000010000
0000000000000000010000000000100000000011000000000110000000001000000000010000000001100000000011000000000100000000001000000
0000001000000000010000000001100000000011000000000110000000001100000000011000000000110000000001100000000011000000000100000
0000001000000001110000000101100000000011000000000110000000001100000000011000000000100000000111111000011111100000000000000
0000000000000000011000000000110000000011100000000110000000011100000000110000000001100000000011000000000110000000000100000
0000000000000000001100000000011000000001100000000011000000001100000000011000000001100000000110000000011000000001100000000
0000000000000000000100000000011000000000110000000011000000001100000000011000000001100000000110000000001000000000100000000
0000000000000000010000000000100000000011000000000110000000001100000000011000000000100000000001000000000010000000000100000
0000000000000000000000000001100000000011000000000110000000001100000000011000000000110000000001100000000011000000000010000
0000000000000000011000000000111000000001110000000111000000001110000000111000000001110000000111000000001100000000011000000
0000000000000000011000000000110000000001000000000110000000001100000000010000000001100000000010000000001100000000010000000
0000000000000000010000000000100000000001000000000010000000001100000000011000000000100000000001000000000110000000000000000
0000000000000000110000000001100000000011000000000100000000011000000000110000000001100000000011000000000110000000000100000
0000000000000000010000000001100000000011000000000100000000001000000000010000000000100000000001000000000010000000000000000
0000000000000000011000000000110000000001100000000010000000001100000000010000000001100000000110000000001000000000100000000
0000011000000001110000000000100000000001000000000010000000001100000000010000000000100000000001000000001111100000000000000
0000010000000000100000000001000000000010000000000100000000001100000000011000000000110000000001100000000011000000000100000
0000000000000001000000000011000000000110000000000100000000001000000000010000000000110000000001100000000011000000000010000
0000000000000000011000000000110000000001100000000110000000001100000000111000000000100000000011000000000110000000001000000
0000000000000000001100000000010000000001100000000110000000011100000011011000001100100000000001000000000010000000000100000
0000000000000000010000000000100000000001000000000110000000001100000000010000000000100000000001000000000010000000000100000
0000000000000000001000000000110000000001100000000010000000001100000000110000000001100000000110000000001000000000110000000
0000000000000000011000000000110000000001000000000010000000001100000000010000000000100000000011000000000110000000000000000
0000000000000000010000000000100000000001000000000110000000001100000000010000000000100000000001000000000010000000000100000
0000001000000000110000000001100000000011000000000110000000001100000000111000000001110000000011100000000110000000001000000
0000000000000000110000000001100000000011000000000110000000001100000000011000000000110000000001100000000011000000000110000
0000000000000000110000000001100000000011000000000110000000001100000000011000000001100000000011000000000110000000000000000
0000000000000000110000000001100000000011000000000110000000001100000000011000000000110000000001100000000011000000000100000
0000000000000000010000000000100000000001000000000100000000001000000000010000000001000000000010000000000100000000001000000
0000000000000000100000000001000000000010000000000100000000001000000000010000000000100000000001000000000010000000000000000
0000000000000000001110000000011110000001111000000111000000011100000000110000000011100000001110000000011000000001100000000
0000000000000000110000000001100000000011000000000110000000001000000000010000000000100000000011000000000100000000001000000
0000000010000000001110000000111000000011110000000111000000011110000000111000000011100000001110000000011100000000010000000
0000000000000000110000000000100000000011000000000100000000001000000000010000000000100000000001000000000010000000000100000
0000000000000100000110001000111100011111110000000001100000000010000000001100000000010000000001100000111111110000000000000
0000000000000000001100000000111000000001100000000111000000001100000000111000000011100000000111000000001100000000010000000
0000000000000000001000000000010000000001100000000011000000001100000000110000000001100000000010000000001100000000000000000
0000000000000000010000000000100000000001000000000110000000001100000000011000000000100000000011000000000100000000000000000
0000000000000000010000000000100000000011000000000110000000001000000000010000000000100000000001000000000010000000000000000
0000000000000000000100000000111100000111110000001011000000001110000000011000000001100000000111000000001100000000110000000
0000000000000000010000000001100000000011000000000110000000001100000000011000000000110000000001100000000011000000000000000
0000010000000001100000000011000000000010000000000100000000001100000000011000000000110000000001100000000011000000000010000
0000000000000001100000000011000000000110000000000110000000001100000000011000000000110000000001100000000011000000000110000
0000000000000000001000000000100000000001000000000010000000001000000000010000000000100000000010000000000100000000001000000
0000000000000000110000000001100000000011000000000100000000001000000000010000000000100000000011000000000110000000000000000
0000000000000000010000000001100000000011000000000110000000001100000000011000000000100000000011000000000110000000001000000
0000000000000000000011000000001100000000110000000001000000001110000000111000000011000000001100000000111000000000100000000
0000000000000000001100000000111000000001100000000111000000001100000000110000000001100000000110000000001100000000000000000
0000000000000000110000000001100000000011000000000110000000001000000000010000000001100000000011000000000110000000000000000
0000000100000000001000000000110000011111000000011110000000001000000000010000000000100000000011110000011111000000000000000
0000000010000000000100000000010000000000100000000010000000001100000000010000000001000000000110000000001000000000000000000
0000000000000000010000000000100000000001000000000010000000001100000000010000000000100000000001000000000000000000000000000
0000000000000000011000000001100000000011000000000110000000001100000000110000000001100000000011000000001100000000001000000
0000000000000000001000000000010000000001000000000010000000001100000000010000000001100000000010000000001100000000010000000
0000001100000000011000000000110000000011100000000111000000011100000000111000000001100000000111000000001110000000001000000
0000010000000000100000000001000000000010000000000100000000001000000000010000000000100000000001000000000010000000000000000
0000000000000000110000000001100000000011000000000110000000001100000000111000000001100000000011000000000110000000001000000
0000000000000001100000000111100000010011000000000110000000001100000000011000000000110000000001100000000011100000011110000
0000000000000000100000000001100000000011000000000110000000001100000000011000000000110000000001100000000011000000000000000
0000000000000000001000000000110000000001100000000010000000001100000000011000000000100000000011000000000100000000001000000
0000000000000000001100000000111000000001110000000111000000001110000000111000000001100000000111000000001100000000011000000
0000000000000000100000000001000000000010000000000100000000001000000000010000000000100000000001100000000011000000000010000
0000000000000000011000000000110000000001100000000110000000001100000000110000000001100000000011000000001110000000011000000
0000000000000000011000000000110000000001100000000111000000001100000000111000000001100000000110000000001100000000010000000
0000010000000000100000000001000000000010000000000100000000001000000000010000000000100000000001000000000010000000000010000
0000000000000000010000000000100000000001000000000110000000001000000000010000000001000000000010000000001100000000000000000
0000000000000000000100000000011000000001100000000110000000001100000000110000000001000000000110000000011000000000010000000
0000000000000000000011000000001100000000110000000011000000001100000000110000000011100000001110000000111000000000000000000
0000000000000000001100000000111000000101100000000111000000001100000000110000000001100000000110000000001100000000010000000
0000000000000000100000000001000000000010000000000100000000001000000000011000000000010000000000100000000001000000000010000
0000000000000000100000000001000000000010000000000100000000001100000000011000000000110000000001100000000010000000000000000
0000000000000000100000000001000000000010000000000100000000001000000000011000000000110000000000100000000001000000000000000
0000000000000000100000000001000000000010000000000100000000001000000000011000000000110000000000100000000001000000000010000
0000000000000000001100000000110000000001000000000100000000001000000000110000000001000000000010000000000100000000001000000
0000000100000000011100000000110000000011100000001110000000011100000000111000000011110000000111000000001100000000001000000
0000000000000000001100000000111000000001100000000110000000001100000000110000000001100000000110000000001100000000011000000
0000000000000000110000000000100000000001000000000110000000001000000000010000000000100000000011000000000100000000001000000
0000000000000000000110000000011000000000100000000011000000001100000000110000000001100000000110000000011000000000100000000
0000000000000000010000000000100000000001000000000110000000001100000000011000000001100000000011000000000110000000001000000
0000000000000110000000001110000000001110000000001110000000001100000000011100000000011000000000111000000000110000000000100
0000010000000000100000000011100000000011000000000110000000001100000000011000000000110000000001100000000011000000000000000
0000000000000000100000000001000000000010000000000100000000001000000000011000000000110000000000100000000001000000000000000
0000000000000000100000000001000000000010000000000100000000001000000000010000000000100000000001000000000010000000000100000
0000000100000000001000000000110000000001000000000010000000001100000000010000000001100000000011000000000100000000000000000
0000000000000000010000000001110000000011000000000110000000001100000000110000000001100000000110000000001100000000001000000
0000000000000000000000000000100000000001000000000010000000001000000000010000000000100000000010000000000100000000000000000
0000000000000000001000000000010000000001100000000010000000001000000000010000000001000000000010000000001100000000010000000
0000000000000001100000000001000000000010000000000100000000001000000000011000000000110000000001100000000011000000000010000
0000000010000000001100000000111000000011110000000111000000011110000001111000000011100000000111000000011100000000011000000
0000000000000000110000000001100000000011000000000110000000001100000000011000000000110000000001100000000011000000000010000
0000010000000000110000000001100000000011000000000110000000001100000000011000000000110000000001100000000011000000000100000
0000000000000000100000000001000000000010000000000100000000001000000000010000000000100000000001100000000001000000000000000
0000000000000000010000000001000000000010000000000100000000001000000000010000000000100000000001000000000010000000000000000
0000000000000000010000000000100000000011000000000110000000001100000000010000000000100000000001000000000010000000000000000
0000000000000000010000000000100000000011000000000110000000001100000000011000000000110000000001100000000010000000000100000
0000000000000001000000000001000000000010000000000100000000001000000000010000000000010000000000100000000001000000000010000
0000000000000000100000000001100000000011000000000110000000001100000000011000000000110000000001100000000011000000000010000
0000000000000000001100000000010000000001000000000010000000001000000000010000000001000000000010000000001100000000000000000
0000000000000000001000000000010000000001000000000010000000001100000000010000000001100000000010000000001100000000000000000
0000000000000000100000000001000000000010000000000100000000001000000000010000000000100000000011000000000110000000000100000
0000000000000000010000000000100000000011000000000100000000001000000000010000000000100000000001000000000100000000001000000
0000001000000000011000000000110000000001100000000110000000001100000000111000000001100000000111000000001100000000010000000
0000000000000000000110000000001000000000100000000011000000001100000000110000000001000000000100000000010000000001000000000
0000000000000000110000000001100000000011000000000110000000001100000000011000000000110000000001100000000011000000000000000
0000000000000001100000000001000000000010000000000100000000001100000000011000000000110000000000100000000001100000000000000
0000000000000000100000000001000000000010000000000100000000001000000000010000000000100000000001000000000010000000000100000
0000000000000001000000000011000000000110000000001100000000001000000000010000000000110000000001100000000001100000000001000
0000000000000000100000000001000000000010000000000100000000001000000000010000000000100000000001000000000010000000000100000
0000000000000000011100000000111000000111110000001111000000001110000000011100000001110000000011100000001110000000011000000
0000000000000000000100000000011000000000100000000010000000001000000000110000000011000000001100000000010000000000000000000
0000000000000000010000000000100000000001000000000010000000001000000000010000000000100000000001000000000000000000000000000
0000000000000000001000000000010000000001100000000010000000001100000000010000000000100000000011000000000100000000000000000
0000000000000000100000000001000000000010000000000100000000001000000000010000000000100000000001100000000011000000000010000
0000000000000000100000000001000000000110000000001100000000001000000000010000000000110000000001100000000011000000000010000
0000000000000001000000000011000000000010000000000100000000001000000000010000000000100000000001100000000011000000000000000
0000000000000000100000000001000000000010000000000100000000001000000000000000000000000000000000100000000001000000000000000
0000000010000000001100000000010000000001100000000110000000001000000000110000000001000000000110000000001100000000000000000
0000000010000000001100000000011000000001100000000110000000001100000000110000000011000000001110000000011000000000100000000
1111111111111111111111111111111111111111111111111111111111111111111111111111111111111111111111111111111111111111111111111
0000000000000000000000000000000000000000000000000000000000000000000000000000000000000000000000000000000000000000000000000
