0
0
0
0
0
0
0
0
0
0
0
0
0
0
0
0
0
0
0
0
0
0
0
0
0
0
0
0
0
0
0
0
0
0
0
0
0
0
0
0
0
0
0
0
0
0
0
0
0
0
0
0
0
0
0
0
0
0
0
0
0
0
0
0
0
0
0
0
0
0
0
0
0
0
0
0
0
0
0
0
0
0
0
0
0
0
0
0
0
0
0
0
0
0
0
0
0
0
0
0
0
0
0
0
0
0
0
0
0
0
0
0
0
0
0
0
0
0
0
0
0
0.620893
0.482319
1.09672
0.244353
-0.00997173
27.3266
-0.00898124
-0.0706844
1.26362
1.03652
-0.44439
-0.506949
-7.28572
0.143295
0.636275
-0.498215
-0.549698
-8.00093
0.136616
0.130894
0.622793
-0.12506
0.473465
-2.81155
-0.187604
0.122896
0.0336973
0.513773
0.201533
0.277364
3.49892
0.311896
-0.0469109
0.145282
0.00462307
0.417766
0.545925
0.301962
1.13062
0.662855
0.230217
-0.159114
0.364632
-0.055453
0.652689
0.649451
0.346219
2.76112
-1.60214
2.03086
5.68073
-1.93426
-2.22376
-1.6199
76.2579
0.595211
1.11378
12.4794
0.130735
-1.43006
-2.68812
-0.709331
-2.41284
1.09663
8.62966
0.277111
0.392207
0.761669
9.47566
0.393766
0.48463
0.0152262
-0.113675
-0.231469
-0.294333
-12.5892
0.195585
1.4193
0.0758317
-0.52868
-7.22128
1.04479
0.420033
0.00799867
-0.121169
-0.0895732
-0.0493864
-11.7667
-0.0427915
-0.5811
1.52179
-0.332759
-0.245023
-17.2209
-0.548247
0.707932
0.45178
-0.0404859
-0.198315
-0.216021
-53.2505
0.191839
-0.151824
-0.377285
1.00182
-1.7565
-0.313191
-0.95726
-0.420589
-0.140719
0.551963
0.36542
-0.0271708
-0.0915327
14.873
0.10766
0.505381
-0.170277
-0.244481
0.952275
0.295376
-0.449294
13.6582
-0.299442
-0.481369
-0.525817
-0.0447018
0.13819
-0.048592
60.9693
-0.423868
0.371829
-0.200085
0.0956255
-0.157846
1.05458
-0.0106084
-0.332859
-2.26021
0.0205734
0.117373
-0.17659
-0.382999
-0.61348
-0.0504547
-100.418
-0.414359
-1.32764
-0.463031
0.0142885
0.169301
-0.0327946
1.06865
-0.454551
-0.348836
-3.34123
-0.432088
-0.163226
0.073804
0.362206
0.264429
-0.71473
29.9591
-0.432561
-0.832397
-0.327823
-0.0892071
-0.0949217
-0.0368267
-0.17113
0.802488
-0.471162
0.17368
8.53072
-0.077449
-0.217737
-0.254067
0.224591
0.68005
0.894757
-146.194
-0.40706
-0.027777
-0.193726
0.144572
-0.0372756
-0.0949021
-0.0457963
0.0995631
0.704473
0.0455735
0.161258
-3.1053
-0.104425
-0.313369
-0.206545
-0.178046
0.0999948
0.727035
250.41
0.3858
0.437126
0.635822
-0.0309646
0.164088
0.0115904
-0.13183
0.314152
-0.0900166
0.384413
0.599397
0.323476
2.2356
0.338639
-0.0335281
-2.55908
-0.841856
0.196822
-0.489578
67.688
0.82451
0.347245
-0.36303
0.334165
-0.116193
0.176261
0.0803801
-0.41338
-0.426115
0.411766
0.976229
0.468523
0.541941
3.2475
0.125853
-0.287289
-0.0268241
-0.0939413
-0.104413
0.512309
0.247264
0.225769
1.28943
1.27067
0.994336
0.544512
0.404474
0.067178
-0.164342
-0.039911
0.286036
-0.067316
2.04674
0.127404
-0.0184276
9.52154
0.25519
-0.127762
0.0737966
-0.0318386
-0.0904728
-0.230644
-111.791
0.0102293
-0.836092
0.624129
0.924185
0.303962
0.358363
0.0165168
0.165459
0.12595
-0.0391783
-0.0537638
-3.50144
-9.65728
-0.336529
-0.398738
-12.7697
-0.0789448
0.0674426
0.0197875
-0.014052
-0.0440297
0.0305833
-16.7785
0.181805
-0.906171
-1.2566
0.113931
0.923736
0.31278
0.176486
-0.128158
-0.132555
0.0908242
0.0837878
6.26082
-35.3657
-0.170814
0.586363
-0.327881
-9.57024
-0.420724
-0.227606
0.0853779
-0.0394738
0.0314202
-0.0077016
18.7285
0.145523
-0.463947
-0.859894
-0.67931
-0.0756316
0.77189
0.288357
-0.105595
0.108075
0.109648
-0.108894
-6.13926
5.7919
-0.165604
0.260932
0.359697
-0.363957
-5.75536
-0.699612
-0.453091
-0.130169
0.0485854
0.15788
0.0535282
-47.543
-0.212677
-0.398348
-0.22031
-0.324072
-0.53416
-0.469389
0.884353
0.282842
0.0385944
-0.0206909
-0.0894509
4.00952
65.8366
-0.144975
-0.133816
0.381443
0.940616
-0.470883
-2.96298
-0.0503353
-0.109487
-0.37982
-0.164353
-0.00271025
0.0211838
53.4532
-0.120612
-0.959189
0.630126
0.160571
-0.252297
-0.444819
-0.431901
-0.137393
0.0689373
0.221787
0.166072
1.80268
-23.5416
0.18468
0.0343511
0.0712861
0.971169
-0.6585
-0.0622507
-3.62368
0.0446157
0.062484
-0.092967
-0.403605
-0.32726
-0.148824
14.6835
-0.122172
0.484731
-0.134219
-0.015048
0.0833109
0.00730807
-0.0556304
-0.116978
-0.522084
-0.287419
0.130262
-4.21268
-10.0085
0.0518541
0.0164299
0.050023
0.212163
0.870961
0.0874399
-0.252672
-4.51936
0.196947
0.0639347
-0.0119845
-0.0165311
-0.348414
-0.35186
-25.4499
-0.225797
-0.173947
-0.148598
0.14137
-0.0401414
0.0971959
-0.182766
0.153007
0.483341
-0.786294
-0.422043
-0.700653
3.30741
0.0223891
0.0781504
0.0218503
0.0411484
0.198387
0.54066
0.145135
-0.0157414
-7.53814
0.0278428
-0.170909
-0.124964
0.0698518
-0.00311993
-0.290931
-79.66
0.07814
-0.191084
0.646605
0.108587
0.099715
0.0766637
-0.080294
-0.265057
0.470315
0.650092
-0.760124
-2.98244
5.18463
-0.0220309
-0.0408836
0.0947941
0.0666861
-0.0419704
-0.0262585
0.137126
-0.140217
0.0902248
-2.40569
-0.0536583
-0.0641724
-0.0644135
-0.177762
0.0218891
0.0422424
53.2242
0.130747
0.419672
0.486731
0.116037
-0.0750552
-0.133206
0.00470844
-0.0163536
0.0518291
0.642083
1.2088
-5.36502
16.5935
0.12989
-0.0394366
-0.0429669
-0.0235918
-0.0659474
-0.0500119
-0.211538
0.0678274
0.416994
0.279218
-0.853139
0.102619
-0.388033
-0.176762
-0.133514
-0.16262
0.094092
-2.93257
0.175324
0.315253
-0.726282
-0.130064
-0.145457
-0.23175
-0.0984633
-0.201506
0.315231
0.282213
0.722577
18.7114
13.9565
-0.239377
-0.00919376
0.355275
-0.0528844
0.0796098
-0.0996116
-0.0825124
-0.433076
-0.328639
0.266534
0.633127
0.46385
-0.348099
-0.220059
-0.0415585
-0.11395
-0.0193722
-0.134162
55.3724
0.115147
0.284449
0.792501
0.0637975
-0.00212659
0.125034
0.0492357
-0.00240456
0.10067
0.0795614
0.100683
0.392205
50.4692
1.0306
-0.070099
-0.0251524
0.0413494
0.078321
0.0478837
-0.00724077
0.0445701
0.0272557
-0.487269
-0.0761344
-0.473552
7.46373
-0.380805
0.0848945
-0.0410358
-0.00309886
-0.00749863
-0.0476406
-1.79223
-0.314312
0.200168
0.932817
0.405576
0.152911
-0.0643288
0.0983375
0.0932243
0.0926855
0.118075
-0.030296
-6.15871
-46.6611
1.04892
0.605121
0.018909
0.0658092
0.0793996
0.110952
-0.0935835
0.125808
0.0158246
0.29175
-0.382575
0.830562
-0.14161
-5.57233
0.100633
0.0954938
-0.0100787
-0.0646906
0.0302032
-0.0173916
-20.5757
0.0715072
-0.333283
-0.773275
-0.186211
0.156655
-0.00455106
0.112179
0.274059
0.0756977
-0.080221
0.049133
0.543592
-38.1205
-0.7089
0.281217
0.715176
0.156429
0.108589
0.0349529
-0.0257428
0.132345
0.0580204
-0.014565
-0.408211
-0.304903
0.364648
-0.135213
-5.44224
-0.139401
0.148503
0.113357
0.0488239
0.035198
-0.1825
57.148
-0.160194
-0.14922
-0.222981
-0.297486
-0.304051
0.132083
-0.0187741
0.117225
-0.11153
-0.0159386
0.0273884
-9.12804
-67.4153
-0.347423
-0.51885
0.322545
0.775935
0.29881
0.10294
0.114521
0.0658923
0.0785544
-0.135311
-0.15079
-0.27987
-0.0280403
0.407813
0.0213151
-7.08923
-0.529323
-0.257789
-0.00880687
0.114095
0.0262011
0.131258
18.0608
0.0446812
0.0328148
-1.33322
-0.643539
-0.384624
-0.171105
-0.155598
0.131287
0.0400718
-0.113861
-0.0646323
3.52723
-101.369
0.177479
-0.158102
-0.677587
-0.0506225
0.800333
0.377934
0.0223031
0.0813115
0.0877236
-0.188992
0.114334
-0.0186901
-0.155178
0.360339
-0.0643842
0.139787
4.08966
-0.715976
-0.12066
-0.339665
-0.272792
0.0437796
0.10679
16.0453
0.125652
0.0705599
1.42339
-0.268525
-0.32112
-0.552321
-0.476307
-0.395974
0.0307652
0.0342439
0.0477949
-2.58364
20.952
-0.105051
-0.00165652
-0.170319
-0.451873
-0.065743
0.361979
0.33703
0.231933
0.0401966
0.221261
0.251702
0.466812
0.196287
-0.0233538
1.16658
-0.314808
-0.0880113
7.21037
0.366058
-0.00361233
0.0792766
0.00247845
-0.322437
-0.528759
19.8856
0.117723
-0.104969
-1.43833
0.460672
0.408568
0.315979
-0.218534
-0.321928
-0.568247
-0.307088
-0.0635104
-3.92829
45.5036
0.205777
-0.0162951
0.157288
-0.0267162
-0.13411
0.696611
-0.834738
-0.407495
0.231879
-0.027084
0.0349155
-0.0743885
0.0806251
0.151522
0.0939083
1.01878
0.203395
-0.127059
15.704
0.139842
0.0291886
0.0189738
0.0812253
-0.0200003
0.12584
-39.1509
-0.0365659
0.17372
-0.17383
0.0466061
0.0435989
-0.106996
0.17799
-0.0837426
-0.29188
-0.277133
-0.241532
-9.21473
11.7696
0.0347207
0.00186678
0.114855
0.0806175
-0.00472806
0.0808998
0.746143
-0.541311
-0.406874
-0.0929031
0.227403
0.0545558
0.0954706
0.102548
0.0719455
0.202912
0.562718
-0.301992
0.326122
-1.8681
-0.0462466
0.00367016
-0.0290267
-0.13596
-0.0667273
0.115149
18.6266
0.102953
0.599157
1.26075
-0.051932
-0.0160864
-0.0455775
0.0748622
0.191557
-0.101357
-0.0366671
-0.256096
-2.2821
6.44788
0.0714093
0.136328
-0.017063
-0.0546768
0.181053
-0.162267
0.156617
0.881803
-0.457806
-0.265889
-0.118878
-0.0685027
0.0968714
0.0465474
-0.0472869
0.120486
-0.169928
0.146858
-0.271658
-0.129974
6.23766
-0.169425
0.213356
-0.0746222
0.0517438
-0.146632
-0.180497
5.64245
0.0443519
0.460747
-0.0518086
-0.284328
-0.0894088
-0.0456328
-0.10793
0.177061
-0.0632779
0.325041
0.0142771
-0.938334
-31.9686
-0.071746
-0.0428335
0.0145784
-0.0447819
0.0828428
0.0841649
-0.0915504
0.0642092
1.10518
0.351297
0.240111
0.170395
0.0320324
-0.0105469
0.0133883
0.11133
-0.241142
-0.396547
-0.0742643
0.451437
0.264779
-1.44123
-0.56395
0.0728661
-0.187212
-0.0537922
-0.0155307
-0.202229
-119.266
0.135502
0.294126
-2.3868
0.101848
0.0366506
0.141058
-0.00434295
-0.123259
-0.0840725
0.241333
0.0666605
2.19395
52.9496
0.116546
0.062749
-0.166905
-0.111469
-0.167955
0.226937
0.0495889
-0.0506162
0.963594
0.775479
-0.422744
0.0868797
-0.0901607
-0.10163
0.108971
0.177472
0.0718216
-0.0681623
-0.303589
-0.842667
0.179126
0.762299
1.91665
0.000857549
-0.0863067
-0.0668336
-0.0276252
0.029068
-0.0820972
84.5488
-0.0654596
-0.153642
-0.83238
-0.0264928
-0.0815241
0.000183309
-0.118889
-0.00826447
-0.132965
0.0365867
0.198712
-3.73641
29.2244
0.398069
-0.0814794
0.335535
0.148891
-0.123393
0.150391
0.145264
0.144208
-0.0127046
-0.168778
1.20606
0.755592
-0.315784
-0.0109707
-0.0716507
-0.17516
-0.110461
0.0535685
-0.000745021
0.105688
0.073685
-0.690417
-0.137823
4.35862
0.0175644
-0.219245
0.00247943
-0.0302978
-0.0423228
-0.100163
12.242
0.0278679
-0.265821
0.734576
-0.0504478
-0.0937376
0.107597
-0.0732028
-0.0769309
-0.0342103
0.142471
0.0701081
1.10879
-30.6698
-0.0905086
0.132612
0.00787148
0.199397
0.0132203
0.00204524
0.0649511
-0.0489944
-0.0156246
0.221449
-0.351893
1.10662
0.549434
-0.0751052
0.139496
-0.0339024
0.102887
0.0765942
0.0451122
0.124054
0.357418
-0.331925
0.100627
-0.174075
-1.0701
0.162856
-0.108545
-0.0718718
0.0240326
-0.104675
0.107788
-18.1104
0.283557
-0.468891
0.336915
0.0475365
0.0305748
0.0607281
-0.0151201
-0.161085
0.101301
0.0891505
0.043147
-1.85996
-27.0285
-0.478213
-0.277622
0.0689388
0.0255767
0.00293825
0.149772
-0.0232334
-0.0463608
-0.106389
0.131002
-0.560542
-0.522623
0.535155
0.621005
-0.0751823
0.323853
-0.146751
0.00795652
0.0735734
0.215156
0.16709
-0.395071
-0.242194
0.431462
0.0160023
0.318124
0.634537
0.190241
0.0100898
0.0477539
0.0412461
0.00615442
-11.2305
0.0717288
0.0301885
-1.6149
0.0725927
0.233525
0.176874
-0.10452
0.204667
0.126036
0.110566
0.0331641
1.90414
78.4538
-0.331449
-0.232055
-0.133712
0.220141
0.101006
0.00221761
0.0798508
0.15727
-0.170155
0.197428
-0.495892
-0.388845
-0.641418
0.517369
0.702169
0.234676
0.156559
-0.0667892
0.02687
0.0486128
0.154429
-0.291287
-0.388663
-0.326055
0.267717
0.201616
-0.944315
-2.02263
-0.101733
0.134644
0.0969701
0.293032
0.26217
33.1994
0.207775
0.246824
0.298957
-0.237042
0.145158
-0.118957
0.32786
0.197867
0.551102
-0.0545411
-0.045171
-4.95199
-10.0322
-0.258429
-0.0737032
-0.13191
-0.377919
0.159907
0.353673
0.0593038
0.18405
-0.338977
-0.00989406
0.32296
-0.0968357
-0.471041
-0.745869
0.670307
0.562682
0.341021
-0.0548443
-0.0699239
0.139779
0.116428
0.149559
-0.296159
-0.362072
0.188145
0.409931
0.291219
1.00502
-2.26463
-0.0641322
0.155847
0.0391309
-0.120429
-0.19422
-94.3959
0.234237
0.322074
0.221416
-0.33378
-0.431348
-0.12735
-0.0512726
0.0510695
-0.201465
0.280054
-0.282328
-1.99095
-22.3612
0.127809
-0.00964321
0.153359
-0.190858
-0.174837
0.0693359
-0.106406
-0.511732
-0.0791507
0.388942
0.0151525
-0.154644
-0.137127
0.209624
-0.462229
1.27697
-0.0612061
-0.14959
0.108874
0.211935
-0.251699
0.253905
-0.0645829
0.0473244
-0.402523
1.24754
-0.0213189
0.217521
-7.077
0.203691
0.0987545
-0.0809799
0.0505044
0.237469
0.192586
39.2522
0.179281
0.232946
1.44692
-0.294251
0.0757275
-0.0273367
0.123412
0.104826
0.249958
0.188038
0.100574
-1.37194
-42.9126
0.232666
-0.156229
0.0450611
-0.0139209
0.0349723
0.0217005
0.20156
-0.126499
-0.218866
-0.608484
0.624759
0.051743
0.010156
-0.0425084
-0.217976
-0.0307152
1.2235
0.0783806
-0.481578
-0.0903896
-0.238159
-0.139362
-0.00269235
-0.0255572
-0.0360799
0.205307
1.82525
0.274866
0.00219199
-9.75809
-0.150072
0.0746384
-0.0162693
-0.0100984
0.120094
0.0615839
27.7633
-0.0659269
-0.755832
0.21298
0.0692159
0.149129
-0.0658213
0.0526762
0.132156
0.0196718
0.190583
-0.0269009
-5.93219
-43.6375
-0.0390724
-0.0162823
-0.0317094
-0.156919
0.00697314
0.166551
-0.0067401
0.0198409
-0.0090407
-0.00915185
0.214623
-0.0649858
0.0154656
0.0941759
-0.0155826
0.108053
-0.0866699
0.860879
0.0975623
-0.319343
-0.431885
0.159353
0.0412697
0.0544484
-0.0121494
-0.122307
-0.886574
0.412704
-0.25041
0.0887363
5.59463
0.0517329
-0.0139348
-0.0170008
-0.0479741
-0.0114077
-0.0567203
-34.3459
0.00714169
0.809312
-0.67011
0.0856144
0.154527
-0.095198
0.170201
-0.0690425
-0.0114625
0.197175
0.20889
-0.972215
15.1776
0.127377
0.0652843
-0.0198873
-0.156441
-0.0412417
0.0760846
-0.0508266
-0.0219502
-0.0719967
-0.36553
0.310395
-0.00467629
0.0886424
0.0662413
-0.00827825
-0.081497
-0.0197117
-0.0792218
0.907034
0.0413601
-0.415149
0.153496
0.328574
0.0737462
0.192542
0.291533
0.483417
-0.120381
-0.195503
-0.168155
-0.194623
-3.59144
0.0962215
-0.0378937
-0.0410592
0.0132605
-0.0471538
-0.0869738
25.8238
0.111325
-0.202954
0.129191
0.194255
0.0729082
0.0622873
0.0272683
0.0239417
0.0407056
0.072385
0.124875
0.22484
11.91
0.378711
0.1695
0.0707821
0.0772609
-0.0752755
0.155591
0.164233
0.146696
0.117542
0.386073
0.155573
-0.0870912
0.142252
0.0508674
-0.033903
0.105624
-0.0683699
-0.0588014
-0.328116
1.17904
0.620567
0.143992
0.125303
-0.0749451
0.236219
0.248631
-0.264769
-0.0736004
-0.439821
-0.457279
0.467668
0.307615
1.20559
0.399399
-0.0444873
0.0578123
0.0525423
-0.0552231
-0.328054
-32.8656
0.203594
0.321588
-0.923736
-0.088277
0.0835585
-0.0176597
0.160444
-0.307163
0.0906482
0.0192916
-0.307848
-0.661998
14.9233
0.179398
0.103218
-0.0351272
-0.00266114
0.0826522
0.230471
0.0852982
-0.0651855
0.439267
0.0835846
-0.0140915
-0.0679775
0.233918
0.2129
-0.238772
0.207552
-0.136265
0.1071
0.00482805
0.710058
0.967391
0.0214087
0.527075
-0.0808317
-0.260018
0.0844251
-0.116844
-0.306173
-0.374647
-0.358711
-0.95085
0.121423
-0.132154
-5.27753
-0.0800184
0.050028
-0.107058
0.0283505
0.00386866
0.123345
-22.7999
0.329771
-0.40772
0.727561
-0.150096
-0.0591594
0.0772772
0.048424
-0.137675
0.0582746
-0.0815041
-0.0204168
-2.21309
2.96483
-0.175996
0.115838
0.0401864
0.0792075
0.178761
-0.054114
-0.0317834
0.0689114
0.0733566
-0.0527387
0.0237511
0.408074
0.0313671
0.191713
0.0605802
0.0246473
0.146884
-0.0369252
0.213064
0.00290823
0.054475
1.0934
-0.0211192
-0.248833
-0.0558108
0.0825941
0.398931
0.185016
-0.0507531
0.116865
0.193179
-0.0899812
1.02373
0.297681
-2.07786
-0.330414
0.0827683
-0.0676352
0.0261097
-0.0382099
0.112548
48.3295
0.000972295
0.0104838
-0.394665
0.149871
-0.0684952
-0.0972922
0.0242512
0.0306601
0.120339
0.060419
0.0447174
-1.65609
5.48643
0.0203007
-0.00894367
0.147004
0.136545
-0.142226
0.00675832
0.12437
0.213417
0.103836
0.435823
-0.0383759
-0.00773642
0.0748758
-0.124988
0.22455
0.0797306
-0.00341357
-0.089484
0.113295
0.00319536
0.0253789
-0.406096
0.890569
0.335573
-0.271733
0.0592825
0.263335
-0.13081
-0.130358
0.121546
0.12109
0.797445
-0.486499
0.248063
-0.442504
1.52817
-0.0383244
0.0315065
0.0798642
-0.0539782
0.0285608
-0.0550178
21.2571
-0.0948163
0.144409
0.469497
0.139407
0.184288
0.0391083
0.166053
-0.0301677
0.116209
0.0843599
-0.029308
-3.93465
12.048
0.212155
0.0327709
0.102086
-0.0886408
0.0618717
-0.0154786
0.0402086
0.121981
0.139103
0.405063
-0.0592881
-0.0370755
0.0112361
0.157257
0.217717
-0.0374623
0.00867628
0.054577
0.0436108
-0.00931754
0.17271
-0.589496
-0.464671
1.07555
0.538839
-0.453914
-0.00982215
-0.129563
0.275547
0.100905
0.0726685
0.022877
-0.297102
-0.436188
-0.244456
0.119894
1.97374
-0.383624
-0.0629385
0.0999362
0.0679845
-0.0793569
0.0193102
-14.8357
0.156402
-0.132274
1.07472
0.0902116
0.167651
0.108136
0.167018
-0.0527549
-0.0267815
0.176034
0.0315602
-4.52133
-4.16363
-0.143777
-0.182966
0.17696
0.184692
-0.0585852
-0.0363136
-0.0594309
-0.0926694
0.230588
-0.154572
-0.0688785
-0.105838
-0.102464
-0.0616507
0.363602
-0.00199748
0.0206169
0.0599831
0.104161
-0.0740088
0.147554
0.0743945
-0.166545
-0.286052
1.12485
0.654575
0.168933
0.0855564
0.11671
0.0791784
0.0467991
0.132807
-0.256301
-0.22201
-0.300165
0.401467
0.284701
-0.854079
-0.539264
0.15328
-0.0108224
0.0180868
-0.132727
0.0849089
-11.6388
0.239694
0.294273
-0.0918729
0.181992
0.12509
0.32743
0.383424
0.076712
0.00844717
0.148809
0.178923
4.76703
17.61
-0.674501
-0.109765
-0.109056
0.143759
0.0961164
-0.0649478
-0.0866945
-0.146107
0.158839
-0.537712
-0.825097
-0.00177722
0.0598055
-0.0628916
-0.117047
0.105537
0.299517
-0.0619659
0.0182323
0.0130086
-0.120401
0.0510456
-0.0447305
-0.187535
-0.316925
1.73314
1.47945
-0.413437
0.149132
0.23201
0.030218
-0.155814
-0.335322
0.0847001
0.0633234
0.471792
0.327716
0.249058
-3.33622
-0.0956971
-0.0867633
0.140251
-0.0487536
0.096064
0.143971
5.29751
0.195066
0.255146
-1.27004
-0.221244
-0.181867
0.0548915
0.00315612
-0.0934909
0.176992
-0.196656
0.200081
1.05672
45.4128
-0.241261
0.0297649
-0.145384
-0.101917
0.138365
-0.176941
-0.0266886
0.102711
-0.23544
0.330796
0.576453
-0.181171
-0.0470839
0.00643738
-0.0122651
-0.192458
0.0936494
0.124531
-0.077444
0.114589
-0.0947427
-0.354229
0.095268
0.0527943
0.290214
-0.128517
2.34087
0.429684
-0.295923
0.0502595
-0.177085
-0.479834
0.183276
-0.0966709
-0.0769392
-0.171803
0.835403
-0.370027
0.047717
-10.5258
-0.089545
-0.00563321
0.0411539
0.121305
0.106932
0.0635088
17.0012
0.0792888
0.0846865
-0.600762
0.210779
-0.110583
0.000710375
0.00327997
0.0598468
-0.0919947
-0.00561285
0.123205
-0.808397
-18.6401
0.0851005
0.0959744
0.144766
0.150876
0.00663789
0.081843
0.11041
0.197126
0.0779118
0.26943
-0.0706168
-0.0140533
-0.000162847
-0.00166609
0.0277705
0.00208081
0.132073
0.284533
0.0872132
-0.0648626
0.0898819
-0.00377725
0.0849233
0.0586908
-0.0465995
0.148969
0.623273
0.899966
0.555606
-0.0152999
-0.0536973
0.537542
-0.0441624
-0.0246727
0.0782766
0.0312712
-0.0388153
0.446569
0.135239
-0.202887
-1.25268
-0.0752001
0.0422937
-0.0175
-0.0182112
-0.0773393
0.0218781
18.5119
0.269151
-0.608208
0.082497
-0.157214
0.0872279
-0.0385931
-0.160874
0.0525647
-0.045735
-0.0443709
0.139556
0.523152
26.9416
0.156236
0.103781
0.155047
0.0291002
-0.00523518
0.0915027
0.0523066
0.0294473
0.0291843
0.120352
0.0168681
0.127207
0.167357
0.0123009
-0.0200339
-0.0903365
0.115055
0.104054
0.10852
0.0516769
0.0347225
0.164777
0.0974522
0.268594
0.13159
-0.0636863
0.276768
-0.187951
0.950266
0.718965
-0.229827
0.0661116
0.176047
0.00674545
0.0204051
0.0209467
0.0639634
-0.0674175
-0.0398644
-1.06483
0.257597
-2.63641
0.134775
-0.0188797
-0.0186496
0.0632809
0.0291836
0.0816703
-35.0085
-0.015201
0.0263502
0.330673
0.37479
0.168649
0.0500957
-0.00427207
-0.00742206
0.00642578
-0.051898
-0.0362586
-1.62581
-48.425
0.0030213
0.0419778
0.138498
0.0775921
0.0158771
0.0976574
0.0716851
0.0474407
0.088657
-0.136297
0.204734
0.186792
0.0434362
0.0804062
-0.00161795
0.263209
-0.0253858
-0.176634
-0.0848495
0.211566
-0.199972
0.145078
0.0221255
0.08994
-0.177712
0.157563
-0.271085
-0.128686
-0.433189
1.19232
0.585661
-0.298719
0.00134908
0.148763
0.110604
0.0317347
-0.171529
-0.0320808
-0.257344
-0.342848
-0.0404121
-0.288216
-1.40481
0.0215559
-0.0667289
0.0330468
-0.0640542
-0.109787
-0.258388
3.14677
0.308746
0.120863
0.354477
-0.0303338
0.194742
-0.112854
0.143369
-0.205156
-0.105746
-0.260484
0.10263
-4.46978
-14.3481
0.0497158
0.0271301
0.0854781
-0.0878802
0.122367
-0.0144773
0.018967
0.1871
0.15821
-0.223642
0.288705
0.139614
0.169063
0.113758
-0.123691
-0.0743583
0.0253671
0.0169926
-0.0686985
0.0467901
0.582343
0.404102
0.16556
0.223139
0.0802082
0.363244
0.343204
-0.183975
-0.129482
-0.510646
1.31633
1.07137
0.133679
0.170011
0.0861768
0.131625
-0.451731
-0.0568665
0.0613714
-0.271213
-0.789371
0.549833
0.33352
2.04341
-0.355625
-0.0353673
0.0782759
-0.257361
-0.155866
1.20494
48.4682
0.276463
0.349292
-2.88093
0.297188
0.451691
-0.394325
0.205633
0.738694
-0.600774
-0.162832
-0.0155437
3.09636
-64.6058
0.423948
-0.120766
0.169328
-0.102106
-0.0691037
-0.158305
0.179186
0.428234
-0.0774122
-3.14348
0.0648838
0.356899
-0.0356254
0.355231
-0.0616472
-0.216621
-0.220636
0.0900731
-0.301109
0.287312
0.0765365
0.00894113
-0.282837
0.0851723
0.206743
-1.8373
-0.596995
-0.582135
0.305521
0.17022
-0.399966
1.07717
0.242881
0.821536
-0.014289
-0.404663
-2.04265
0.337586
-0.697866
-0.505577
-0.832816
-0.667858
0.154987
-0.0943324
3.81522
-0.125406
-0.00989588
0.0260705
-0.0480377
0.0253878
0.266661
0.522429
0.265016
-0.130075
-0.176567
-0.0959536
0.0234625
-0.0224769
-0.186682
-0.00277682
0.145802
0.0404509
0.0348225
1.48848
9.00323
-0.0169008
-0.0126601
0.0254046
0.019958
-0.192303
-0.00489415
0.0918627
0.198847
0.067953
0.0762005
0.009395
0.0050046
0.10057
0.0567409
0.0508794
0.158286
-0.246139
0.0354841
-0.00864283
0.0637813
-0.18347
0.191413
0.229193
0.0633254
-0.0887277
-0.230524
0.0649529
0.103853
0.157741
0.15481
0.118864
0.271653
0.943484
-0.344606
-0.324588
0.00452325
0.649369
-0.109472
0.165564
0.0724452
0.15078
0.0296349
3.50106
0.853471
0.182453
1.22402
0.0949958
0.0408716
0.00159598
-0.0668215
0.0779584
-0.00134574
81.2751
0.0178678
-1.05692
0.087176
-0.103808
0.051225
0.0923314
0.0124184
-0.24549
0.0653283
0.0260955
0.195342
0.656746
13.3801
0.068712
-0.0568552
-0.100211
0.136525
-0.0255438
0.0417458
0.0332153
0.0668886
0.0673953
0.35268
0.0388267
0.0368836
0.124114
-0.0232255
0.00361519
0.109612
0.0777903
0.112799
0.11696
0.0697108
0.994223
0.0964248
-0.0773034
0.0997977
0.000199848
-0.22063
0.831404
0.0988298
0.159034
0.137355
0.119946
0.78015
-0.0986412
0.893435
-0.183316
-0.240142
-0.201123
0.0180542
-0.0392561
0.0874258
0.151675
-0.0131781
-0.793518
-0.377975
0.352051
0.587483
-8.43126
0.194234
-0.0381031
-0.000706669
0.00774782
0.111625
0.0525465
-12.2398
-0.101397
0.439723
-0.280074
0.0225368
0.0265648
0.111827
-0.101997
0.0607004
0.089094
0.029714
0.0814771
8.11802
84.6915
0.00500155
0.0529691
-0.0874246
0.149031
-0.018655
0.0628009
0.0821321
0.00947344
0.0944401
0.0483641
-0.0465436
0.116577
0.108751
-0.0156691
0.065142
0.0659159
0.0551859
0.241681
0.131905
0.043226
-0.182396
0.263589
-0.128254
-0.0174274
0.20599
0.392459
0.507101
-0.0896727
-0.036405
0.0884023
0.106855
0.261222
-0.309113
-0.106888
1.00387
0.145217
-0.221407
-0.0806066
0.05
-0.00847244
0.0129896
0.0723743
3.32729
-0.367275
-0.357552
-0.118341
-0.0583528
1.86246
0.0137048
-0.0289589
-0.0671066
-0.023676
0.0316805
0.0912562
38.7965
0.095559
0.814437
0.167698
0.125105
-0.020255
0.056017
-0.0522058
0.0793347
0.132667
0.0675705
0.0727805
-4.07352
9.17931
0.21469
0.203667
-0.0155195
0.0198507
-0.107353
-0.0212283
0.0768148
0.0812671
-0.0786417
0.100553
-0.164863
-0.0962345
0.0628411
0.0984228
0.0144124
-0.0740942
0.0587412
0.100622
-0.118472
0.135354
0.192328
0.0170524
-0.01247
0.101905
0.186586
-0.00640671
-0.70586
0.0282621
0.0643831
0.0157661
0.0419464
-0.084116
0.195214
-0.157041
0.00966788
1.05793
0.662077
0.0471207
0.0561481
0.0165957
0.181863
-0.0800054
5.52458
-0.125873
-0.267969
0.0117734
0.188435
0.323975
14.7849
0.421849
-0.00672943
0.089682
0.0161406
0.0461997
-0.0126046
44.2471
0.130218
0.45443
-0.865447
-0.0394002
-0.0278899
0.0575996
-0.194164
-0.0350547
-0.103306
-0.0384114
0.0661747
3.03007
-1.94196
0.0218191
-0.00285972
-0.0334542
0.0697609
-0.037655
0.0381557
0.0595176
0.0723857
0.0372339
0.0600626
-0.22385
0.0931638
0.0868108
-0.0455574
-0.270701
-0.0729276
-0.011772
-0.0185046
0.00335087
-0.185934
-0.165461
-0.154355
0.00760159
0.0770057
-0.17843
-0.203159
-0.399863
0.160562
0.0134618
-0.0355287
0.0686279
-0.31371
-0.0623419
-0.024749
0.061305
0.0635659
0.985482
0.552823
-0.0200658
0.0126193
0.0875935
0.160639
-9.593
-0.0188369
-0.0344768
-0.0047951
0.404438
-0.00380054
0.0428164
9.26196
-0.201947
-0.0251458
0.0152646
0.0126885
-0.0122729
-0.119037
26.5308
0.0437124
-0.179061
0.75955
-0.157703
0.056291
0.0318525
0.0461805
0.200753
-0.0663074
0.0419218
0.182138
2.0843
35.1241
0.0656362
0.0224303
0.0655825
0.0481655
0.0559387
-0.0647729
-0.0332137
0.0862346
-0.0258945
0.00129037
0.048765
0.0250617
0.115077
0.0536311
0.13816
0.116006
0.0496021
-0.0408269
0.0969651
0.132785
0.267537
-0.119542
-0.177755
-0.0501946
0.128761
0.176199
-0.693711
0.0859289
0.0568794
0.0624516
0.02428
0.209416
0.0860248
0.10459
0.0140592
0.108913
0.173999
0.882378
0.549746
0.0682224
0.148203
-0.0206033
-0.501727
0.00549142
0.0248174
-0.00131717
-0.105109
0.488822
0.349004
-0.117617
9.48774
0.15453
0.072107
0.00761443
-0.0120189
0.0627814
0.0282642
-73.7983
-0.184793
0.00524095
0.347175
0.144898
0.179961
0.051083
0.14413
-0.166813
0.13283
0.0332212
0.0730846
5.19219
-37.5838
0.0123205
0.134178
0.0673345
0.131101
0.0560989
0.116582
-0.0202377
0.0306805
0.0773365
-0.0543779
0.156209
0.142536
-0.0369281
0.207836
0.240433
0.0155109
-0.011246
0.057104
-0.0256641
0.202398
0.382379
-0.0709562
-0.0353917
0.049575
-0.0572247
0.102466
-0.894505
0.211443
0.124947
-0.0478005
0.0720739
-0.30088
-0.0888931
0.10199
0.0375509
0.0846048
0.241946
-0.0770763
1.16871
0.615708
0.12112
-0.0219978
9.84611
0.0803377
-0.0088084
-0.030415
0.0357705
-0.0645134
0.303865
0.244859
0.150296
5.3407
0.13055
0.0991135
0.0217742
0.0562026
-0.0377015
-0.190829
-61.3093
0.0575382
-0.00225935
0.202603
0.110866
0.0829367
0.105878
0.0651587
0.00932571
-0.0282494
-0.135549
-0.0143212
-7.90888
39.8015
0.192186
0.126042
0.117176
0.0901978
0.157487
-0.0487839
0.0969387
-0.12815
0.115848
-0.0312199
0.0699085
0.00966965
0.107765
0.152719
0.177981
-0.186213
0.387714
-0.00146995
-0.00170802
0.0362626
0.208279
0.104794
0.202738
0.263197
0.0919734
-0.0559589
0.442806
-0.114484
0.129565
0.407625
0.0773384
0.120019
0.0351098
-0.0498788
-0.0718378
0.0163679
0.0279359
-0.197748
-0.368008
0.88175
0.793309
-0.160188
-9.50842
0.102732
-0.0107279
0.138909
-0.0121247
0.112655
-0.179101
0.220822
-0.614222
-0.140317
-9.39943
-0.106835
0.211359
0.096704
-0.0461479
-0.0127384
-0.148644
-15.8907
0.114157
0.249356
0.601861
-0.184506
0.0425159
-0.0135647
0.109232
0.0573074
-0.017644
0.0657854
-0.170508
-5.53497
8.82332
0.0889027
0.131415
-0.139329
0.0842445
0.0834267
0.0122093
0.101869
0.0717545
-0.137315
-0.0652494
0.392428
0.0408869
0.28322
0.0676563
-0.0150898
0.0126902
0.0258218
0.0264271
0.0619742
0.155725
-0.0163658
0.164073
0.198166
0.0167494
0.0570396
-0.150333
-0.171518
0.0255966
-0.175266
-0.052928
0.259606
-0.225029
0.0548814
0.128262
0.0450398
0.262101
-0.644704
-0.0209834
-0.162346
-0.426796
1.16517
0.95847
3.03451
0.236101
0.0139864
0.0466086
0.0648769
0.130352
-0.131985
-0.254338
-0.3742
0.0686619
-0.230591
7.23862
0.304688
0.0606611
0.0049913
0.0183075
-0.14442
-0.0591075
-106.423
0.0132789
-0.0141943
-0.132581
0.14307
0.175445
0.0963191
0.0639202
0.015708
-0.0491571
-0.0494391
0.00353607
-3.04236
23.0075
0.292394
0.209471
0.279338
0.0290961
0.156606
-0.0180384
-0.061582
-0.135137
-0.0928918
-0.159259
0.154926
-0.138254
0.0859712
-0.165458
0.0981101
-0.00522252
0.130803
0.0432183
0.266745
0.349292
-0.236262
0.101317
0.184611
0.217939
-0.0708951
-0.113598
0.444216
-0.377855
-0.137877
-0.153728
-0.294493
0.682246
0.180806
0.0167074
0.107426
0.152062
0.641898
-0.248605
-0.229119
-0.216488
-0.249968
1.38908
21.5654
0.21081
0.263259
0.0540714
0.108266
0.139247
-0.0311103
-0.235298
-0.393376
-0.843273
0.562836
0.342389
1.41861
0.675554
-0.206942
-0.286017
0.0636275
-1.7872
-1.93543
50.1472
0.285796
0.358328
-1.39876
-0.401036
-0.731138
-0.30135
-0.170727
0.256612
0.181396
-0.525074
-1.33994
3.40909
-12.5009
0.477608
4.04503
0.908899
0.609236
0.670476
-1.20856
-0.851641
0.317368
0.00230533
2.21585
-0.0418553
2.72229
0.949592
-0.718275
-0.0465003
0.213926
1.01953
-0.0760211
-0.181678
-0.240234
-0.581865
0.801957
2.62628
0.152923
-2.79107
0.896956
3.225
0.119259
-0.205984
-0.048714
0.731579
-0.702445
-0.428313
2.77691
0.998941
0.390051
-0.531306
0.00837864
-0.227488
-0.0750549
0.150489
0.086044
22.4307
1.00395
0.1102
-0.566455
0.579565
0.564496
0.168884
-0.0884354
0.314544
-0.248273
0.00102196
0.281018
0.193618
-4.81701
0.0111646
-0.186477
-0.0112283
-0.0422129
0.0599893
-0.0683537
4.91657
0.44051
0.140062
-0.936887
0.264429
-0.24537
0.0926047
0.0514139
0.116897
0.0365416
0.0995831
0.0313739
0.559942
-20.5266
0.00303367
-0.0549671
-0.0631171
0.0396052
0.102492
-0.0898897
0.124014
-0.121469
0.129176
0.0614437
-0.341341
0.00645297
0.0154117
-0.0627106
-0.00183446
-0.26912
0.144568
0.100245
0.0636308
0.127626
0.235012
0.0741306
-0.0364056
-0.0125688
0.0975967
0.233273
1.16314
0.132417
0.103331
0.156727
0.098548
-0.186277
0.0717673
0.119797
0.03453
-0.337671
-0.124916
-0.18546
-0.0570771
-0.0309865
0.0642149
-0.036842
-16.9071
0.863313
-0.619621
-0.219424
0.110664
0.00704427
0.0896842
0.186621
-0.0670065
-0.0854046
0.223392
-0.185045
0.310757
-0.123698
9.53535
0.095937
-0.11417
0.0143118
0.0444131
0.0442984
0.135188
-45.1918
0.0640216
0.253282
-0.537131
0.142949
-0.115886
-0.00519129
0.00856068
0.188713
0.14636
0.0583292
-0.0305268
4.7965
10.2114
0.0578744
-0.0131704
-0.0120903
-0.0721743
0.0820191
0.0618265
0.0858593
0.0626096
0.246241
0.052825
-0.369239
0.0730933
-0.0163509
0.0751209
-0.0103983
0.108887
0.203512
-0.0492163
0.158133
0.0210696
0.158948
-0.153347
-0.0206414
0.0446484
0.128666
0.341612
0.174638
0.0684541
0.0219508
0.136247
0.0397929
-0.120647
0.380942
-0.0925037
0.0523122
-0.230916
0.0632709
-0.0331983
0.0869258
-0.031927
-0.0359969
0.155367
6.26944
0.50084
0.860576
-0.486244
-0.152874
0.150333
0.0784072
0.0200657
0.0203049
0.134947
-0.0123712
-0.0648816
0.0198935
0.269336
0.148306
-0.385752
0.125941
-0.041421
-0.00628427
0.0433985
-0.0561938
0.0517444
-17.1133
-0.253822
-0.738623
0.251957
0.0404884
-0.124203
0.0346351
0.0567113
0.047936
0.0518665
0.16341
0.148033
0.360582
-4.55103
0.0982368
0.17121
-0.034976
0.0173582
0.0164674
-0.0320316
0.109988
0.103463
0.0549542
0.258049
-0.167898
-0.0725451
-0.0447554
-0.0161109
-0.0942235
0.0499394
-0.232246
0.108387
0.059541
-0.0446137
-0.0827588
0.152083
-0.00667607
0.00578857
0.0384059
0.552148
-0.0658304
-0.0790505
-0.0767576
-0.0187715
0.0201723
-0.103771
0.0892309
0.0301197
-0.0887902
0.0032674
0.193561
0.159965
0.0420502
0.160799
0.134067
0.0116852
6.50621
-0.146367
0.263947
0.696307
-0.295817
-0.184038
0.0445506
0.0132757
0.0443079
0.0627526
0.0469325
1.25454
-0.318971
0.160277
-0.735421
0.443957
2.67349
0.13742
0.0752048
0.0730338
0.065398
0.0822811
0.0825752
-10.7742
0.391661
-0.298603
-0.357003
0.0230018
0.108752
0.0282797
0.00195393
0.186891
0.13413
0.097451
-0.000669326
1.2085
-42.1519
0.0784993
0.039575
0.00257941
-0.0168796
0.0985643
0.17763
0.0982565
0.0303248
0.222095
-0.194571
0.107455
0.00832639
-0.00275295
0.0943124
0.0158866
0.208251
0.137945
0.0318677
0.00836181
-0.0259894
0.200997
0.0366573
0.106398
-0.0128179
0.0430702
0.404551
-0.594961
0.00922973
0.013098
0.0305457
0.0965246
0.126973
0.128929
0.0714965
0.0100956
-0.0828166
-0.0793873
-0.154866
0.0367168
0.00851483
0.0104862
0.06043
-0.161907
-0.0148652
-0.160342
0.271808
0.842616
0.317567
0.00905683
-0.0307965
-0.0240106
0.086597
0.0360705
-0.0191364
0.0528057
-0.16784
0.350667
-0.155488
-0.30834
-4.03047
-0.0196068
0.126004
0.00293371
0.0489414
0.0661226
0.0791951
-51.305
-0.170062
-0.366618
0.844996
-0.0796981
0.0504153
0.0915577
0.120682
-0.0883546
0.123552
0.0760834
-0.0810844
0.283593
11.2062
0.092343
-0.0295044
0.0618781
-0.00214471
-8.23078e-05
0.17512
0.124768
0.0153833
0.156626
0.0325358
-0.100541
0.0503693
0.0278531
-0.0205839
0.0672196
0.0522707
0.188871
0.0697802
0.136813
0.0927768
0.0688264
0.0449976
0.084188
0.065681
-0.0287075
-0.182424
0.948879
-0.0169403
-0.0143138
-0.0740828
-0.0431347
-0.142176
-0.0726472
0.0298282
-8.17932e-05
0.101215
0.380272
0.243002
0.00377051
0.0861749
0.0507044
-0.0591992
4.37596
0.0201806
0.0323997
-0.0524433
0.18195
0.736834
0.534708
-0.0649868
0.00189289
0.13469
-0.0799903
-0.580651
-0.121403
0.0759023
-0.152753
0.44818
-0.498981
-0.273459
-5.54868
-0.0965513
0.0425883
0.180972
0.0481908
0.000988044
0.115687
80.9487
-0.310427
-0.670377
-0.27027
0.246306
-0.0475955
0.127418
0.052307
0.044248
0.0107206
0.00673702
-0.0492952
-3.28954
-12.4805
-0.14178
0.073532
-0.126029
-0.0412752
0.260277
-0.0716298
0.043219
0.0135694
0.0204124
0.144351
0.203745
0.00495527
0.0642349
0.0980851
0.0304121
0.0848982
-0.174139
-0.10898
0.0149141
0.0219545
-0.118487
0.102313
0.135211
-0.00133787
0.211893
0.201658
-0.137285
0.168604
0.12672
0.000273525
0.0309977
0.00838857
0.0920607
0.0993691
-0.0138428
0.147116
0.207544
0.264578
0.100956
0.0124961
-0.0295607
-0.0717613
-2.67186
-0.0147854
0.00181259
0.121394
-0.0296136
0.208684
0.644083
0.466572
-0.0625053
-0.104848
0.126418
1.35475
0.0369125
-0.10283
-0.0142832
-0.0703304
0.381064
-0.350313
0.15461
7.27509
0.416995
0.067432
0.0210366
0.0411118
0.0732398
0.00770969
27.918
0.0732345
0.236021
-0.158565
0.00540882
-0.124215
0.137647
0.0870337
-0.00119185
0.0538029
0.164578
0.136258
0.0531589
9.98535
0.0338869
0.01907
0.168093
-0.0262822
-0.102836
0.108184
-0.0188934
-0.099573
-0.0693467
0.112112
-0.0016683
0.231489
0.103925
0.124493
0.00166875
0.0271757
0.0865726
0.0988104
-0.00157969
-0.0643003
0.108811
0.0349983
0.0123149
-0.000290692
0.0867764
0.325066
0.22613
-0.0416524
-0.0714779
-0.0311965
-0.0629577
-0.238405
0.0717987
-0.0261592
0.0231969
0.0323869
0.0943325
0.299184
-0.285282
0.154403
-0.117505
0.096832
5.70615
0.0243244
-0.0364665
0.0776932
0.0335783
-0.0563674
-0.207499
0.700016
0.734381
0.150028
0.0343325
-0.482246
-0.0792817
0.0423465
0.0458976
0.0329493
-0.0277815
0.341501
0.611215
0.417903
7.75459
-0.0172584
0.102927
0.0713114
-0.00597359
0.050001
0.0671524
-10.6335
0.066298
0.447693
-0.170234
0.166423
0.160697
0.00335153
-0.160704
0.0931261
-0.0725081
-0.152316
-0.034306
-7.72936
21.3436
0.0287286
0.0901697
0.238591
0.0611168
0.211405
0.0245967
-0.0536638
0.0530975
-0.0468499
0.00781975
0.295699
0.00891133
0.139588
-0.0212589
0.236832
-0.0191544
-0.0811199
0.153039
-0.0760509
-0.0318554
-0.0952939
0.0281742
0.0588015
0.0780648
-0.0151659
0.179702
-0.441239
0.0603515
0.0423517
-0.0395261
0.0745121
-0.115383
0.0961898
-0.0386825
0.124612
-0.052422
0.605136
0.290912
-0.159905
-0.0755183
0.317772
0.115152
-2.52767
0.197065
-0.0256577
0.121841
0.080746
0.0781927
0.024419
-0.37802
0.702002
0.900563
-0.319323
0.371442
0.014946
0.023271
0.0432013
-0.0604095
0.104715
-0.233529
0.14135
-0.193203
-0.200188
4.89621
0.367601
0.173085
-5.25026e-05
0.0582729
-0.0204188
0.0570843
-77.2427
-0.116233
-1.0012
0.705355
0.263913
0.0760277
0.104458
0.081599
0.0393425
0.0358533
-0.199263
-0.0814829
-5.71685
7.19085
0.0260517
0.0740489
0.193343
0.0047867
0.0317806
0.129116
0.0219214
-0.0535276
-0.0165211
-0.492594
0.0119292
0.155802
-0.0642688
0.138653
0.140486
-0.277556
0.150211
0.171057
0.0900953
-0.0311587
-0.0430247
0.00658934
0.0725988
0.074016
-0.143723
-0.516556
0.625798
0.0182236
-0.14105
0.182202
0.107172
-0.0234726
0.121428
-0.0590799
-0.0115321
0.100148
0.617303
-0.272923
0.0374086
-0.214459
-0.277331
0.356681
4.69185
0.0777356
0.0290115
0.0455735
0.128136
0.0430227
-0.000941906
-0.0698548
-0.520015
0.913256
0.876348
-0.907874
0.0551606
0.116601
0.169028
-0.104492
-0.0433748
0.0934875
-0.265504
-0.178643
0.232228
-0.241071
-4.3944
0.00378584
0.0787302
0.0375571
-0.00529089
-0.15602
-0.133403
17.024
0.171243
0.66409
0.785303
0.309923
-0.243925
0.0320952
-0.0771378
-0.236566
-0.0629004
0.0434404
-0.321001
1.13774
-6.785
-0.356751
0.0393498
0.0633131
0.138731
0.152897
0.0583846
0.0206362
-0.173418
0.0268749
-2.97267
0.0704584
0.0379464
0.101903
-0.0483946
-0.0721065
0.258023
0.0652962
0.0122024
0.0171322
-0.0558696
-0.00312736
0.357649
0.102626
-0.0358183
0.0549341
-4.67557
-1.88683
0.44514
0.353326
0.610805
0.226393
-0.418523
-0.0468883
-0.0300456
0.062808
0.725302
-0.265838
-0.0844221
-0.132101
0.298081
-0.256823
-0.513408
18.4611
0.251584
-0.0413281
0.160012
0.0178471
0.0751982
0.134462
-0.120454
-0.181818
-0.717887
1.17609
3.92493
0.0960333
0.0720643
-0.00210202
0.186187
-0.0688701
-0.00841468
0.0984337
-0.142355
0.17955
0.634112
0.237165
3.33464
-0.253212
3.43092
-0.608978
-2.81022
-0.242589
1.82569
41.8946
0.290597
-0.0401081
1.95732
-1.86176
1.71082
1.93876
1.73084
1.51449
-0.126057
-0.752355
-0.00112416
3.52806
-108.488
0.0106215
-1.1098
-0.0673038
-1.89336
1.27358
-1.2673
1.40001
-5.58829
-0.396813
5.29509
0.742851
2.63528
-0.504551
-1.19908
0.855323
-1.41895
1.24731
1.98881
-0.513482
-1.26257
2.47346
1.43073
1.80382
-3.77693
-0.0508788
2.06981
1.48568
2.09033
-0.228945
0.369439
-1.91671
-0.242511
-2.61071
2.14212
0.965164
-1.64188
0.350206
2.92595
0.794177
0.380534
1.94702
0.59245
4.80713
1.68657
1.73958
-0.18776
-1.31553
-0.316824
-2.37704
-2.57356
-0.292098
4.23312
0.928715
0.840177
2.77679
-0.0343352
2.25245
-0.475755
0.905494
-1.95592
-0.00601819
-0.512299
-2.57012
6.27887
0.346637
0.244084
-1.1777
-0.483979
-0.212673
0.210494
0.0266601
-0.0658565
0.0676513
9.20252
0.0852072
0.221527
0.988271
-0.0726355
-0.150191
0.0102001
0.148592
-0.223196
0.0351847
0.299477
0.166271
3.68829
7.6336
-0.577511
-0.187518
-0.251493
-0.0895724
0.120214
0.251079
0.0149659
0.248839
0.304293
0.0281186
0.0335369
-0.0627015
-0.0382015
0.136373
-0.215967
0.107218
0.325701
0.272018
0.19549
0.183685
-0.183382
-0.0760814
0.0340712
-0.00133823
-0.106402
0.449067
-0.33188
0.0824199
-0.14058
-0.0556014
0.012278
0.212418
0.109162
0.271752
0.0480734
0.343255
-0.11173
0.154029
-0.00142502
0.265829
0.133692
0.0355514
0.180794
0.142972
0.0160331
0.0222317
-0.368054
0.00499536
0.0188957
-0.0990412
0.18025
0.054254
0.0360024
0.420772
0.735418
-0.629553
-0.299331
-0.0723832
0.0187881
-0.220233
0.00172203
0.0247771
0.0584286
0.28626
0.317996
-0.375605
-0.0820749
0.283428
0.0236801
-0.0295071
0.0968047
0.0149294
0.077807
0.0738268
14.6153
0.134867
-0.379603
0.66908
0.0217188
0.110151
-0.0160445
0.0559231
0.0322899
0.00850996
0.267949
0.288269
3.72675
-19.4878
0.00407373
9.21424e-05
-0.117057
-0.0120897
0.0443153
0.123272
0.20306
0.137594
0.134688
0.329499
-0.139366
-0.105394
0.0735953
0.0165391
-0.0247682
0.00887744
0.221275
0.0937211
-0.0128397
0.0579398
0.0516897
-0.391159
0.104156
0.184817
0.185513
0.441702
-0.789949
-0.0341334
0.121591
-0.0316622
0.217101
0.0774949
0.130462
0.0526348
-0.0660137
0.107273
0.200688
0.115743
0.0634153
0.0712437
0.26384
0.119052
4.06662
0.18275
-0.182366
-0.17278
-0.223309
-0.0394289
-0.0208125
-0.000194156
0.200886
-0.0686396
-0.0241337
-2.38983
0.696169
0.83598
-0.692905
-0.120118
-0.0605003
-0.0931759
0.0544043
0.0649717
0.163125
-0.586819
-0.0699217
0.883164
-0.267107
-0.206013
-8.88171
0.07036
0.254149
-0.023556
0.0891952
0.192566
0.08573
92.0389
0.0574074
-0.512946
0.0238559
-0.174523
0.0717138
0.0269239
-0.0165918
0.152814
0.205976
0.255956
0.0972399
2.29793
-14.618
-0.00747979
-0.0192407
-0.013863
0.0340166
0.0541478
0.136478
0.105902
0.123443
0.102031
0.315523
0.083329
-0.15385
-0.0811198
0.0358875
0.178878
0.0394074
0.0909659
0.100994
0.00544585
0.170201
0.292328
-0.0075823
0.0533384
0.0388099
-0.0430111
-0.0627409
0.537421
-0.0443595
0.0870475
-0.0180241
0.0600822
0.101843
-0.123528
-0.0417711
0.0283144
-0.0385096
-0.111687
0.101422
0.0665907
0.0169815
0.0665063
-0.0377618
0.979863
-0.0403915
-0.00921621
-0.10086
-0.210732
0.0192091
0.0418008
-0.0303646
0.0345807
0.0726897
0.183836
1.48612
-0.141758
0.527736
0.592035
-0.496452
-0.000310132
0.000202015
-0.0955557
0.0133301
0.0204289
0.140976
-0.12204
-0.216167
0.380804
0.4375
-0.0121002
-4.29843
0.0514247
0.0728789
0.16796
0.100569
0.0566736
0.0900004
-23.9588
0.0322951
0.115576
0.196443
0.107418
-0.0678413
0.101334
0.0138954
0.0517667
0.176268
-0.0055193
0.159636
3.28426
-13.5294
-0.11749
-0.0404084
-0.0389938
0.129586
0.0196726
0.208508
0.192622
0.0580114
0.108066
0.290309
-0.107617
0.0339452
0.0321282
0.0207793
-0.0360284
-0.243348
-0.049788
-0.146186
0.0536607
0.00842999
-0.113227
-0.14971
0.0844422
-0.0378938
0.0337199
0.481978
-0.527798
0.0204142
0.139852
0.0287377
0.0771392
0.0668747
-0.0688587
-0.0563554
-0.0204664
-0.0539769
0.0383974
0.00948421
0.0945238
0.0392448
-0.12513
0.120739
2.7091
-0.0520687
0.00807508
0.0175345
-0.116035
-0.286273
-0.0680666
-0.0258532
0.0136685
-0.0204867
0.0437649
1.04506
0.101683
-0.25653
0.288497
0.431623
0.0196596
0.0163851
-0.0377621
-0.0544598
-0.183636
-0.208813
0.0963708
-0.112084
-0.244358
0.333665
-1.17722
0.0620188
3.84208
0.0104179
0.0478827
0.0364341
-0.0432039
0.204519
0.310288
4.71768
0.00769236
0.266019
0.667442
-0.0521758
0.127622
-0.0468009
0.0919933
0.224578
-0.00763969
-0.0122138
0.0877093
5.12918
0.796999
0.227596
0.0592141
0.10884
-0.0289958
0.0915222
-0.0264779
0.025043
0.136034
0.0364278
0.0819929
0.0649315
0.0884463
-0.0768795
0.0231274
0.0283468
-0.00699295
0.128744
0.148877
-0.020552
0.00708854
0.0250488
-0.0712813
0.0487673
0.0716927
-0.0168077
-0.249212
-0.106512
-0.018989
-0.00202815
0.0266214
0.0914272
-0.00490745
-0.10411
-0.02112
0.0844982
0.012417
-0.190033
0.0933621
0.254774
-0.060667
0.019639
0.0580362
-0.666378
0.164995
-0.00147235
-0.0468949
-0.0725751
-0.185102
-0.00047602
-0.0245768
0.0915407
0.00801034
-0.0179619
-0.127283
-0.162731
0.110694
-0.0905574
0.191309
0.221504
0.312411
-0.0657542
-0.139981
0.0232564
-0.0370558
0.194056
0.0330686
-0.0774602
-0.0359015
0.454599
0.0145747
0.15681
0.135377
0.110217
0.170723
0.0700237
0.144703
0.161223
0.0859082
59.5336
-0.00758363
0.043487
0.265653
0.269381
0.143507
0.0313216
0.0581481
0.0468639
0.0281025
0.218327
-0.145137
-3.45367
-10.5985
-0.000427491
0.110683
-0.0226686
0.216621
0.134849
0.0764833
0.101025
0.113427
0.148676
0.0258808
0.214027
-0.0123413
0.0863064
-0.0934416
-0.0136022
-0.0801109
0.0240707
0.0207259
0.0340907
-0.0574285
0.173477
0.0770091
-0.0804512
0.0540126
-0.0319087
-0.411545
0.363236
-0.105861
0.144786
-0.0681879
0.0123178
0.0538079
0.149242
0.0135707
0.0285357
0.0764123
0.242053
-0.232504
-0.0384873
0.00882873
0.031089
-0.0270269
-5.23711
-0.0457982
-0.020781
-0.0440981
0.203104
-0.0128347
-0.148846
0.0955684
-0.0456732
-0.0345659
0.130171
-1.38777
-0.137579
0.0266376
-0.00783727
-0.0623328
-0.122002
0.339782
0.578505
0.110372
0.0544125
-0.176669
0.260402
0.0100431
-0.0489462
-0.071381
-0.0908371
0.58105
0.313578
0.218484
7.17929
0.30712
0.0461909
0.145677
0.123816
0.0519857
0.177911
-14.484
0.0607431
0.890968
0.51044
-0.0556134
0.0874778
0.157793
0.0819532
0.0400423
0.0484318
0.0304087
-0.00285317
-0.584654
-30.2491
0.121706
0.121254
0.154095
0.124137
0.0772358
0.0964936
0.0479702
-0.0482092
0.0313736
-0.0083085
-0.266163
0.208286
0.0148517
0.00927663
-0.11075
0.289248
0.105606
-0.137619
-0.0185189
-0.0485731
-0.164884
0.0621037
-0.0816144
-0.0705915
0.0719409
-0.117175
0.916821
-0.0232089
0.120036
0.107417
-0.100508
-0.219625
-0.0329355
0.0902041
0.0679941
0.047076
-0.262737
0.0179554
0.0434205
0.0256916
-0.137216
-0.00382187
1.58876
-0.0838451
0.0750583
-0.0666833
-0.0646569
-0.102015
-0.0427506
-0.208841
0.211712
0.0466047
-0.0729038
-0.12234
0.065325
0.0428979
0.0199737
-0.0138479
-0.0812358
-0.141234
0.385747
0.780482
-0.100078
0.0385258
-0.415907
0.107725
-0.00881689
0.0128854
-0.0861594
-0.150746
0.391634
0.23008
-0.130956
-11.0336
0.141045
0.0854137
0.000347338
0.0578186
0.141954
0.165868
53.2626
-0.17574
0.903665
0.224451
0.0553976
0.205044
0.107101
0.0720028
0.0534399
0.0860566
0.0263049
-0.0116906
-7.84117
40.4399
0.0397593
0.128677
0.0290651
0.0763142
-0.0173457
0.0174176
0.0250476
-0.143647
-0.0310885
0.326637
0.487678
0.114495
0.033624
0.0777355
0.217693
0.417626
0.128175
0.0889859
-0.0114904
-0.0682983
-0.0481785
0.214317
0.072856
0.0769271
0.0270992
0.450287
0.146835
0.174389
0.0638617
-0.0263816
-0.04433
-0.052066
0.0743392
0.0460654
-0.0144038
-0.128938
-0.158645
0.0456195
-0.00823533
0.0441424
0.171498
-0.0105742
-0.00810413
-0.0636589
0.0124989
0.0899752
-0.0482314
-0.1215
-0.00164899
-0.130679
-0.141311
0.27354
0.260851
0.313537
0.11143
0.1155
-0.11481
0.00327089
-0.000519348
-0.116866
-0.56361
0.515191
0.778196
-0.146933
-0.462552
-0.0803118
-0.00492964
-0.0859183
0.0527308
-0.0602749
0.000839207
0.271468
0.0254004
-0.0896096
7.96109
0.071396
0.0829978
-0.0432787
-0.0259017
0.228765
0.386953
-4.32269
0.0874085
-0.204642
0.0904194
-0.0555863
0.249276
-0.0510963
0.008568
0.0253435
0.155335
-0.103065
0.0797
0.0427707
23.8714
0.164266
0.0361361
0.0377315
0.146327
-0.0340705
0.0222114
-0.0237661
0.094924
-0.0789039
0.823496
0.108776
0.280504
-0.0791199
0.130016
-0.155726
-0.0874938
0.0705994
0.0615898
-0.0894824
-0.10345
-0.0462444
-0.0184537
0.0794578
0.227849
0.367966
-0.644324
-3.14424
-0.156289
0.140229
-0.110783
-0.145851
-0.248775
0.0649471
0.0918923
0.0254202
0.0407751
-0.243639
0.330445
0.0865878
0.162094
0.0162922
0.17803
-10.2044
-0.0136967
0.0400456
-0.0319847
-0.122419
0.049866
-0.289664
0.203326
-0.330114
-0.0349216
0.674601
2.57361
-0.0297213
-0.0228851
-0.052901
-0.110485
0.0398138
-0.079525
-0.0451396
-0.588055
0.807427
1.11671
-0.115192
0.0976415
0.0321941
-0.047773
0.0138956
0.00752621
-0.246102
0.0100176
0.232961
0.439683
0.361721
11.9003
0.477973
0.289785
-0.263628
0.240928
0.132885
0.340075
-23.5676
0.244933
0.676985
0.156882
-0.106485
0.281354
0.0316553
0.105422
-0.1104
-0.0613873
-0.257036
-0.0183817
2.45223
19.4119
0.171358
0.0519075
0.203333
0.28905
0.0770695
0.475084
-0.202347
-0.159335
-0.468882
-1.47711
0.324998
0.276779
0.233253
-0.0527782
-0.510971
0.3516
0.13874
0.107751
-0.0208665
0.357649
-1.1155
-0.564671
0.504901
-0.170847
-0.46105
1.46574
-0.419887
-4.34709
0.0822805
-0.137662
-0.184812
0.519061
0.209424
0.398431
-0.0291581
-0.147981
-3.15367
-2.21374
-0.973035
-0.157919
-0.142577
0.509702
-1.76135
0.0385137
0.352396
0.0251895
-0.042302
-0.323479
0.179636
-0.474785
-0.3911
-0.670391
-0.659656
1.71596
0.0695582
0.068801
0.370949
0.206067
-0.156577
0.106767
-0.279477
-0.148033
-0.940537
1.50439
1.27029
0.180788
-0.128719
0.300911
-0.100764
0.282741
0.2065
-0.0489504
0.659744
0.386869
0.649832
0.347012
2.76829
4.10718
1.06976
3.43979
10.1615
6.92476
2.48126
52.5638
0.292226
0.36718
-0.094298
2.87219
-0.181435
-1.22128
-6.38463
-1.07253
-1.15938
-0.555688
0.556091
3.54577
33.6371
1.07741
0.103848
-0.777598
0.64461
-1.72338
3.55087
-0.121072
-0.509933
-0.305443
5.34377
0.583399
-0.192814
0.49089
1.0563
2.71448
3.18354
-0.387183
-0.392359
-1.04938
0.571843
3.05151
0.00136758
-2.64633
-0.491148
2.37142
2.23386
1.59959
4.72759
1.59035
-2.22096
0.187565
3.19996
0.544673
-9.3898
0.109077
2.53554
3.6609
3.04184
2.79832
-3.93139
-0.836065
0.595595
5.9734
0.02468
-5.88234
-1.60779
2.26749
0.778234
4.47505
0.311978
0.0547686
-0.525966
0.331203
0.882593
4.07974
-1.41944
0.242535
0.967572
1.15489
3.40982
0.0796365
-1.54343
1.47587
1.23819
0.415282
4.96567
3.93337
-2.02714
-3.74109
-1.68239
-1.77239
-0.963019
-0.443713
1.62573
2.97087
0.541646
0.331897
2.39698
-0.611032
-2.55982
0.0564509
-0.0359404
-0.0967225
0.0914088
-86.154
0.271524
0.349281
-0.272039
0.175685
-1.69461
-0.311044
0.222647
-0.193798
3.26164
-0.085987
0.148252
-2.94193
30.0249
1.11271
0.153998
0.0631561
-0.400044
0.0181308
-0.173072
0.171114
-0.227216
-0.248593
0.0279049
-0.00594497
-1.10589
-0.164142
0.288872
0.155001
-0.0412718
-0.141858
0.219696
-0.158853
0.412489
0.644587
-0.869567
0.150026
0.196988
0.362091
0.349399
1.34217
-0.395532
0.216972
-0.0135193
0.0253469
0.467882
-1.07624
-0.280875
-0.438773
-0.142346
-1.58686
-0.382606
0.413759
0.34132
0.15225
-0.180956
5.20688
-0.16824
-0.0851648
-0.224963
-0.0715116
0.27302
-0.0625918
-0.302427
-0.138408
-0.0124445
0.548369
0.813114
0.106789
0.232289
-0.119706
-0.120618
-0.0658924
-0.174655
-0.173746
0.00170235
-0.95452
-4.2068
0.400444
0.779376
-0.71801
-0.0992594
-0.155402
-0.312542
0.0214003
-0.0300137
0.377119
0.131523
0.583886
0.275915
0.0764576
0.153406
-3.55461
0.125942
0.35472
-0.0221876
0.0723013
0.0777357
0.169225
16.9933
0.53682
0.163255
-1.11899
-0.0736355
0.032175
0.0290287
0.123725
0.140789
0.242032
-0.0360152
0.118329
-1.27667
-11.3481
0.175549
0.0638902
-0.105065
0.058608
-0.0171953
-0.0175508
0.0804247
0.104527
0.157623
0.134679
-0.154505
0.0215912
-0.0466818
0.221938
0.0379707
0.200836
0.0348494
-0.149574
0.0563431
-0.0233598
0.113797
-0.293658
-0.143324
-0.0346958
0.0299605
0.0468051
-0.2386
0.101807
0.0681666
0.0732034
0.173701
0.271904
-0.280798
0.0285781
0.144003
0.0168352
-0.397512
0.120362
0.0857189
-0.0214106
0.0782736
-0.0105536
-4.47292
-0.187647
0.147539
-0.119129
-0.0627227
-0.13404
-0.0835466
-0.049094
-0.0257261
0.100665
0.215807
0.27728
0.094876
-0.175059
-0.210051
-0.172208
-0.0297061
0.150872
0.0738805
0.104582
0.0902865
0.163062
0.248792
0.716071
0.568857
-0.714986
0.0108734
0.0584111
-0.030625
-0.0380671
-0.116472
-0.400988
13.3364
0.177411
58.728
-0.563582
-0.122036
5.12826
-0.0708196
0.0986324
0.129967
0.122895
0.108366
0.281526
18.8795
0.213072
-0.275103
-0.546986
0.00663329
0.0793397
-0.0201937
0.211776
0.0107707
-0.0160967
0.10752
0.0362078
-5.66519
20.4196
-0.0433363
0.040677
0.0393511
0.148172
0.12613
0.0343449
0.0371504
0.0709439
0.120127
0.152306
0.0406548
0.0556322
-0.0647207
-0.00648685
0.0497615
0.0604912
0.0458214
-0.0195419
0.0937366
0.043127
-0.0497498
0.0458289
-0.0566329
-0.0898239
0.0359562
5.79782e-06
0.68619
0.0589992
0.0488205
0.137582
-0.0180428
0.0144951
-0.18428
-0.0541617
0.0985712
-0.0229631
-0.409765
0.0841117
0.0493736
0.0241334
-0.0735576
0.071019
1.69545
-0.086081
-0.013821
-0.0401149
0.00850967
-0.243974
0.00379266
-0.00188986
-0.00872246
0.126746
0.0973623
-0.0694384
0.0678951
0.0573718
-0.2255
-0.199196
-0.0283801
0.0306146
-0.0376295
0.0306205
0.00593316
-0.150548
-0.129473
-0.027796
0.598436
0.205874
-0.431072
0.0703926
-0.0323193
-0.0626685
-0.02119
-0.138177
-9.92779
0.0281933
-21.4364
0.676544
-0.41929
0.428812
4.57155
0.151514
-0.11191
0.18975
0.107843
0.221788
0.0719753
-4.12257
-0.440115
-0.24389
0.215631
-0.0155542
0.149008
0.0955896
0.0683158
0.203592
0.227773
0.0443698
0.121383
12.9266
7.56604
0.1664
0.0274457
0.0528081
0.0642056
0.0136546
0.0387428
-0.01104
0.0147478
0.0701433
0.0107042
-0.262536
-0.0255588
0.020118
-0.124498
-0.02988
0.183986
0.0504012
0.15966
0.0842744
-0.0292011
-0.0969055
0.061483
-0.0823087
-0.01587
0.114465
0.0951538
-0.922327
0.186517
-0.0369002
-0.0545065
0.0675281
-0.222246
-0.0580125
-0.0194727
-0.000533836
0.0635291
0.475283
-0.00748537
-0.0428812
0.0626234
0.0566285
-0.00135282
7.44824
-0.0133315
0.101599
-0.0929053
-0.0728667
0.0431969
0.036481
0.0245589
-0.0617976
0.0563418
0.0901436
-0.483956
-0.150226
-0.0410058
0.0267346
-0.241845
-0.155589
0.0342016
0.054275
-0.00674967
-0.0530904
0.0961377
0.0935457
-0.203064
-0.0885895
0.344385
0.064173
-0.245815
0.00841595
-0.0172733
-0.0213391
-0.0528959
1.29156
-0.0594853
2.78568
-0.182407
0.946562
0.444317
-0.0547514
8.98713
0.0855584
0.34737
0.300961
0.12919
0.138816
0.00378104
15.7658
0.0916359
-0.145886
0.432128
0.174458
0.0537433
0.190206
0.271531
0.0167937
0.0579322
0.220492
0.11451
1.13436
-16.305
-0.0730996
0.0599148
0.062754
-0.00689911
-0.00607488
0.018185
0.16103
0.161637
0.0708947
0.0634557
0.0201666
-0.0206348
-0.0848532
0.173357
0.17918
-0.0934941
0.0648256
0.0656584
0.0479313
0.0498415
0.225997
-0.0845487
0.0614322
-0.0158739
-0.00122901
0.258528
0.933636
0.192741
-0.0225395
0.00377554
-0.179744
-0.100995
0.00791642
0.0125851
-0.0647791
0.0645431
0.128223
-0.0921433
-0.102456
0.0808018
0.112359
0.00165359
-2.64063
0.0141518
-0.0687142
0.0926674
-0.032488
-0.079667
0.033116
-0.108761
-0.0652472
-0.149377
-0.00709869
-0.690725
-0.149032
-0.0922544
-0.0216338
-0.0833099
-0.281587
-0.233589
0.0387482
0.0746938
-0.0236437
-0.159998
0.643035
-0.31578
-0.109048
-0.135057
0.090949
0.0896073
0.262251
-0.0653013
-0.0617859
-0.0977427
3.10839
-0.070623
-4.36791
-0.206066
-0.212637
0.785197
0.504046
0.287873
6.04414
-0.0988195
0.146651
0.15265
0.135868
0.11148
0.0508819
14.9092
0.205114
-0.310603
-0.24746
0.128601
0.126705
0.0932858
-0.0227241
0.154476
0.167973
0.00854657
-0.0264741
5.23279
24.7083
0.263438
0.10938
0.018414
0.00476372
0.0488
0.0787328
0.00873876
-0.0170313
0.00299384
-0.0433271
0.046123
-0.063506
0.138621
0.232414
-0.0199242
-0.0127224
-0.0844573
0.0341751
0.0967974
0.0238255
0.168593
-0.0240813
0.118539
0.150855
-0.0995121
0.206114
-0.203364
0.0870394
-0.0959387
-0.092365
0.0237824
0.00967588
0.0738901
0.0255651
-0.044789
0.216804
-0.0979381
0.090416
-0.0608246
0.180563
0.0168263
-0.0229325
-6.60853
-0.115814
0.0298162
0.0267755
-0.00294824
0.062299
-0.0621324
-0.0459531
-0.0318394
-0.106181
-0.172645
0.908956
-0.0148313
-0.0312275
-0.022596
-0.00636668
-0.0834226
-0.323328
-0.0638101
-0.0628194
0.0297812
-0.0625094
0.353326
-0.277656
-0.0341304
0.0509987
-0.0939343
-0.161832
0.111548
0.558162
0.0582277
-0.0127136
-7.88139
-0.037422
-5.42952
-0.111246
-0.114807
-0.267106
0.72033
1.17952
0.0513449
8.81902
0.260396
0.0930155
0.131046
0.103936
0.105324
-0.1121
50.8009
-0.0930356
0.408032
-0.0828997
0.263031
-0.0107685
0.117048
0.239073
0.116659
0.0653422
0.0502447
-0.0933743
-4.12415
9.43352
-0.100528
0.0789801
-0.0124823
0.0242759
0.0306075
0.126939
0.0782617
-0.00716909
0.0317265
0.0880051
0.219099
0.132954
-0.0244235
-0.017288
0.0120432
-0.188041
0.0483079
0.0238303
0.0366795
0.0465521
-0.123858
-0.0564487
-0.001692
0.0302104
0.171867
-0.101459
0.528457
-0.0967802
0.0253445
0.0786269
-0.0476682
0.00062827
0.00504493
0.0973427
0.0800403
0.0548143
0.0488259
-0.424896
0.0874073
-0.0128441
-0.185822
-0.10394
1.27567
0.0640011
-0.0303008
-0.0259061
-0.0842451
-0.0665225
0.127118
-0.109952
0.0686301
0.0556936
-0.172287
1.24654
-0.217275
-0.054146
0.00282112
-0.0325456
-0.180851
-0.131767
-0.0910958
0.118306
-0.0955212
-0.44101
-0.33718
0.162089
-0.00357371
0.0025529
-0.049384
0.0422605
-0.433714
0.0929045
0.591668
0.076194
-9.5791
0.0536401
32.9723
0.00187473
-0.0928558
-0.0524715
-0.298171
0.564507
-0.0997671
0.0133156
1.62073
0.0210005
0.118458
0.158667
0.0414341
0.0476988
-0.142084
-33.2315
0.0957978
0.791348
0.202388
0.080032
0.098378
0.0865475
0.178122
0.125026
-0.219204
0.135591
-0.0697429
-0.953214
13.161
0.285043
0.214427
0.108394
0.0609271
0.222942
0.0755522
0.128619
-0.101782
-0.0779952
-0.570281
-0.0813314
0.04623
0.241445
0.0508201
0.235471
0.386519
-0.24255
-0.0481037
-0.0123784
-0.200547
-0.45959
0.157939
0.01928
-0.00226038
-0.186454
-0.328784
0.989633
-0.116567
0.0509655
0.00780308
0.0153938
-3.81858e-05
0.107452
-0.0642674
0.0216825
0.0197531
0.710862
0.00621315
0.209896
0.00402268
0.271092
-0.182168
-21.1162
-0.0538704
0.00624729
-0.00936568
0.0226993
-0.12598
-0.0608592
-0.149787
0.0143408
0.0132583
-0.367295
-0.264907
0.281618
0.0494187
0.0530227
-0.0801255
-0.119125
-0.0550816
-0.180556
-0.21172
0.169055
0.0248204
-0.0134123
-0.239268
-0.108288
-0.000227916
0.0226274
-0.030192
0.0215365
-0.575255
0.206605
0.785534
4.93883
0.145465
46.9062
-0.139128
-0.131978
-0.146362
0.0933458
-0.131396
0.540468
0.38997
0.403809
-3.35645
-0.0278246
0.016335
0.0975899
-0.173945
0.309697
-0.465171
19.3282
0.229765
0.470795
0.0456184
0.391323
0.0275915
0.441624
0.131289
0.759757
-0.0968121
-0.365122
0.451411
2.40147
3.37851
0.097935
0.0298749
0.296239
-0.0766322
-0.0777205
0.019469
0.195748
0.128184
0.0823714
-1.9657
0.560451
-0.0435255
0.0209151
0.241907
0.320848
-0.227504
-0.529464
-0.000789848
-0.257856
-0.324976
-1.58067
0.139573
-0.198584
-0.199724
0.240342
2.3984
0.567541
-0.398522
-0.20875
-0.0138966
-0.0458311
-2.8689
0.00042644
-0.0404059
0.0773835
-0.334826
-2.0889
0.122667
-0.551557
-0.318744
0.148436
-0.221489
-11.621
0.0592837
-0.0718186
-0.185095
-0.0237504
-0.129363
0.059542
0.384109
0.0715206
0.244683
0.688831
0.820704
-0.643313
0.0199497
-0.11216
0.0395496
-0.395195
-0.28477
-0.270338
-0.0343328
-0.368623
0.189295
0.397188
0.874721
-0.0196879
0.0347295
0.151271
0.125931
-0.0704524
-0.0764564
-0.822479
0.731073
11.1692
0.222391
-34.7069
0.0958169
0.0321819
-0.15867
-0.0459835
0.140325
-0.096398
0.702202
0.534223
0.714359
9.26854
0.0551206
-0.617171
0.553258
0.257515
-0.102294
-2.42016
48.8661
0.265433
0.625665
1.32618
1.23739
-0.374415
0.735029
-0.008389
0.433007
0.369582
-0.681715
-2.71806
3.327
49.3549
-0.741422
0.656956
0.457527
-0.260693
0.264995
0.17221
0.3938
-0.0932323
0.373558
-0.987646
0.504258
0.0604324
0.583795
0.106132
1.17188
-0.97657
0.38101
0.552578
-0.358427
-0.0958106
-0.362194
-0.546949
-0.176751
0.825264
0.799309
-1.19691
1.32184
1.61599
0.0797452
0.961068
-0.770136
-1.51656
0.272599
-0.542289
0.169263
1.05022
2.61745
-0.650941
0.207867
-0.0657429
-0.106383
0.121964
-7.83909
0.0429539
0.504668
0.113392
-0.0600714
-0.0411989
0.0547926
-1.34974
0.184307
0.180362
-0.503768
0.678836
-3.01306
0.122588
-0.0742013
-0.473472
0.448136
-0.187372
0.161732
-0.0286568
-0.293403
-0.640276
0.900861
-2.84476
0.457307
-0.434597
-0.303003
-0.50898
0.975453
-0.0431245
-0.657591
-0.722221
27.0996
0.249729
6.74393
-2.34964
0.318109
-0.28217
-0.290683
-0.874138
-0.00724656
-0.156146
1.80465
0.646232
0.346865
2.76319
1.60947
0.917581
-0.842902
-2.67175
-2.01002
1.84038
52.5376
0.292002
0.3671
-0.0969441
0.0432184
-0.714166
1.34878
1.33223
0.848928
-0.189035
3.61657
0.537784
3.54077
33.6299
1.04732
-2.9458
-0.164343
0.882908
2.13342
-1.93218
2.0308
1.77507
-1.70743
1.69581
0.35257
-2.48576
0.629024
2.25636
-2.58578
1.34523
-0.406978
-2.29837
0.41558
-1.59392
1.04729
-0.230558
1.79672
0.929502
-1.25403
2.22142
0.682099
-2.02568
-2.1528
-1.87806
-0.594632
2.78266
2.89097
2.50396
-1.33587
-0.373777
-2.60064
0.231008
-0.791391
0.895296
1.59191
0.225876
5.97003
4.95577
0.67744
-1.67278
-0.0489518
0.407638
-0.665688
4.85554
0.0682504
-4.6445
0.319906
0.882526
-0.160219
-0.614399
-2.43273
0.353465
-1.01305
-1.96519
0.41799
1.61011
0.617193
1.19741
0.415104
2.36755
4.16559
2.06119
-4.14633
-2.83252
0.894616
0.948723
-0.643281
1.32171
2.96011
0.291887
20.8881
0.341191
2.54685
-2.13762
-2.4339
3.43036
-2.09501
-0.245576
0.541628
6.39773
0.646953
0.346564
2.75337
1.56328
1.0123
-0.4187
-1.97735
-1.79855
-1.74152
49.4995
0.292032
0.366665
-0.0963394
0.3275
-0.414462
-2.21151
4.66079
2.0591
-0.854466
1.59923
0.318756
3.31725
32.979
0.196288
-0.358294
-2.29021
1.97773
2.33909
-1.43824
-2.25292
-0.0755568
-0.548404
-1.49181
0.254261
-0.622293
-1.65011
2.74077
-0.0238259
-1.23004
-0.411431
-1.11106
-0.721579
-0.246897
-0.350648
-0.0392797
-3.79781
2.93103
-0.147379
0.646098
0.577241
-0.384231
-2.21354
1.97619
-1.64534
-0.940639
-0.250262
0.00353419
-0.772895
-1.30451
3.27618
-1.41714
-2.30653
1.60464
0.242134
0.119423
5.95833
-1.5019
2.1226
0.900042
-0.54049
-1.08495
0.218815
2.94777
-0.596914
-1.68558
0.155784
0.881625
-2.25352
0.273019
-3.31703
-1.81138
-0.147374
4.41295
0.229422
-2.17594
0.577726
1.2079
0.414957
1.34076
-2.77346
0.176544
2.1508
2.02204
-4.05915
-2.43627
-0.727147
0.574243
2.94481
0.291699
41.4466
-0.782122
3.24052
-0.289587
-2.68742
-5.46314
-0.4684
0.123902
0.542128
1.15293
0.529215
0.578402
0.326921
2.50023
-1.26023
-2.26799
0.152049
0.191219
0.111527
0.172233
-85.0666
0.276116
0.350405
-0.383662
0.366885
0.382549
0.188044
0.122942
0.355615
2.97765
1.09052
0.114536
3.48625
29.3905
-0.013201
-0.104132
-0.0860425
0.293838
0.227173
-0.0954714
0.0721901
0.0426954
0.596587
0.272338
-1.26063
-0.612254
-0.363816
-0.0138543
-0.0424069
0.418673
0.252237
0.286309
0.116867
-0.140059
0.305282
-1.73336
0.118993
-0.0913851
-0.0405576
-0.914151
-1.60076
0.15438
-0.0235609
0.213762
0.233778
0.592271
0.165132
-0.287779
0.232194
-0.0537498
-0.2286
0.0389073
-0.197544
0.455131
-0.167946
0.277901
5.51754
-0.378191
-0.374263
-0.176064
-0.0805493
-0.343684
0.311035
-0.13998
0.0747898
-0.0651086
-2.4361
0.847117
-0.0993557
-0.0260892
-0.0290433
-0.136806
0.0859865
-0.134067
-0.313826
-0.134027
0.580933
-1.45396
0.399223
0.0569719
-0.434713
-0.261258
0.331464
-0.0456386
-0.0288681
0.0255261
-0.609934
-2.15666
-1.07554
0.273642
41.7182
1.0686
-0.0920551
0.103941
-0.158451
-0.911715
-2.42495
-2.55756
0.381352
0.943438
0.482594
1.82156
0.379453
0.263971
1.20642
-1.88872
-0.307236
-0.116251
-0.0630163
0.0161826
0.016802
24.5594
0.217291
0.296319
-0.777174
-0.173786
0.0897885
-0.0285751
0.0442659
0.388468
0.726162
0.00913276
0.0981676
-3.56635
19.7975
-0.114985
0.0688202
0.236698
-0.0578281
0.0680847
0.185738
0.045389
0.168538
0.0224922
0.155438
-3.31542
-0.0600609
0.0400902
-0.120912
0.0775814
0.113371
0.200071
-0.102552
0.00701639
0.0846164
0.129628
0.11884
0.0458461
0.0562887
-0.143849
0.0741433
1.5996
-0.0310035
0.134815
0.100022
0.00705076
0.0631354
0.172388
-0.0801023
-0.195505
-0.0770988
0.0607174
-0.375515
0.0192502
0.250336
0.0974691
-0.144825
1.70158
-0.296228
-0.197858
0.421948
-0.153877
0.0204215
0.0303947
0.123409
-0.0728562
0.072493
0.00604211
0.747466
-0.0857177
0.113217
0.0177755
-0.162163
-0.0648514
-0.0698219
-0.0253045
-0.0913913
-0.241781
0.623555
0.35646
-0.249483
0.0919663
-0.283003
-0.262872
0.0636877
-0.0510964
-0.151438
-0.000427319
-0.429786
19.1004
0.246288
-26.8734
0.486379
0.387683
0.00258956
0.0908367
-0.0762937
-0.225037
-0.114718
-1.95795
-0.156715
0.341811
-0.0743723
0.856231
0.073866
0.217567
2.95078
-0.361652
-0.104868
-0.119247
-0.0389202
0.0118197
0.00575038
-53.7926
0.169135
0.23152
-0.407156
0.0798413
0.0310837
0.147755
0.163808
0.259154
0.247496
0.210578
0.0670631
4.09002
-83.4441
0.293209
0.033163
0.00479929
0.0815709
0.142416
0.0338556
0.00799297
0.109419
0.13375
0.0901483
0.17453
-0.0538892
0.146464
0.117468
-0.0773614
0.185931
-0.0557096
-0.0375142
0.109065
-0.00591301
-0.0200487
-0.163532
0.0922144
0.0367039
0.0686418
0.311248
-1.43469
-0.0963278
0.109801
0.135678
0.131197
-0.00487815
0.00623544
-0.0557801
0.134149
0.101149
-0.358008
-0.0131583
0.0805385
-0.0424171
-0.0339071
0.00386006
3.47501
-0.133827
-0.065556
-0.138554
0.0408428
-0.0794593
0.0238013
-0.037416
0.0973508
-0.0852881
-0.241218
0.885235
-0.263166
-0.0733432
0.0495476
-0.0257007
-0.0749645
0.0054337
-0.0103802
0.0749393
0.115049
0.374682
0.281228
-0.224976
-0.164803
-0.0127819
-0.299123
-0.144308
0.0388389
0.0387471
0.164127
0.102851
-20.8586
0.220673
11.1533
0.0317423
0.455836
0.126337
0.315707
-0.0540629
-0.117977
-0.0225045
0.614258
-2.33207
0.209774
0.0444803
-0.117919
0.237273
-0.340579
0.191098
-1.21523
-0.125451
-0.0831925
-0.0562092
-0.0633099
0.015425
-0.167024
-26.2418
0.144838
0.142145
0.6827
0.100029
0.116856
0.108986
0.383757
0.210816
-0.000588572
0.00887637
0.122335
2.30348
-9.44113
0.108162
-0.0264978
-0.00369933
0.0973402
0.102618
0.0172242
0.0805184
0.166157
0.128934
0.224018
0.0240642
0.115355
0.0480773
0.0107835
0.0214104
0.0536247
0.0287217
-0.102675
0.0353336
-0.0291252
-0.116024
0.0452721
-0.0281718
-0.0253786
-0.0782196
0.263794
-0.418453
-0.00806127
0.128384
-0.0022558
0.00723853
0.0802075
0.0793447
0.0492848
-0.00839377
-0.00709961
0.199401
0.132448
0.0590474
-0.00783432
0.0885606
0.0334106
0.418425
0.0424598
-0.0400389
0.0439218
-0.0107502
0.0540595
-0.109493
0.0582496
-0.0470885
0.0373828
0.0689944
-0.840334
-0.286173
-0.100466
-0.0643544
0.00177076
-0.160438
-0.109398
0.0223004
-0.0504634
-0.12234
-0.294775
0.183645
-0.18021
-0.14026
-0.0662992
-0.0715076
-0.308281
-0.110586
-0.000618245
-0.107281
-0.0627447
2.57873
0.198437
-1.44378
-0.13323
0.0388739
0.313814
-0.146326
0.383353
0.0141764
-0.126474
-1.48689
-1.05639
0.179141
0.234402
-1.46783
-0.174811
0.22653
-0.240643
0.245062
-4.1568
-0.316867
0.00512644
-0.00870908
-0.0441201
-0.16983
-0.073174
19.4598
0.20727
0.679055
0.778289
0.0284484
0.159418
0.30714
0.172315
0.114878
0.0741389
0.0797504
-0.149194
2.07773
-44.3267
0.0628061
0.21477
0.110342
0.113047
-0.0425117
0.146778
0.0169036
0.0393454
0.00977096
-0.842099
-0.0281969
0.0371797
-0.100435
-0.12532
0.118854
0.242498
0.0256013
0.136829
-0.0529338
0.07062
0.13757
-0.0244784
0.229387
0.0542109
0.042132
-0.977994
-0.262844
-0.168434
0.00813431
0.260625
0.138442
-0.338579
-0.0734508
-0.0638214
0.0751639
-0.0835153
-0.271043
-0.272358
0.0775384
-0.126839
0.0357555
0.0427419
4.54064
-0.0596658
0.0151416
0.00359448
0.0993039
-0.00104518
-0.374539
0.143084
0.235011
-0.122399
0.04058
-1.08816
-0.239722
0.05953
-0.0832832
-0.0669342
0.0201007
-0.0245303
-0.0854255
-0.0639666
-0.0443421
-0.0729061
0.18404
0.234692
-0.145976
0.0153194
0.015876
-0.12152
-0.276556
-0.220389
-0.0656988
-0.176418
9.88327
0.236598
25.3923
-0.00305466
-0.148502
-0.0478095
0.0855063
0.180743
0.385861
0.000890643
0.104898
-2.15948
0.321821
0.452841
-0.38027
-0.0349117
-0.0235557
0.217847
0.346764
0.224766
2.53734
0.0113419
-0.0518599
-0.0257534
-0.128224
0.0237824
-2.20583
40.7379
0.25261
-0.231184
0.385784
0.0785769
0.409499
0.201601
0.135582
0.0319134
0.177214
-0.0424597
0.0891096
2.78418
-9.52602
-0.0733595
0.189235
-0.0222771
-0.18956
0.367456
0.11761
0.0493458
-0.0623498
0.320676
1.1092
0.120754
0.0532999
0.0683461
-0.0165634
0.0160916
-0.162303
0.217059
0.0695851
0.133864
0.0796852
-0.66624
0.23983
0.179722
0.158752
0.0855125
-0.974396
0.46242
0.147464
0.0757459
0.134749
0.119221
-0.143079
-0.194712
0.092512
0.0573781
-0.0923249
-0.183165
-0.125634
-0.315414
0.163983
-0.188277
-0.460432
19.9093
0.0207346
-0.0535114
0.127492
0.152295
-0.0685352
-0.617132
-0.219562
-0.0423706
0.17533
-0.106746
0.438945
-0.532092
0.00135372
0.01307
-0.136886
-0.0613259
-0.0179187
-0.06537
-0.0264047
-0.218497
0.0370088
0.170748
-2.90295
0.024896
-0.174004
-0.117043
-0.00330444
-0.0798401
-0.143681
0.00762905
-0.0229907
-6.50199
0.262881
-2.87648
-0.281448
-0.0109285
-0.0665323
-0.0728764
0.0143443
0.0225682
0.565036
-0.230033
-2.04876
0.439966
0.508502
0.749087
-2.35548
-0.257604
-0.312506
0.353671
0.531211
0.181318
-1.75706
0.18897
0.0455495
-0.231908
0.098137
0.247293
-0.532435
45.401
0.273798
0.738299
-1.02441
-0.272813
0.137264
2.24331
5.66251
-0.453874
-0.000719463
0.374015
-2.90149
3.30481
19.8924
0.41128
-0.139919
0.293433
0.421889
0.339293
0.344963
-0.198529
-0.328497
0.11722
-1.43851
0.22564
0.128817
0.153074
0.303414
-0.704061
-0.268324
0.841887
0.261841
0.0866171
0.120788
-0.403765
-0.507669
0.0829864
-0.365282
-0.253005
-0.999392
-0.4983
0.0218704
-0.0386043
-0.324027
-0.0112483
-1.78705
-0.318353
0.274961
0.0382871
0.679615
-2.37495
-2.35186
-0.326053
0.363096
-0.0878266
-0.25485
-0.700397
0.0573448
0.412412
0.0504473
0.0478738
0.733875
0.293752
-0.0810591
0.0496113
0.222389
-1.04861
0.205666
1.03465
-0.300699
0.358847
-0.203954
0.216262
-0.203276
-0.426836
-0.222043
0.110697
-0.223741
-0.0068923
-2.08313
0.163544
-0.0831647
-0.12078
-0.374622
0.18681
0.0303717
0.798861
0.124143
-10.3151
0.264859
10.6734
-2.0631
-0.347719
0.143361
-0.0173582
-0.426031
-0.542477
0.880819
2.26152
-1.55538
0.484374
0.494816
1.37558
-1.13286
0.436117
0.590831
-0.260952
0.437149
0.609817
0.182777
-0.0367677
0.522129
0.0701227
-0.672192
-2.79214
-1.53473
0.904015
51.4455
0.28143
0.828764
4.05868
-0.923844
0.180155
1.17335
1.36298
-1.06325
0.447585
0.10398
-0.193093
3.46649
-77.563
-0.194522
4.41453
0.452159
1.49791
-0.0998306
0.172567
-0.604501
-0.041897
0.144156
4.43906
-0.18313
2.45649
-0.177517
0.072066
-1.72581
-1.3191
1.36861
0.707533
-0.524832
-1.04383
0.555451
1.00538
2.68823
0.418991
-0.62101
0.322538
1.11339
-2.26869
0.869807
0.83951
0.911281
2.05643
-0.412432
2.96884
-0.0665148
-1.78103
-0.10495
0.618154
-0.622745
0.273676
-0.42692
-1.37559
4.11221
0.380501
-0.361766
0.181991
0.00519036
-1.92464
-2.18572
-1.73999
-0.384485
3.36191
1.56457
0.364541
-2.44975
-0.325035
-0.202979
0.14548
0.599231
-1.89272
-2.77116
-0.0580771
4.03625
0.0486862
0.078128
-1.33554
-2.58045
-0.442355
0.177948
0.238828
0.109825
-0.560002
-0.780523
-1.19394
1.86854
0.272913
20.2016
-1.44349
-1.62017
0.418445
-0.343281
1.10948
0.297964
-0.597004
5.38169
4.41005
0.511324
0.512066
1.52687
2.44971
-1.79119
-2.06386
-2.06349
-1.90517
10.816
0.650204
0.346875
2.76657
0.720434
-1.2576
-1.77585
-2.01035
-2.15087
0.145967
52.5523
0.292155
0.367028
-0.096976
-1.283
1.42796
-0.370891
1.07003
0.0597616
-0.210674
1.23671
-1.36679
3.5439
33.6285
-1.51908
0.63149
1.09118
-2.08821
-1.85309
-1.24794
2.34041
0.695549
1.74576
-1.48203
0.49523
2.66439
0.760146
-1.84174
-0.512393
-1.0103
-0.396275
-1.25303
1.06505
0.833024
-0.629758
-0.612403
1.16466
2.06421
0.79917
1.25601
1.49105
0.176011
-1.02662
-0.00412489
2.62223
0.346004
-1.92209
0.645239
1.80841
0.508476
0.972584
-0.390905
1.07473
2.16354
-0.74692
-3.1701
5.96696
-2.24288
0.968055
1.25014
-0.104498
0.418655
-0.113393
-1.81025
0.219014
1.7435
0.287376
0.882347
-0.706531
1.71362
1.00805
-2.19695
-0.914053
-1.6903
1.60755
-0.028563
-1.64305
1.18676
0.415067
0.924382
-1.79642
0.490298
1.1945
2.02983
0.92605
0.373196
3.32448
0.491598
2.9652
0.291897
20.8997
0.0705188
-1.83634
2.45876
0.480247
1.40944
-2.33108
-1.19401
0.544081
1.15785
0.530781
0.580602
2.03323
-0.021539
-1.36606
-1.33099
-0.572945
-1.56066
17.2612
0.714196
0.649832
0.347012
2.76829
4.10718
1.06976
3.43979
10.1615
6.92476
2.48126
52.5638
0.292226
0.36718
-0.094298
2.87219
-0.181435
-1.22128
-6.38463
-1.07253
-1.15938
-0.555688
0.556091
3.54577
33.6371
1.07741
0.103848
-0.777598
0.64461
-1.72338
3.55087
-0.121072
-0.509933
-0.305443
5.34377
0.583399
-0.192814
0.49089
1.0563
2.71448
3.18354
-0.387183
-0.392359
-1.04938
0.571843
3.05151
0.00136758
-2.64633
-0.491148
2.37142
2.23386
1.59959
4.72759
1.59035
-2.22096
0.187565
3.19996
0.544673
-9.3898
0.109077
2.53554
3.6609
3.04184
2.79832
-3.93139
-0.836065
0.595595
5.9734
0.02468
-5.88234
-1.60779
2.26749
0.778234
4.47505
0.311978
0.0547686
-0.525966
0.331203
0.882593
4.07974
-1.41944
0.242535
0.967572
1.15489
3.40982
0.0796365
-1.54343
1.47587
1.23819
0.415282
4.96567
3.93337
-2.02714
-3.74109
-1.68239
-1.77239
-0.963019
-0.443713
1.62573
2.97087
0.291968
20.904
1.43114
-0.0985484
0.334111
-0.344508
-5.23852
1.86938
3.75762
0.54573
1.16124
0.530964
0.580708
2.0466
5.39716
7.14347
8.38345
6.43489
12.5195
17.2746
0.714502
0.620278
