3.780125856399536
3.87742018699646
3.583692789077759
3.588508129119873
3.570807933807373
3.609916925430298
3.634506940841675
3.665602684020996
3.5665769577026367
3.63948392868042
3.765109062194824
3.5930819511413574
3.6696598529815674
3.719511032104492
3.5801830291748047
3.5963239669799805
3.6491756439208984
3.5517661571502686
3.5826809406280518
3.604520797729492
3.6206350326538086
4.454747915267944
3.7132229804992676
3.623163938522339
3.546708106994629
3.599971055984497
3.6450300216674805
4.690419912338257
3.564500093460083
3.6721091270446777
3.713955879211426
3.7319250106811523
3.583036184310913
4.542897939682007
3.613212823867798
3.530924081802368
3.7100942134857178
3.636814832687378
3.5599608421325684
3.5848309993743896
3.572190046310425
3.5616350173950195
3.530432939529419
3.5722849369049072
3.571603775024414
3.5995819568634033
3.6013147830963135
3.6163108348846436
3.5791029930114746
