0000000000000000000110000000011100000000110000000011000000001100000000110000000011000000000110000000011000000000100000000
0000000000000000010000000001100000000111000000001110000000001100000000011000000000110000000001100000000010000000000100000
0000000000000000001100000000011000000001100000000011000000001100000000111000000001100000000110000000001100000000110000000
0000000000000000100000000001100000000011000000000110000000001100000000011000000000110000000001000000000010000000000100000
0000000000000000001100000000010000000001100000000010000000001100000000010000000001100000000110000000011000000000000000000
0000000000000000011000000000110000000001000000000110000000001000000000010000000000100000000011000000000100000000001000000
0000000000000001000000000010000000000110000000001100000000001100000000011000000000010000000000110000000000110000000000000
0000000000000000010000000000100000000001000000000100000000001000000000010000000000100000000001000000000010000000000000000
0000000000000000010000000001110000000011100000000110000000001100000000110000000001100000000010000000001100000000010000000
0000000000000000010000000000100000000001000000000110000000001100000000010000000001100000000011000000000100000000001000000
