0
0
0
0
0
0
0
0
0
0
0
0
0
0
0
0
0
0
0
0
0
0
0
0
0
0
0
0
0
0
0
0
0
0
0
0
0
0
0
0
0
0
0
0
0
0
0
0
0
0
0
0
0
0
0
0
0
0
0
0
0
0
0
0
0
0
0
0
0
0
0
0
0
0
0
0
0
0
0
0
0
0
0
0
0
0
0
0
0
0
0
0
0
0
0
0
0
0
0
0
0
0
0
0
0
0
0
0
0
0
0
0
0
0
0
0
0
0
0
0
0
0.449431
0.366145
1.06015
0.239513
0.138618
21.4657
0.106833
-0.260862
0.307567
1.10628
-0.208185
-0.20638
-5.36047
0.423438
0.599842
-0.392822
-0.713851
-4.30705
-0.0077079
0.114638
0.582093
-0.156219
0.441457
-5.58966
0.0220852
0.0990709
0.0400946
0.520119
0.161169
0.212266
3.33701
0.359093
0.210388
0.0790613
0.0405954
0.496013
0.391636
0.257671
6.4738
0.293311
0.230973
-0.0258707
0.242941
-0.203503
0.546412
0.465636
0.301935
1.59812
0.799299
3.01683
2.40228
3.72752
1.86724
1.34707
2.88488
0.457193
0.61644
6.79506
1.46693
-2.56581
-2.31496
-2.94378
-0.125806
0.660807
0.129563
0.285744
0.290255
0.816777
14.7345
0.462835
0.281051
-0.0857409
-0.109267
-0.356549
-1.18024
3.17124
0.213357
1.23067
0.106699
-0.473134
-7.47441
1.29078
0.397931
-0.027865
-0.112582
-0.173413
-0.379302
-4.91559
0.119309
-0.60617
1.25267
-0.206264
-0.177186
-5.0774
-0.475829
0.692448
0.485824
-0.0200875
-0.181117
-0.0456681
1.74988
0.013955
-0.437781
-0.134806
1.13632
-0.966403
-0.228793
-9.0292
-0.283802
-0.233729
0.465664
0.394621
0.0563866
-0.206679
0.32815
-0.0774033
-0.0546092
0.609035
-0.416152
0.985645
0.0282842
-0.414298
8.14688
-0.393706
-0.47028
-0.531955
-0.0831887
0.0635506
-0.0229603
1.37899
-0.136593
-0.520597
-0.868013
0.0799131
-0.159133
1.04997
-0.137274
-0.531184
-6.26075
0.142465
0.130785
-0.194834
-0.438459
-0.528978
0.0384555
1.01847
-0.168288
0.312907
-0.185771
0.0757481
0.0823542
0.0249495
1.0142
-0.0656353
-0.0375004
4.49215
-0.347715
-0.130501
0.151678
0.414848
0.230064
-0.737322
-1.34812
-0.151527
-0.304591
-0.465772
-0.269995
-0.164435
-0.150551
-0.135649
0.820726
-0.533867
0.0673375
7.36043
0.0319661
-0.229079
-0.207514
0.202487
0.669764
0.826884
-2.55104
-0.0226743
-0.460239
0.12242
0.14135
0.0282463
-0.0692616
0.0169528
-0.0125854
0.660788
0.0801276
0.212662
-0.78105
-0.301699
-0.436684
-0.150155
-0.183258
0.110095
0.72047
10.7791
0.155467
0.373096
0.255301
0.152619
-0.104907
0.0167311
-0.1934
0.199037
-0.0680569
0.327984
0.429466
0.2806
0.487156
-1.93486
-2.92437
-0.0116085
-0.342091
0.181708
-0.104601
2.73861
0.280031
0.376612
-0.152129
0.915506
0.68381
-0.280843
0.16339
-0.319335
-0.37429
-0.702919
-0.0939063
0.349913
0.602003
2.39082
0.0708672
-0.00156765
0.0993136
-0.0949962
-0.3131
0.542192
-0.837609
0.23453
0.822484
0.987002
1.45729
0.380529
0.175946
0.384655
-0.182078
0.143206
0.190823
-0.598893
1.75168
0.111123
0.430584
-0.153071
0.195915
0.038278
-0.0199634
-0.0293876
0.027407
0.0453517
-5.15152
0.108919
-0.10386
0.863173
1.02961
0.28056
0.511855
0.0755856
0.000319985
0.326771
-0.0499977
0.00959736
-2.55633
-1.78033
-0.207696
-0.0551552
-2.68759
-0.19756
0.090514
0.0349663
-0.00682017
-0.141439
-0.0559698
-2.11651
0.0160638
-0.672259
-1.18627
0.0421241
0.921966
0.312789
0.18458
-0.155168
-0.069981
0.141351
0.205561
1.08935
-28.2078
-0.19916
0.304434
-0.407287
-2.58647
-0.365136
-0.210581
0.0582837
0.0530173
-0.00560548
-0.00348955
0.17051
-0.048541
-0.752073
-0.440105
-0.479623
-0.112651
0.703429
0.333126
-0.0238845
0.0411052
0.0489297
-0.1064
-2.71654
20.243
-0.118364
0.290269
0.0820048
-0.363646
-7.5105
-0.440505
-0.402979
-0.177949
0.0672459
0.0965551
-0.0293658
-2.55834
-0.0446913
0.000569471
0.279148
-0.485091
-0.353158
-0.431979
0.776104
0.32241
-0.0324973
0.0724032
-0.106199
3.25691
11.2327
0.00288812
-0.0487247
0.4684
0.406367
-0.27803
-2.50167
0.165199
-0.133287
-0.458505
-0.174358
0.0120812
-0.0662012
0.752278
0.00522977
-0.120896
0.49383
0.143874
-0.180068
-0.340609
-0.475954
-0.0706328
0.172425
0.185998
0.220258
-0.118747
-17.829
0.25522
-2.56489e-05
0.000137789
1.02437
-0.859459
0.0398965
0.796712
0.0870309
0.0666365
-0.0573667
-0.385218
-0.343362
0.00289089
-0.778469
0.0106492
0.214846
0.0649898
0.079076
-0.0853601
-0.0127558
-0.189413
-0.0576249
-0.583796
-0.334277
0.137691
-2.94396
9.6283
0.0868082
0.0741539
0.155663
0.0982636
0.881964
0.00793713
-0.30582
-6.84686
0.254584
0.00491439
-0.0164697
-0.00821761
-0.314913
-0.367838
-0.757481
-0.0731839
0.273539
0.249389
0.0540294
0.0906139
0.0672056
-0.172344
0.0840639
0.473218
-0.75269
-0.407381
5.03622
-2.99988
0.0830773
0.0797199
0.0320406
0.0833068
0.164133
0.594669
0.217872
0.232332
-6.04164
-0.120612
-0.207944
-0.122235
0.0744506
0.0366987
-0.426141
-0.480859
-0.123472
0.254835
0.223207
0.0297353
-0.0490763
0.163679
-0.023231
-0.230333
0.453184
0.681382
-0.648953
-6.1628
14.7433
0.0247387
-0.0659847
0.00849043
-0.0438635
-0.0102
-0.000219442
0.119624
-0.133377
-0.0318651
-9.7004
-0.264536
-0.0332322
-0.0791685
-0.118668
0.0248944
0.162435
1.1681
0.0350217
-0.152928
0.287104
0.100679
-0.0158908
-0.0706496
-0.112024
-0.00339019
-0.0759422
0.700898
1.13049
-1.06127
-1.39101
0.188863
0.00212039
0.0193246
0.00901937
-0.170642
0.040923
-0.235927
-0.0652739
0.364261
0.227591
-0.496844
0.362377
-0.480728
-0.148806
-0.0255269
-0.158495
0.0635877
0.405604
0.258347
0.277356
-1.84939
0.0452905
-0.109921
-0.202764
-0.149852
-0.135629
0.316398
0.506311
0.73683
26.2938
12.2032
-0.231138
0.146615
0.060418
0.0121104
0.18331
-0.0814857
-0.0902973
-0.387414
-0.76033
0.214963
0.68597
8.74908
-0.340461
-0.1554
-0.0411466
0.00625191
0.0660531
0.0778465
-4.40688
0.161845
0.243454
0.465868
0.195377
-0.222667
-0.158533
-0.133018
0.0721273
-0.147735
-0.0221521
0.108984
0.0197081
74.9037
0.999619
0.0430546
-0.0496474
0.136787
0.0865963
0.0412731
-0.040876
0.148984
-0.0138155
-0.395267
-0.081568
-0.189676
0.213159
-0.342996
0.044112
-0.100553
0.00794684
0.0564852
-0.0580737
0.835312
0.0267378
-0.0334557
0.626942
0.503448
0.213047
-0.0585215
0.0607295
0.100853
0.114804
0.0237103
0.0440819
-0.00662555
-21.1346
0.937704
0.736077
-0.0178948
0.188043
0.0570064
0.137402
-0.0769754
0.176749
-0.0698745
0.0911019
-0.352031
0.38195
0.148902
0.00483236
0.0194199
0.180665
0.0421891
-0.070913
0.00152811
0.0302287
-0.107822
-0.0321158
-0.681011
-1.74614
-0.223063
0.100647
-0.0430337
-0.112583
0.274524
0.0780413
-0.0306628
0.0573373
-2.60746
-1.79612
-0.695864
0.233029
0.756296
0.233807
0.210938
0.0178961
0.0634864
0.106489
0.0833565
-0.0495585
-0.373165
-0.426583
0.112762
-0.18939
2.41406
0.204459
0.0465007
0.166456
0.0408557
0.0403758
-0.112951
1.39291
-0.00271616
-0.0154349
-0.608292
-0.278197
-0.290964
0.0455808
0.025244
0.134003
-0.101059
-0.0350304
0.028819
-12.5639
-45.58
-0.477433
-0.588164
0.183956
0.6799
0.380473
0.166106
0.0882924
0.0842684
0.0768628
-0.061106
-0.219832
-0.273835
-0.145973
0.732731
-0.00785919
-6.35513
-0.0929671
-0.438032
0.0737712
0.129401
0.0323164
0.132939
-0.2071
0.10122
0.277446
-0.502848
-0.559483
-0.256823
-0.230342
-0.0590695
0.1877
0.107924
-0.0970278
-0.0548735
-4.6483
-2.67811
0.00931537
-0.15722
-0.592224
-0.194916
0.902555
0.352673
0.0431736
0.0587824
0.0930404
0.0213276
0.349298
-0.0962926
-0.248708
0.260806
-0.0452698
0.0842476
3.45449
-0.416129
-0.184143
-0.293326
-0.234985
-0.100537
0.0775224
0.949127
0.174751
-0.391539
-0.218744
0.0202439
-0.0345459
-0.349877
-0.405139
-0.508736
-0.116325
-0.000464927
0.0395709
3.08338
4.59666
-0.0819034
0.074033
-0.177541
-0.275835
-0.0508637
0.422579
0.352077
0.130776
0.172452
-0.0113975
0.223391
0.180131
0.189588
0.0922231
1.33114
-0.0754552
0.0471121
3.86063
0.425802
0.0758734
-0.0189551
-0.0296014
-0.326343
-0.420096
-1.41535
0.162895
-0.210202
-0.606234
-0.0445808
0.0974876
0.178877
-0.111466
-0.140658
-0.464069
-0.348522
-0.0617488
-2.99045
8.58711
0.422198
-0.0277498
0.081205
-0.191981
0.000884273
0.739352
-0.957137
-0.370625
-0.0906452
0.303409
0.204369
0.218656
0.0660474
0.159785
0.111253
0.790261
0.23834
-0.091473
4.68088
0.0207682
-0.00368028
0.00875818
0.0417312
-0.0781968
0.17554
-0.0886782
0.021753
-0.635099
-0.60964
0.0192042
-0.0164189
0.00748997
0.271188
-0.109661
-0.336648
-0.232143
-0.267651
0.246319
42.9751
0.0102507
0.0452685
0.00587615
0.0357988
-0.0244252
0.0320314
0.806363
-0.471274
-0.446455
-0.0420582
0.348085
-0.00272193
0.0490468
0.0636501
0.0485073
0.217795
0.60419
0.00881328
0.139171
-3.81656
-0.20057
-0.0389203
-0.024983
-0.0656845
-0.030777
0.177768
1.15947
-0.121157
0.475088
0.987532
0.174871
-0.065896
-0.0314058
-0.0488541
0.133256
-0.119414
-0.0241973
-0.376974
3.13548
18.2426
0.0243326
0.213634
0.00190022
-0.0102423
0.123525
-0.109531
0.175838
0.81853
-0.416951
-0.318655
-0.217432
-0.122548
-0.00567362
-0.00563911
-0.062711
0.0753554
-0.142185
0.109521
-0.261069
-0.341344
1.81041
0.0683988
0.250631
-0.058637
0.0786294
-0.165748
-0.266941
-0.380599
-0.016639
0.0525593
0.144715
-0.463694
-0.0593686
-0.0247051
0.0393178
0.100585
-0.0237832
0.370173
0.126639
5.79036
1.90187
-0.105482
0.0101011
-0.00212326
-0.101032
0.125263
0.0474197
0.00722976
0.137199
1.04882
0.0225757
0.294223
0.156349
-0.00597195
-0.00777867
0.0646098
0.0964402
-0.096132
-0.405751
-0.0323518
0.376307
0.191198
0.38708
-0.509323
0.00862865
-0.0071112
-0.139991
-0.153503
-0.191505
-2.76508
0.245713
0.30502
-2.81838
0.0806487
0.0245885
0.0995286
-0.0386721
-0.00820403
-0.148019
0.270227
0.0944143
4.81489
34.0343
0.192673
0.0275882
0.0176445
0.0329297
-0.104566
0.0836251
-0.00543687
0.0227192
0.387626
0.892495
-0.433159
0.126231
-0.0434951
-0.203428
-0.104186
0.0815935
0.264838
-0.0699054
-0.380024
-0.576229
0.13454
0.75977
-0.0664897
-0.0590396
-0.0522622
-0.12081
-0.0329076
-0.0796525
8.30653e-05
2.12333
0.107571
1.64429
-0.383017
0.0997791
0.0187573
0.00748647
-0.130807
-0.0450777
-0.0208894
0.100505
0.0683239
-3.78415
3.72316
0.280958
-0.0351312
0.343704
0.108105
-0.0933921
0.0607244
0.182636
0.0324784
-0.0126706
-0.136685
1.24183
0.878411
-0.348054
-0.0641383
-0.0282981
0.0291101
-0.172577
0.0262476
0.125526
0.13551
-0.0960596
-0.492442
0.227177
0.886244
0.293865
-0.119446
-0.0651659
-0.0177895
-0.0637622
-0.0740106
-0.535092
-0.0340982
-0.310817
-0.437889
-0.0961603
-0.200485
-0.0212956
-0.155082
-0.0377702
-0.0797119
0.0365505
-0.00168995
-0.476192
-12.2087
0.134118
0.220374
-0.0212074
0.118808
-0.0315881
0.0297748
0.112693
0.05843
0.0668731
0.436963
-0.538033
1.30948
0.623507
-0.115119
0.0880052
0.0761176
0.153581
-0.0126511
0.0786846
0.152699
0.197457
-0.363807
0.00337358
0.166759
3.73708
0.197364
0.0141961
-0.122826
-0.0248678
-0.0942601
0.104837
0.239232
-0.0282438
-0.0545025
0.748374
0.0273888
0.134481
-0.0491005
-0.000983425
-0.239872
0.0636486
0.153957
0.0534244
-0.699067
-9.63159
-0.279442
-0.199528
0.186488
0.0887027
-0.136368
0.0836625
0.0726359
0.00862845
-0.157153
-0.0492352
-0.70543
-0.594892
0.661791
0.660881
0.105411
0.272583
0.0497491
0.0635417
0.0790819
0.45085
0.130062
-0.228996
-0.323223
0.675426
-0.0149038
-1.78056
0.368191
0.177358
0.0282217
0.000351055
0.028121
0.0609151
1.10843
0.0986852
0.311736
-1.96712
-0.0581913
0.0500575
0.0967336
-0.294498
0.228096
0.181276
0.033742
0.0341308
5.74558
-2.21371
-0.258544
-0.248941
-0.0509135
0.277606
0.0250921
0.0470035
0.0450382
0.107652
-0.0384211
-0.102659
-0.468226
-0.432501
-0.572769
0.765973
0.655167
0.360335
0.293671
-0.159356
0.0569879
0.0406456
0.13386
-0.451734
-0.471826
-0.374409
0.181581
0.171883
-1.22424
-0.426567
-0.0993218
0.0274813
-0.0433409
0.293139
0.304992
0.628591
0.20836
-0.110387
1.43745
-0.27523
0.137357
-0.225812
0.138818
0.179506
0.708394
0.122426
-0.0834247
-3.82366
12.2281
-0.501976
-0.213027
-0.152393
-0.557788
0.504455
0.260274
0.14818
0.0618911
-0.155699
-0.265019
-0.151457
-0.113239
-0.468476
-0.861591
0.357777
0.516111
0.320943
-0.0962061
-0.121946
0.0251414
0.35025
0.351539
-0.0918827
-0.303041
0.741876
0.340596
0.230734
0.402544
0.543075
0.108598
-0.0271913
0.12952
-0.00865806
-0.295524
-4.7339
0.242656
0.27316
-0.341084
0.25346
-0.206144
0.0720374
-0.0124407
-0.215836
-0.309682
0.389553
-0.142793
-0.441487
-3.08202
0.249421
0.207677
0.136091
0.0901295
0.114697
-0.0639546
-0.101854
-0.60592
-0.257478
0.196506
-0.525699
0.0307504
-0.206319
0.345547
-0.1941
1.01604
-0.19953
-0.527008
0.030732
0.0510373
-0.190741
0.0704112
0.0581779
0.0758619
-0.945652
1.38651
0.0468503
0.13327
-6.73359
-0.30062
0.144612
-0.0899624
0.104148
0.247646
0.192149
-1.31919
0.179623
0.0936044
0.610512
-0.350724
0.0331834
0.045
0.0939164
0.0953289
0.117218
0.109282
0.0285217
9.89981
-16.3952
0.0416345
-0.0472118
0.0862798
0.0844693
-0.0178465
-0.0186258
0.14789
-0.175989
0.0171691
-0.459661
0.41826
-0.0792347
-0.0778566
0.0668305
-0.16916
0.0576939
1.20403
0.0979067
-0.357313
0.0133478
-1.03105
-0.0677807
0.0423795
-0.155429
0.017407
0.108526
1.41327
0.151668
-0.0283508
-2.71071
-0.25857
0.0771198
0.00806085
-0.0602272
0.21915
-0.0670092
-0.537368
0.0141832
0.147856
0.744683
0.0388684
0.129194
-0.0444014
0.0704022
0.196179
-0.0419488
0.163348
-0.110665
0.924275
-45.4508
-0.207143
0.0616792
0.0995805
-0.0946902
0.0426607
0.176118
-0.0378723
0.00665717
0.0791061
0.233554
-0.00748511
0.0845666
8.70404e-05
-0.0148753
0.0799966
-0.119563
-0.102375
0.935168
0.123057
-0.366415
-0.349486
0.151505
0.0720947
0.130195
0.155844
0.00283503
0.0968704
0.635451
0.175857
0.106915
-2.1705
0.129494
0.0421551
0.0542343
-0.133359
-0.0641757
0.102209
-1.99237
-0.106979
0.521997
-0.143978
0.00176505
0.0859865
0.00438111
0.252783
0.0184659
0.0881998
0.17802
0.195362
2.8625
-16.221
0.0541801
0.0368345
0.0373472
0.0108585
-0.0932372
0.113668
-0.0110387
0.0241844
-0.00205542
-0.123919
0.269546
0.0935713
0.0586875
0.059044
-0.0366307
0.033111
0.00399214
-0.14448
0.938024
0.106326
-0.158168
0.061543
0.168797
0.0506136
0.0413949
0.437073
1.0453
-0.212905
-0.167002
-0.168467
0.0620363
-1.36447
-0.175101
-0.0408672
0.0604414
-0.0851126
-0.033579
-0.141574
0.239073
-0.00212229
0.00705471
-0.837229
0.123579
0.117936
0.123676
-0.0397657
0.0486416
-0.0247006
0.0812607
0.13493
-1.97754
-31.4306
0.317995
0.0992376
-0.0595191
0.045028
0.000269889
0.211519
0.0992323
0.102986
0.10389
0.29824
0.117946
-0.000491559
0.0953764
0.0986657
-0.0713694
0.0131621
-0.0253731
0.00816425
-0.400953
1.14463
0.61146
0.130136
0.0552544
0.0583193
0.180751
0.119463
-0.403027
-0.130475
-0.370345
-0.331819
0.389774
0.267788
0.133474
0.0421692
0.0695456
-0.197596
0.00424065
0.0294427
-0.230167
-2.89494
0.255456
0.370307
0.0371099
-0.081561
-0.0311946
-0.0486575
0.138974
-0.0968219
-0.00705911
-0.0974185
-0.208138
-1.12786
-7.70322
-0.00253495
0.104965
0.0176568
0.0247326
-0.0932948
0.106737
0.26799
0.0801446
0.482671
0.0355148
0.127617
-0.0480698
0.239201
0.155564
-0.187183
-0.013213
0.0576063
0.0835935
-0.0313881
0.627845
1.01791
-0.124605
0.437273
-0.0495424
-0.383242
-0.0399614
-0.236721
0.149334
-0.222983
-0.542254
-0.967244
0.0867092
-0.23276
-2.83018
-0.0182105
-0.0394196
-0.0749335
0.0175638
0.0999415
0.0754876
-1.37024
0.0855256
-0.403706
0.16788
-0.397453
-0.147914
-0.0776405
0.0308659
-0.0527272
-0.0368376
-0.0354893
-0.0571421
1.64141
20.9153
-0.134457
-0.0209468
0.105884
0.0427385
0.215279
-0.0226526
-0.025055
0.0549414
0.181476
0.00528058
0.165603
0.50615
-0.0625648
0.0715158
0.0985545
0.000698681
0.174029
-0.0384938
0.242764
-0.0190515
0.109609
1.07491
-0.0537945
-0.183176
-0.100272
0.0757812
-0.38716
0.145095
-0.0647421
-0.109739
0.097335
-0.0517496
0.52492
0.0990583
-1.30022
-0.359018
0.014855
-0.0395648
0.00919143
0.0254185
0.0819211
-0.690982
-0.0615138
-0.238533
0.346799
0.149906
0.0404793
-0.00751401
0.0285773
0.0606376
0.114244
0.11692
0.0916346
0.905962
-9.1296
-0.0828597
-0.0572116
0.0847602
0.0700825
-0.0176426
0.0203143
0.0415691
0.131402
0.00849795
0.216646
-0.0181726
-0.0887866
0.0818574
-0.0553236
0.244451
0.0369464
-0.128286
0.0497696
0.108379
0.0923993
0.29858
-0.353838
1.00271
0.249253
-0.227192
0.129772
0.244977
-0.176301
-0.0201431
0.0572216
0.129842
0.313365
-0.323524
0.077802
-0.00764827
6.61919
-0.0153768
-0.00907415
-0.0478404
0.00511215
-0.0445098
0.0949626
0.777778
-0.00680868
0.250045
0.278915
0.0118673
0.198303
-0.055767
0.0373103
0.0518754
0.168071
0.0610876
-0.146247
1.45462
49.8354
0.226913
0.15694
0.0543659
-0.20405
0.167847
0.0282736
0.0132267
0.0800182
0.161287
0.157142
0.0797608
-0.0615374
-0.073569
0.183882
0.180721
-0.0955373
-0.0243632
0.114316
0.0332607
-0.0295718
0.267104
-0.550642
-0.370572
1.07987
0.576094
-0.241228
0.107285
-0.244999
0.293373
0.200143
0.173402
0.0175812
-0.27043
-0.43187
-0.156593
0.0332788
0.139916
-0.39784
0.0821329
0.0448418
0.0532573
-0.0233292
-0.0360067
-0.118725
0.14486
0.642176
1.09521
0.434399
0.110966
0.139079
0.0969185
-0.0777387
-0.100335
0.194529
0.102409
-7.60813
-2.57273
-0.141584
-0.141213
0.0747677
0.118085
-0.0382879
0.00228671
-0.0326504
-0.0614553
0.0659739
-0.0594542
0.368455
-0.0875731
-0.0927931
-0.107152
0.438989
-0.0932721
-0.108699
0.215284
0.0661503
-0.0326431
-0.150222
-0.103494
-0.138209
-0.382607
1.4038
0.698012
0.28114
-0.0224214
-0.0679118
0.0991738
0.0662651
0.041001
-0.0603427
-0.305306
-0.382829
0.330707
0.215505
-1.20295
0.0656821
0.00242743
0.12216
0.147904
-0.0265128
-0.0433654
-1.23751
0.235112
0.162806
-1.47605
-0.0593616
0.385923
0.0302664
0.567761
0.159803
0.0880679
0.0427843
0.273122
3.26934
33.3041
-0.735677
-0.194483
-0.124284
0.231747
0.190868
-0.0714476
-0.19505
0.103469
0.244944
0.380459
-0.938646
-0.0961038
-0.17513
0.0240488
-0.217675
0.280181
0.251188
0.0949176
0.0331833
0.125637
0.190963
-0.0877055
0.0465617
-0.243847
-0.611632
1.47009
0.975894
-0.40795
0.301413
0.3323
-0.0620664
-0.677469
-0.124965
-0.145693
0.0401568
0.597779
0.285446
0.194338
-1.30328
-0.202152
-0.0311826
0.102999
-0.0697947
0.13129
0.114316
2.43603
0.211488
0.233275
0.565261
0.364724
-0.0666327
0.127068
-0.158856
0.0883747
0.0811571
-0.163384
-0.0737907
1.96712
17.8792
-0.227018
0.0972711
0.0056369
-0.0491661
-0.0912461
-0.148881
0.00149342
0.307414
-0.142778
0.145767
0.628941
0.0823843
0.00863177
-0.0245174
-0.0637495
-0.194525
0.133139
0.334275
-0.145923
-0.0508183
-0.252977
-0.308051
0.0105234
0.0740986
0.0831326
0.397825
2.87441
0.505766
-0.427081
-0.155065
-0.164084
-0.684941
0.101748
-0.106255
-0.137178
-0.272688
0.847823
-0.308615
0.00741405
-0.698476
-0.0643481
-0.036985
0.087655
0.114041
-0.00181587
0.0755251
0.710172
0.106624
-0.440579
-0.102407
0.457146
-0.0598914
0.0181936
0.0422797
0.17392
-0.142254
0.00380007
0.132186
-3.21047
-1.91748
-0.00180018
0.0445954
0.10663
0.0788772
0.119587
0.0017551
0.0352251
0.159139
0.0709326
0.0843723
-0.259045
-0.120271
0.0274615
0.0752805
0.12698
0.0751612
0.0476538
0.275938
0.00248505
-0.0828616
-0.0436495
-0.128288
0.0634962
0.0600891
0.0112539
0.458575
1.1181
0.854274
0.634098
-0.0603037
-0.0724412
0.511689
0.0580448
-0.0348006
0.00967569
0.0178241
-0.185411
0.384092
-0.0314179
0.343161
-2.38141
0.00633843
-0.0286995
0.03635
-0.00697258
-0.106303
-0.0254758
-1.22265
-0.0434373
-0.45097
-0.396696
-0.04251
0.0523123
0.156596
-0.108851
-0.0738741
-0.0919217
0.0101963
0.176634
-0.327264
31.7602
0.218544
0.0331139
0.0830595
0.0817132
0.0750141
0.0554046
0.120005
-0.0483807
-0.00196065
0.10521
0.0153186
-0.00829749
0.11925
0.0416731
0.0445029
-0.00414945
0.00490481
0.0203407
0.137057
-0.00564976
-0.146748
0.199885
0.0750893
0.201865
0.171066
0.0959385
-0.0399036
-0.233499
1.07613
0.724419
-0.23355
0.186615
0.146218
0.0018323
-0.0182522
-0.0424827
-0.0416787
0.137051
-0.0719052
-0.779012
0.08678
-1.92342
0.360099
0.0461822
-0.126463
0.00206648
-0.0683592
0.0418583
-0.00746569
-0.072263
0.787205
-0.246302
0.243304
0.22024
0.0646282
-0.0643142
-0.00032551
-0.0659565
0.0382115
-0.0471543
-12.1305
-2.79689
-0.0589906
0.00265198
0.148974
-0.0428752
0.00740153
0.0193648
0.0937989
0.0517644
0.0819417
0.227346
0.212621
0.1815
0.0383086
0.0466402
0.117387
0.120659
-0.0197905
-0.100794
-0.0660376
0.181192
-0.194508
0.128683
0.082745
0.166377
-0.00958024
0.211163
-0.110754
-0.16552
-0.450389
1.1274
0.632837
-0.352206
0.132347
0.157608
0.110373
0.00461744
-0.245522
-0.142994
-0.237762
-0.241014
0.0180317
-0.0977664
-0.524981
-0.0133595
-0.042784
0.0121179
-0.105938
-0.101976
0.0212902
1.9987
0.0555874
-0.112502
0.988642
0.0691272
0.156652
-0.121659
0.220483
-0.252331
-0.0989108
-0.219969
0.0418695
-3.54787
9.98662
0.142331
0.0296485
0.119075
-0.0636275
0.0902307
-0.0744841
0.0847882
0.243156
0.143375
-0.251605
0.137336
0.206777
0.125325
0.165588
0.0701069
0.0115804
-0.0501181
-0.0395572
-0.114391
0.0502859
0.617057
0.265206
0.0778986
0.146532
-0.0463741
0.0259275
1.19111
-0.189554
-0.1708
-0.634367
1.09978
1.45791
0.0900047
0.0725425
0.111151
0.0644186
-0.301255
0.147209
0.146539
-0.329297
-0.739221
0.41676
0.279136
0.582798
-0.159468
-0.145601
-0.0225388
-0.458006
-0.233518
0.910233
2.43773
0.274101
0.422932
0.0809106
0.360581
0.104938
0.065968
-0.328553
0.365445
-0.437468
-0.149793
-0.418247
1.85126
-39.5506
0.694692
-0.136706
0.186366
0.233947
-0.0221314
-0.0826107
-0.221798
0.077052
-0.105275
-2.75828
-0.41612
0.399119
-0.0299395
0.260121
-0.817281
-0.0826624
0.0384574
-0.153541
0.13836
0.214955
0.0402272
0.00429813
-0.0516998
0.0171608
0.108937
-2.01299
-0.48943
0.792873
0.34527
0.120395
-0.0418903
1.16772
0.27493
0.842735
0.0689848
-2.30313
-2.37243
0.435609
-1.19752
-0.0905924
-0.688426
-0.876184
0.12311
-0.0758199
-0.694927
-0.358622
-0.054849
0.0470958
0.0125921
-0.036128
0.183189
1.19296
0.120108
0.357744
0.217328
0.187883
0.0459027
-0.111357
-0.0790591
-0.0660789
0.105859
-0.0508211
0.0443029
0.374251
-1.88966
-0.0566187
0.0237052
0.0655687
0.0502184
-0.14525
-0.0182391
0.127101
0.175975
0.0593998
-0.0541665
0.240091
-0.0703315
0.218796
0.0886436
0.0927745
0.114807
-0.202274
0.0761328
-0.0766513
0.223275
-0.0207118
0.0520476
0.148261
-0.0030434
-0.0383449
-0.0764107
0.457808
-0.00762633
0.191797
0.190387
0.132592
0.280306
0.999855
-0.382017
-0.378788
-0.32738
0.510094
-0.122964
0.0953935
0.0353575
0.0852374
-0.0431307
3.62538
0.325005
0.147531
6.44655
0.00922315
0.0874676
-0.0238469
-0.0485014
0.0582274
-0.153706
1.7928
-0.0824232
-1.19667
0.00593862
-0.259241
0.039687
0.026094
0.0548502
-0.212385
0.00818914
0.0409042
0.220258
-4.95394
22.1282
0.185614
-0.0766902
-0.0201873
0.0115086
-0.00966508
0.0206351
0.0458028
0.0952565
0.135662
0.65203
0.0164158
-0.000187716
0.116835
-0.0321208
0.0350403
-0.148667
0.201495
0.075767
0.161398
0.0424075
0.508986
0.0712561
0.0722632
0.107652
0.102842
0.191479
0.33645
0.0903807
0.0122949
0.160336
0.131303
0.225483
0.0465747
0.890154
-0.222764
-0.279536
0.353556
0.100645
-0.140923
0.0769268
0.0126681
-0.0649054
17.9317
-0.491794
0.164521
0.332298
4.40102
-0.0191778
-0.0366758
0.0973542
0.0572261
0.187437
-0.0418195
-1.11214
-0.0287174
0.33803
0.412977
0.046517
0.0445452
-0.0119329
0.0468587
0.0834875
-0.0118417
-0.0394947
0.170781
11.8618
15.7378
0.0345924
-0.0972321
-0.0346729
0.12838
0.0232593
0.0793589
0.0746773
0.0671195
0.0814348
0.234412
0.286181
0.117448
0.164156
-0.0365469
-0.0910447
0.163598
-0.0446616
0.175438
0.0858968
0.0339915
-0.247174
0.311882
-0.141045
0.00639069
0.205032
0.558043
0.415883
-0.0254619
-0.0647882
0.0262958
0.0137084
0.466432
-0.308124
-0.154078
0.968327
0.0479236
-0.200032
-0.128362
-0.0078939
-0.0307407
0.171181
0.0521864
-1.66541
-0.363257
-0.31287
-0.0637679
-0.125146
-0.51185
0.242896
0.00987143
-0.0299347
-0.0158605
0.105292
-0.0759672
1.11192
0.129223
0.843015
-0.152898
-0.0944819
0.0302903
0.093494
0.0424027
0.0171868
0.116502
0.00823741
0.0186439
0.0192986
3.55141
0.0766183
0.233988
0.0701633
-0.00335875
-0.0792858
-0.0601131
0.0940378
0.0596249
0.027271
0.115626
-0.208999
0.0422729
-0.0235508
-0.0163587
0.070222
-0.10572
0.0573513
0.103412
-0.128212
0.130895
0.229053
0.0666351
0.0645293
0.139943
0.0112544
0.0951091
0.0564843
0.106748
0.0421611
0.129414
0.139006
-0.0205782
0.3446
-0.116877
0.10865
1.11256
0.600003
0.0865436
-0.0149619
0.130319
0.0373247
0.00386322
1.99558
-0.136452
-0.334649
-0.00474438
0.18438
0.424762
11.5177
0.242005
0.0363096
0.0552205
-0.0153981
0.0275567
0.040036
0.881377
0.170827
0.309588
-0.0445683
0.135609
-0.265784
0.101261
-0.0591588
-0.125442
0.0553202
-0.146348
0.0610584
-4.20101
-14.1344
0.0784434
0.101115
-0.0584483
-0.0391871
6.943e-05
-0.0841704
0.101801
0.0502896
0.0668068
0.0144099
-0.12782
0.167613
0.182808
-0.0644865
-0.121579
0.0300893
0.236624
-0.172965
-0.000303669
0.00694787
0.0745066
0.109494
-0.0277752
0.0029878
-0.100287
-0.499729
-0.89562
0.24421
0.0901222
-0.00430482
0.0741545
-0.223703
-0.246318
0.0500005
0.170567
0.202294
1.15014
0.597323
-0.044865
0.0313285
0.104143
0.00835915
-20.5365
0.132614
-0.188135
-0.0404009
0.35117
-0.0577446
-0.0472162
-1.86036
-0.0958429
0.0452799
0.0168877
0.00217555
0.0902121
-0.0645102
1.21863
0.106477
-0.568193
0.0831378
-0.306769
0.0882092
-0.0143971
0.0101433
0.117389
-0.062402
0.119437
0.216476
-3.87615
27.5883
-0.00544019
-0.0669323
0.0222229
0.000678665
-0.0503241
0.0161421
-0.00844497
0.11424
-0.0161987
-0.0917614
0.17863
0.0297638
0.146653
0.0125531
-0.00228418
0.0652856
0.0442081
0.0068426
0.0619437
0.0809164
0.101125
-0.0273415
-0.0764082
0.0166992
0.189291
0.302024
-0.127322
0.146377
-0.0045692
0.101791
0.00302141
-0.042595
0.111078
0.0841781
0.0894852
0.0385197
0.335931
0.817664
0.541267
-0.0736424
-0.00942632
-0.112834
1.21709
-0.176678
0.0697211
0.06338
-0.0654496
0.397967
0.498017
-0.155296
8.35645
0.142221
0.0547862
0.0879203
-0.0107806
-0.00140791
0.0762258
-0.516634
-0.0033884
0.482949
0.204195
0.284571
0.0766363
0.035286
0.20727
-0.0816305
-0.0428285
0.0762519
-0.015725
-0.526908
-50.0793
0.03062
0.0521648
0.0304077
0.130682
0.0374665
0.078531
-0.00809944
0.0471421
0.045509
-0.214958
0.0459918
0.0553298
-0.0478832
0.183097
0.218779
0.058257
0.131958
0.140947
0.0109034
0.166917
0.343297
-0.146045
0.0721346
-0.0449454
-0.0830676
0.281404
-0.826413
0.0443217
0.158061
-0.026378
-0.0448122
-0.304582
0.0147471
0.135912
-0.00561156
-0.0019779
0.291943
-0.0433457
1.26313
0.683168
0.177492
0.0913535
-4.85067
0.03196
-0.0687555
0.01332
0.00909312
-0.0545749
0.373255
0.0543864
0.506217
-2.98552
0.163081
0.086785
0.0149443
0.0328851
-0.0120785
-0.0705562
-1.25555
-0.0513806
0.957826
0.51526
0.0554734
-0.0513868
0.171839
0.0263848
0.0401505
0.0531284
-0.143545
-0.0965021
-2.2995
12.0706
0.0994772
0.143881
-0.0154201
0.0445205
0.117937
-0.0115196
-0.0372921
-0.0920139
0.0551918
-0.0933485
0.0333761
0.0607021
0.100085
0.10389
0.0221784
-0.053358
0.445276
0.112258
-0.0915485
-0.0106374
0.0762818
0.0598721
0.186087
0.227653
0.231217
-0.130839
0.334706
-0.181273
0.105414
0.330458
0.0520275
0.284232
0.136589
0.128
-0.115254
0.00659199
0.157437
-0.0924883
-0.430226
0.938163
0.938661
-0.0839069
-17.3763
0.0675323
-0.00734952
0.18065
-0.00339538
0.0287976
-0.198315
0.0864567
-0.305487
-0.26138
-0.652725
-0.105132
0.115858
0.134121
-0.0155281
0.0265037
-0.130475
-1.99744
-0.0184885
0.212388
0.593953
0.10269
0.0101482
0.0873604
0.0215342
0.155841
-0.0778312
-0.0237726
-0.208362
1.94075
9.14065
0.151618
0.132121
-0.0867753
0.190346
0.0876983
0.00916843
0.0981182
-0.00491664
-0.134909
0.0911781
0.317258
0.0254011
0.167701
0.0789301
-0.0565627
0.187257
-0.0111425
0.0781596
0.0502252
0.111196
-0.1746
0.130785
0.243883
-0.0163371
0.173165
0.125747
-0.490275
0.19378
-0.156287
-0.0660426
0.325777
-0.152295
0.252276
0.183636
0.0656926
0.174359
-0.200069
0.258169
-0.137971
-0.421913
1.16734
0.958194
-11.5934
0.20479
0.0358172
0.00387855
0.0556036
0.0664252
-0.0567655
-0.251985
-0.319536
0.106944
-0.335526
2.22459
0.513119
-0.0628134
-0.0246643
0.019859
-0.167534
-0.265008
-2.35583
0.124537
0.213135
-0.131496
-0.123566
0.339126
0.0611573
-0.0734079
0.105494
-0.0169267
-0.0582334
0.0688269
-2.64163
5.04587
0.210077
0.1036
0.162638
0.0813658
0.0546827
0.0756589
-0.101486
-0.286351
-0.107638
0.0450403
0.207778
-0.117088
0.164542
-0.14241
0.166431
-0.096499
0.111797
0.24047
0.239575
0.13682
-0.361444
0.0998405
0.203236
0.147055
0.037879
-0.0748783
0.23949
-0.400732
0.0790757
-0.055142
-0.0397998
0.907274
0.0890958
0.148559
0.0284686
-0.13401
0.689786
-0.363838
-0.359814
-0.32085
-0.455762
1.46125
23.4697
0.129737
0.246485
0.0638628
0.0811343
0.0820885
0.0593132
-0.214437
-0.217438
-0.70274
0.436641
0.289455
0.840682
0.356549
0.223406
0.324582
0.0588453
-0.1854
-2.0208
2.57907
0.281397
0.441398
0.596635
0.179569
-0.396316
-0.501841
0.34369
0.0449113
-0.113024
-0.125271
-1.14141
2.2003
6.55745
0.0910113
0.382366
0.0867308
0.146025
0.505984
-0.956913
-0.407735
0.850571
-0.336153
-0.766248
-0.193234
2.21118
1.12395
-0.704742
0.100134
0.482656
0.521078
-0.492141
-0.314116
-0.0465497
0.318481
1.04759
2.85159
-0.118789
-1.60311
-0.970473
-0.966117
0.78503
-1.10425
-0.339037
0.518205
-0.783865
-1.62481
2.3375
0.971244
-1.48159
-0.56876
-0.378822
1.02343
-0.163122
-0.285533
-0.505645
30.7592
0.553138
-0.419859
-0.324281
0.356695
-0.232813
0.404857
0.0691284
0.135733
-0.349046
1.10037
0.241502
0.173112
-2.97638
0.00761417
-0.0262237
-0.0636212
-0.0602304
-0.013058
-0.0117629
-1.63672
0.182318
1.28167
-0.0707188
0.255816
-0.266782
0.121006
0.0802616
0.0885142
0.145364
0.0342017
0.0628747
0.971571
-15.0051
-0.115264
0.0182359
-0.050172
0.0884278
0.0985314
-0.0605085
-0.0675269
-0.0295469
-0.0167927
0.0960879
-0.13096
-0.0242008
-0.0134108
-0.0758038
-0.0563955
-0.0948953
-0.0241125
0.187681
0.0726331
0.0700912
0.165962
0.0503861
0.229144
0.100755
0.0300101
0.191157
0.47863
-0.0534525
0.0761818
0.254669
0.173461
-0.230796
0.194457
0.0583359
-0.00630091
0.00296906
-0.377114
0.0226819
0.029555
-0.0753872
0.125016
-0.00290528
2.28157
0.914776
-0.459048
-0.217374
0.134864
-0.0302201
0.0969962
0.036439
0.0665371
-0.199126
0.0951978
-0.133645
0.576253
-0.233965
2.01033
0.144625
-0.150943
0.0302854
0.0745518
0.0581323
0.148263
-0.380702
-0.0504114
0.343502
-0.276882
0.0744599
-0.136362
0.00515016
-0.00697451
0.238869
0.152737
0.0978041
-0.019547
7.20687
-1.26455
-0.0277612
0.0788149
-0.0219293
-0.0567171
0.0600577
0.0610114
0.00324847
0.0518145
0.187954
-0.157171
-0.326827
0.0945807
0.0372515
0.104258
0.0596151
0.131856
0.0105283
0.0337783
0.141475
-0.042483
0.104747
-0.0986257
-0.0440195
0.144991
0.108956
0.113458
0.670296
0.148158
-0.0173955
0.207788
0.135356
0.246188
0.250972
-0.111166
-0.145982
-0.309573
-0.149655
-0.294589
0.0252707
0.0183374
-0.0313244
0.17717
9.10818
0.678747
0.877211
-0.499674
-0.194473
0.0965723
0.0396916
0.0555294
0.0401098
0.09759
-0.0251793
-0.000395385
0.114191
0.0259067
0.0505427
-0.536859
0.0541936
0.0576736
-0.0125178
0.0576899
-0.029672
0.0464384
-0.787522
-0.0799139
-0.230614
-0.0556811
0.177924
-0.173956
0.0443217
0.168378
-0.0464311
0.110057
0.147976
0.119406
-2.36181
-10.9752
0.0322255
0.147357
0.0152889
0.0152066
0.0121388
-0.114704
0.128964
0.079551
0.0532641
-0.00586533
-0.049093
-0.0670805
-0.0603685
-0.00783698
0.0722747
0.0830583
-0.211037
0.0563714
0.0562638
-0.145494
0.136634
-0.0442315
-0.0468338
0.057673
0.0530119
0.278361
-0.410732
0.0167554
0.0792372
0.129953
0.108629
-0.0543245
0.112487
0.0890098
-0.0915098
0.146534
-0.116752
0.333911
0.105442
0.0382766
0.0710647
0.043434
4.39378
-0.0890531
0.257695
0.723601
-0.301434
-0.134265
0.0261111
0.0358272
0.00271914
0.0821155
0.161563
1.61485
-0.365951
0.159609
-0.417108
0.545869
-1.86461
0.210531
0.0758447
0.0626373
0.0764962
0.0802676
0.0603401
0.597589
-0.00228805
0.185058
0.336084
0.0513936
0.00178803
-0.0764758
0.0457369
0.115745
0.166403
0.180912
-0.00345929
5.05231
-28.3349
0.0227369
0.0384166
-0.0263899
0.0313635
-0.0155374
0.184617
0.11846
-0.00528127
0.189955
0.050475
0.0393368
0.0247846
0.0520204
0.052704
-0.0590721
0.154765
0.126999
0.0536469
0.0514015
0.0186102
0.113673
-0.116242
0.0695866
-0.0332145
0.0710406
0.402973
0.0176678
-0.0361513
-0.0377279
-0.0223602
0.0698476
0.00396848
0.0910011
0.0758378
0.00286314
-0.0518592
-0.369128
-0.120382
-0.00507262
0.0673412
0.0344863
0.0623949
-0.318867
0.0391675
-0.155466
0.257261
0.793297
0.178511
0.0396268
-0.041359
0.051276
0.130447
0.0939764
-0.726475
0.123726
-0.159215
0.316103
-0.138694
-0.180741
4.22919
-0.0514252
0.0360133
0.0191495
0.0612962
0.0417867
0.0546614
-1.35985
0.03178
0.331774
0.415531
-0.163104
0.0468531
0.0797218
0.141336
-0.047793
0.143139
-0.00426791
-0.0401682
-1.15778
5.24023
0.0381127
0.032679
0.00479579
0.141437
0.0199699
0.145205
0.0204571
0.010241
0.0735983
-0.0715475
-0.0325528
0.0770995
0.0492394
0.0667321
0.0869187
-0.0249835
0.157213
0.0422754
0.113078
0.0472352
0.0829503
0.11364
0.0562582
0.144422
-0.157056
-0.105119
-0.0274225
-0.0646764
0.103458
-0.0814802
-0.00436201
0.129966
-0.0541684
-0.0101358
-0.108045
0.199471
0.45094
0.16727
0.0170053
0.0491926
0.118639
0.0372736
0.0855486
-0.0562783
0.074323
-0.0559646
0.191228
0.824039
0.454494
-0.0654089
0.00741462
0.027089
-0.14476
-0.480692
-0.0427355
0.06135
-0.109987
0.521421
-0.572663
-0.313644
-3.05963
0.0256168
0.0404411
0.0760669
0.0184987
0.124486
0.165358
2.58459
-0.0319911
0.104778
0.0342915
0.0871491
0.0746948
0.0659457
-0.0196861
0.0162694
0.132696
-0.00470998
0.0674175
0.99035
6.56825
0.0498948
0.086795
-0.03771
-0.0558796
0.207612
-0.092129
0.08713
0.0378864
0.0765633
0.22618
0.315252
-0.0741882
0.116866
0.178718
-0.0256724
0.0782348
-0.14087
-0.076475
-0.0357633
0.0536745
-0.021524
0.188704
0.0545069
0.0665213
0.195702
-0.0241494
-0.0980712
0.132345
0.107296
-0.0856569
0.117164
0.0131371
-0.0384228
0.0882294
0.00704761
0.216583
-0.149263
0.485044
0.184481
0.00732215
-0.082323
-0.111665
16.262
0.0333731
0.0181398
0.0639508
0.040231
0.0924717
0.838891
0.469807
-0.00152472
0.0184848
0.0662119
0.478362
0.180475
-0.0730156
-0.0585607
-0.120641
0.404882
0.168707
0.446855
7.11923
0.0548418
0.133605
0.0277034
0.0619452
0.129217
0.0152768
2.91223
-0.0574358
0.143727
-0.218062
0.0627969
-0.0616093
0.14604
0.0888533
0.0331324
0.0897896
0.188821
0.0430824
4.44699
-1.34847
-0.0238718
0.0292948
0.183529
0.0224774
-0.0483895
0.0890822
0.00963407
-0.119295
0.0454245
-0.104592
0.0293005
0.212864
0.0774109
0.175767
0.0882299
0.0179876
-0.00454177
0.0967814
0.0586539
-0.120159
-0.2057
0.00711505
0.0814896
-0.0989282
0.0631367
0.239256
-0.277979
0.0403197
-0.00355794
-0.0967411
-0.0372951
-0.302124
0.0912812
-0.0915566
0.0467178
-0.0168223
0.299858
0.0971432
-0.183635
0.150731
-0.0687988
0.0537819
6.3505
0.00897989
0.00377835
0.0553288
0.0756927
-0.0134336
-0.192305
0.672084
0.705981
0.0182666
0.0274637
-0.337433
-0.00210035
0.0833159
0.0587357
0.030571
-0.0739334
0.237618
0.501821
0.242265
6.96154
0.190957
0.0454421
0.108145
0.0254332
0.0965155
-0.058399
-0.0841426
-0.0294779
-0.101429
-0.0278581
0.0150964
0.185208
0.00338233
-0.0607982
0.102796
-0.112601
-0.161776
-0.0243746
-7.22623
8.60188
0.164275
0.0640654
0.178541
0.0517657
0.142913
-0.022054
-0.0820572
0.0743373
0.00785076
-0.224729
0.106241
0.0242052
0.167383
0.112719
0.153765
-0.0240707
-0.114562
0.085694
-0.0854377
0.0310525
-0.106774
0.0237634
0.0822721
-0.0117433
-0.00907608
0.158564
0.331258
0.0643514
0.0448625
0.0261866
0.0864475
-0.19566
-0.0699801
-0.0280256
0.114724
-0.0193987
0.524711
-0.018143
-0.135065
0.0118618
0.218563
0.0879729
0.848032
0.168482
-0.00986514
0.0438241
0.0755152
0.162227
0.0259435
-0.369152
0.797626
0.936671
-0.208816
0.610727
-0.0784448
-0.00805627
0.0289842
-0.0015455
0.0923135
-0.187494
0.0902312
-0.00556168
-0.325373
-1.25889
0.134525
0.159926
-0.00394499
0.00415283
-0.0144467
0.0522885
1.23304
0.054485
-0.829236
0.21694
0.274968
-0.0748427
0.0496292
0.170792
-0.150375
-0.0121603
-0.164315
-0.233984
0.405909
5.20273
0.123296
0.252813
0.104716
-0.0337967
0.108115
0.0673548
-0.114508
0.0548541
0.0924718
-0.403536
0.211682
0.155184
-0.00901249
0.132886
0.0411497
-0.241037
0.0618596
0.145571
-0.00712179
-0.0857876
-0.162351
0.0294044
0.0987926
0.114588
0.0654986
-0.405676
0.0542855
-0.13613
-0.0551925
0.168917
0.0555426
-0.280193
0.142076
-0.0347758
-0.0768086
0.209062
0.196959
-0.079813
-0.103238
-0.198873
0.0278347
0.536286
-3.06406
0.0570715
0.0586408
0.159756
0.162152
0.0644138
0.172232
0.0315447
-0.568591
0.933992
0.8741
-1.02766
0.0630929
0.0629475
0.138578
0.0206255
-0.013543
0.0953328
-0.173443
-0.0938758
0.226961
0.443933
-0.519515
0.0721433
0.164903
0.000758641
-0.047513
-0.0621314
0.0643788
1.92051
0.202864
0.634409
0.404487
0.477701
-0.202315
-0.136245
-0.0623859
-0.0902643
-0.124009
-0.10837
-0.0915936
0.832051
-25.4599
-0.15202
-0.111663
-0.104361
0.136234
0.0129519
-0.0216234
0.0731109
-0.00462312
-0.0325231
-2.85976
0.0607925
0.064352
0.0212666
-0.186246
-0.22203
-0.186617
0.129909
-0.0739696
-0.13913
0.0878372
-0.267428
0.28377
0.160865
0.0835576
-0.0152022
-3.82563
-3.99854
0.889349
0.123627
0.260346
0.179602
0.473436
0.227498
-0.0346764
0.133002
0.89721
-0.611331
0.327797
-0.266094
0.495788
-0.17503
-0.218149
9.03659
0.26037
-0.0411373
0.169217
-0.16488
-0.0785655
0.152744
-0.210875
-0.249214
-0.988085
1.28427
2.34646
-0.116711
0.0426808
-0.100727
0.197146
-0.0930599
0.122819
0.177509
-0.055467
-0.0842992
0.445677
0.841692
2.00519
-0.737362
1.9961
-0.452173
1.07409
-1.63303
0.288143
2.60683
0.284648
0.431914
-2.3958
-1.50155
-0.302269
-0.346272
-0.215823
-0.344974
1.09278
-2.75476
0.74276
2.36136
16.9409
0.240139
2.46305
0.842636
-0.100811
-0.0145169
4.76873
-0.714526
-0.3165
-1.73429
1.96189
0.462398
1.56924
2.9388
0.622853
-1.72074
-1.81286
-0.0617725
0.829884
0.16743
0.323856
1.99271
0.46174
1.23744
0.476767
-0.445697
0.990791
2.24087
1.29416
-0.314704
0.0316837
-0.366991
-1.10783
-3.12273
1.84696
-0.123946
-1.4829
2.48085
1.11063
-0.833794
0.440712
0.591587
3.8836
33.3351
1.22565
1.60567
3.01399
-2.76108
-1.67986
-1.52766
-1.18524
-1.27906
0.102766
-2.6655
1.94332
0.361164
0.326327
0.677858
2.74745
-0.20966
-2.53355
-1.93171
-2.87633
0.0897701
-1.79363
0.289223
0.223978
-1.02307
-0.369713
-0.152059
0.0525732
0.0243119
-0.0518488
0.137184
0.575716
0.22557
0.0612382
0.540261
-0.0764531
0.0938055
-0.141245
-0.0338048
-0.188806
0.237436
0.418052
0.120429
5.35766
-21.6325
-0.183092
-0.0684261
-0.205293
0.0192188
-0.0312105
0.164815
-0.0182304
0.141567
0.367718
-0.183068
0.526426
-0.0145659
-0.188868
0.156449
-0.153327
0.103592
0.475046
0.222327
0.358138
0.168285
-0.129128
-0.266043
-0.140145
0.0913176
-0.161574
-0.16188
-0.282054
0.1809
-0.0138938
0.19278
0.0116136
0.213773
0.134392
0.252401
-0.24162
0.213482
0.0903871
0.17641
-0.122996
0.303597
-0.150917
0.0539978
-9.57091
0.205328
0.0623206
-0.053445
-0.315929
0.0168877
0.0565422
-0.0286217
0.236315
0.270144
0.139323
0.404419
0.56774
-0.725819
-0.285349
-0.0161195
0.00374627
-0.269934
-0.0290956
-0.0684062
0.194565
0.742131
0.210099
-0.319521
-0.122373
-2.53049
0.0429824
0.0390503
0.0946898
-0.0190199
0.126291
0.118002
0.578692
0.0291122
-0.680991
0.542612
0.113318
0.0446354
-0.0212277
0.208294
0.0184052
0.123751
0.213451
0.239904
9.36066
17.0056
0.0529899
-0.152401
-0.0966874
-0.0240744
0.127126
0.0694736
0.247888
0.0657775
0.229868
0.224328
-0.0849399
-0.0562392
0.0112604
-0.0521368
-0.102002
0.00589669
0.0668815
0.0447179
-0.0041374
0.0316213
-0.0845039
-0.263051
0.107774
0.125732
0.144756
0.220363
-1.46969
0.0420509
0.0853109
-0.0308388
0.159778
0.0127432
0.107016
0.0995461
-0.0439669
0.217374
0.114082
0.193866
0.022936
0.04959
0.254505
0.24975
1.28933
0.207772
-0.208827
-0.150728
-0.148724
0.0533247
0.0585485
0.0658868
0.119729
-0.109268
0.0581736
-1.69576
0.822887
0.90759
-0.628716
-0.170821
0.0111515
-0.197307
0.0431409
-0.0137178
0.225233
-0.2762
0.434471
1.20419
0.109248
0.0860427
1.18383
0.0944943
0.194774
-0.018822
0.0475254
0.220965
0.116559
1.05235
-0.0970478
-0.706762
0.747442
-0.104219
0.0380097
0.00111028
0.034458
0.0615598
0.296559
0.158036
0.049507
-2.32338
-5.49011
-0.00579624
0.00094688
0.0263754
0.0769153
0.000633712
0.150148
0.104801
0.109482
0.177268
0.224266
0.0680187
-0.173075
-0.0631836
0.0081394
0.105337
0.201938
0.143558
0.0542987
0.00731063
0.278142
0.462183
-0.0521528
0.0932717
0.0817167
0.0153986
-0.37988
-0.532593
0.0239144
0.128811
-0.0230974
-0.0348885
-0.0199184
0.0272517
-0.0620399
0.00169833
0.0869194
-0.27994
0.215533
-0.0711527
0.0305427
0.11228
0.0357872
-12.8916
0.01386
0.142352
-0.0892823
-0.217934
-0.0141855
0.174567
-0.0433564
-0.0205354
0.0539162
0.0802041
-0.125692
-0.113348
0.467255
0.532732
-0.511339
-0.00573489
0.0122361
0.00992054
-0.0114806
0.0766119
-0.0229761
0.147293
-0.199367
0.411037
0.176289
-0.025872
-7.21632
0.202643
0.0640117
0.0969256
0.0450298
0.101603
0.0539935
-0.441649
-0.142662
-0.0208123
0.683073
-0.0589474
0.0578237
0.100698
0.0714858
0.0540526
0.165905
0.0887463
0.146989
-0.0651078
-1.44575
-0.0447577
-0.0336395
-0.0217864
0.0922183
-0.0194612
0.190295
0.203413
0.090279
0.134188
0.265577
0.0563426
0.113361
-0.00736205
0.0513095
-0.0817793
-0.132901
-0.0263207
-0.0621261
0.0821094
0.0042552
-0.18728
-0.0280172
0.0009589
-0.0219496
0.14135
0.041733
-0.0933684
0.0270665
0.0425557
-0.0244383
0.106912
0.0267642
-0.0754793
-0.060008
-0.0697166
0.00281022
0.132884
-0.011761
0.0352587
0.0804342
-0.0272688
0.149281
5.11879
-0.104662
-0.0876025
0.0428466
-0.169671
-0.0743973
-0.0510799
0.0488835
0.0427849
-0.0590271
-0.0139318
-0.302666
0.00512119
-0.159281
0.266892
0.390998
-0.00912902
-0.0268507
0.0542348
0.00766869
0.0172105
0.0322628
0.14982
0.138556
-0.164384
0.313131
-0.884969
0.119766
0.644559
-0.130194
0.0638439
0.0258795
0.000358012
0.101249
0.227362
-0.477813
-0.131163
-0.103976
-0.231532
0.316475
0.168434
0.0118163
0.158258
0.0842172
0.00204408
-0.0176567
0.169896
4.33563
12.9368
-0.101471
0.017693
0.069106
0.121164
0.156496
-0.024982
-0.0536395
0.0278922
-0.000475387
-0.0165552
-0.00100721
0.104307
-0.06737
-0.0476838
0.0434998
0.0482047
0.0969134
0.0710671
-0.0403381
-0.0248149
0.163853
0.0576131
0.125516
0.0226309
0.0549856
0.114744
-0.00959363
0.0693504
0.0594059
0.0636875
0.129827
0.146
-0.0642276
-0.0509355
0.0614945
-0.103222
-0.422309
0.281367
0.107074
0.0194212
-0.00628017
0.0588762
-10.0995
0.147165
0.0576001
-0.034708
-0.0155787
-0.253382
-0.00696241
-0.0679585
0.0452853
0.0340637
-0.0977313
2.0773
-0.20665
0.0231459
-0.0714077
0.201552
0.317176
0.297393
0.00419712
-0.063929
0.0805532
-0.0632077
-0.223844
-0.201921
-0.0298159
-0.0397692
0.442587
0.274334
0.161064
-6.74718
0.257243
0.128598
0.0859199
0.118961
0.186478
0.0617776
2.20018
-0.102107
-0.245094
0.391552
0.0513995
0.0896893
0.00987296
0.0562634
-0.00581267
0.0385563
0.151162
-0.073089
1.31958
-8.94382
0.0720302
0.0779346
-0.0522892
0.12281
0.208319
0.103126
0.0969924
0.145338
0.155787
0.0553152
0.301927
-0.0195048
0.0716951
-0.0751585
-0.0546243
-0.178848
0.0752221
-0.0182157
-0.0146544
-0.123719
-0.0236273
0.0595754
-0.0786767
0.134611
0.0394522
-0.243585
-0.372049
0.104978
0.0513369
-0.0292582
0.0446688
-0.245843
0.140571
0.0745421
0.00848621
0.124487
0.266762
-0.260709
-0.00315225
-0.0899621
0.0379386
-0.00609338
8.60349
-0.0364981
-0.0822714
-0.0196824
0.0432902
-0.00700828
-0.134544
0.241558
-0.0361646
-0.0722937
0.140861
-0.359525
-0.0593794
0.0794062
-0.0223336
-0.0592341
-0.103077
0.331741
0.573351
0.0159354
-0.0213974
-0.162605
-0.394444
0.00782068
-0.0414498
-0.0976502
-0.0703374
0.556875
0.270326
0.139089
0.30072
0.236129
0.0410935
0.167101
0.0686046
0.0783094
0.240155
0.142422
-0.0524622
-0.368049
0.464427
0.146074
0.0453744
0.169084
0.20462
-0.058732
0.125501
0.00365941
0.102286
0.87473
-22.6912
0.0503914
0.177069
0.125036
0.102535
0.185132
0.05924
0.0288095
-0.0629483
-0.0109815
0.130856
-0.191573
0.228762
0.0957625
-0.0289023
-0.0696173
0.204963
0.167059
-0.0748614
0.0314737
-0.0795651
-0.104075
0.10685
-0.0700687
0.0261062
0.111652
-0.284061
0.58072
-0.0217396
0.0518372
0.0941955
-0.10675
-0.065473
0.0895691
-0.0135149
0.0657768
-0.0609366
0.00828967
0.0165438
0.0455553
-0.0470472
-0.0325628
-0.0296479
-3.98881
-0.176228
0.120374
-0.0512184
-0.0604087
-0.109257
-0.15106
-0.195881
0.131366
0.0532504
-0.0262763
0.118929
0.0418501
-0.0587344
0.0695688
-0.00289967
-0.0365364
-0.107111
0.44581
0.782531
0.00584214
-0.13152
0.110289
-0.0363847
0.072364
0.0358296
-0.0538751
-0.170658
0.473103
-0.28518
-0.131371
0.740923
0.267304
0.116707
0.0705207
0.0857467
0.179013
0.207726
1.79276
0.0344999
0.552028
-0.12711
0.0419656
0.106821
0.202647
0.0295625
0.0890418
0.0828169
0.112642
0.00431663
-0.441238
4.77182
-0.0124017
0.0296314
0.106673
0.068684
-0.0517491
0.00725766
0.0974052
-0.201438
-0.105382
0.0862401
0.37305
0.0134176
-0.00292106
0.0825237
0.151066
0.327079
0.158543
0.0301513
0.022902
-0.155748
0.0420601
0.145841
0.0133861
-0.0269238
-0.146793
0.746106
0.153086
0.123639
0.0841592
-0.174635
0.0100898
0.130418
0.0648212
0.00244241
0.0346501
0.0228964
-0.0848941
-0.200815
0.0533409
0.035789
0.281304
-0.00623515
-4.44479
-0.01544
-0.00338238
0.0734594
-0.105792
-0.0981395
-0.0152291
-0.188965
-0.194406
0.200241
0.177788
1.1225
0.00886952
0.132366
-0.106003
-0.0266259
-0.017736
-0.121951
-0.493722
0.499548
0.865157
-0.13165
-0.509519
-0.0569259
0.0115179
-0.110169
-0.0313377
-0.0459911
-0.0653121
0.197028
0.119295
0.130253
5.93614
0.182899
-0.0109641
0.0824142
0.0055034
0.0934015
0.337276
-4.16316
0.140504
-0.117972
0.38772
-0.0151368
0.382674
0.176993
0.0723146
0.0357236
0.214969
-0.162309
-0.124314
-0.484186
0.890945
0.0377181
0.0949715
0.0753855
0.147471
0.227139
-0.0117524
-0.0585044
-0.0239591
-0.0151722
0.513291
0.0328199
0.193665
-0.0427228
0.14479
-0.103253
0.127675
0.0674485
0.0508648
0.0121809
-0.0815535
0.230572
0.0162008
0.205611
0.195873
0.284777
-0.220811
-1.25336
-0.404377
0.271437
0.0794997
-0.137315
-0.622448
0.0291782
0.0447588
-0.0075448
-0.0896864
-0.276098
0.191365
0.155509
0.00987019
0.0722823
0.222087
-9.83969
0.00931241
-0.0392266
-0.0844224
-0.0463136
-0.0659944
-0.25943
0.138901
-0.244298
0.0875136
0.527619
1.91225
-0.00468473
-0.0410153
0.0102138
-0.170946
0.0235444
-0.0509055
-0.0273451
-0.615951
0.892545
1.18005
0.482779
-0.000277266
0.0911502
-0.0605287
-0.0120736
0.013893
-0.100693
-0.10081
0.384232
0.356474
0.632606
4.17988
0.38499
-0.0165127
0.0103738
-0.0957426
0.0856958
0.309442
-2.39801
0.258328
0.13754
-0.256347
-0.153508
0.12258
0.321839
0.474296
-0.237529
-0.128959
-0.167529
-0.619385
1.84211
-7.21713
0.154256
-0.161404
0.128484
-0.167333
0.21
0.0887361
-0.138557
-0.0345097
-0.193942
-1.14462
0.140381
0.703245
0.243883
0.262383
-1.1269
0.519976
0.105679
0.296222
-0.0939858
0.147113
-2.04998
-0.310319
0.00707348
-0.0842658
-1.389
0.899601
-1.322
-4.27245
0.12392
-0.195802
-0.188162
0.331474
0.0455216
0.30883
-0.350891
-0.116953
-2.69397
-2.73614
-0.0459266
-0.195188
0.236699
0.367384
9.18712
0.136702
0.569218
0.018758
0.0582589
0.144548
0.122978
-0.433015
-0.25003
-0.446242
-0.375357
3.06446
-0.22348
0.157513
0.642137
-0.00641793
0.0108841
-0.0619514
-0.329822
-0.186532
-0.735705
1.78208
1.31133
0.57041
-0.204485
0.229495
0.752739
0.158998
0.165428
-0.101068
0.715972
0.65914
0.465636
0.301935
1.59812
0.799299
3.01683
2.40228
3.72752
1.86724
1.34707
2.88488
0.28829
0.456379
0.0727044
1.12354
-0.0846644
0.194479
-2.03267
-1.27736
-2.3195
0.667317
0.769206
2.43537
14.8246
1.0879
0.167032
0.451528
0.690681
-0.862839
0.590793
0.329558
-0.59857
-0.203608
3.21096
1.87818
-0.471628
-0.889369
0.375924
1.38415
2.65272
-0.127822
-0.322071
-1.50482
0.0485214
2.58208
-0.540986
-2.41643
-0.485179
0.901579
1.84892
2.84481
1.56515
0.401815
-2.4266
0.0578438
2.96712
2.1448
-2.87243
-0.870863
1.79884
2.52884
1.41993
1.64718
-1.02201
-0.291969
0.643116
10.3053
1.53798
-2.20289
-2.55704
1.56058
1.87995
1.87794
0.124737
-0.121042
-0.193456
1.16071
0.762168
2.45847
-1.51224
-2.06763
-0.296123
0.97328
1.2651
0.0636439
-0.0679646
0.333553
1.19579
0.271532
2.30543
1.82715
-0.411724
-2.27908
-2.65415
-1.53231
-0.612051
-0.212343
1.51821
2.47928
0.41167
0.289452
1.39254
-1.02756
-1.99402
0.113749
0.103379
-0.239524
0.0302537
-3.37894
0.273653
0.366173
-0.105407
-1.03461
0.299003
-0.280776
0.349952
-0.00497653
0.830802
-0.271534
0.285077
-4.86024
14.1163
0.949863
-0.151676
0.0848499
-0.128142
-0.326127
0.0770801
0.134342
0.0243654
-0.018267
0.0187492
-2.64997
-0.150378
0.00101677
-0.0227769
0.0333963
-0.0611911
-0.392462
0.366287
-0.34132
0.268982
0.144124
-3.03476
0.365679
-0.0879983
0.445523
0.502329
2.13084
-0.383308
0.0280772
0.00560701
-0.0918926
0.678598
-0.443268
-0.382089
0.0313983
-0.207659
-2.79501
-0.414077
-0.0102073
0.257986
0.369222
0.107064
9.32581
-0.19366
-0.00351005
-0.104206
-0.575583
0.0600909
0.00208564
-0.251028
0.0166533
-0.371324
-0.179961
0.711566
0.0518849
0.319569
-0.15077
-0.206052
-0.0185143
-0.176378
-0.331218
0.0665862
-1.56147
-0.535769
0.262088
1.00539
-1.16109
-0.108039
-0.317971
-0.0374876
-0.00563712
-0.16831
0.205803
-1.96486
0.930334
0.273653
0.0848982
0.121309
-1.47348
-0.0279487
0.181337
0.0084307
0.0107217
0.233439
0.0679809
1.09902
0.179575
-0.122446
0.139601
0.0308758
0.112569
0.0596569
0.107198
0.0979596
0.0365265
0.0122961
0.0919852
0.781098
-12.6835
-0.0682446
-0.0371938
-0.0271679
0.0438598
-0.00308948
0.0516339
0.240455
0.0796632
0.149679
0.0036157
-0.587824
0.0134393
0.0244407
0.0660757
0.0481432
0.11735
0.196406
-0.191061
0.00838482
-0.0594677
0.0545752
-0.0278754
-0.23368
0.123902
0.0182186
0.1695
0.440682
0.191124
0.0756334
0.0823194
0.168284
0.313669
-0.320104
0.109653
0.142787
0.174254
-0.67344
0.0396012
0.0692803
-0.0748056
0.0914292
0.0311543
-12.7842
-0.148151
0.157914
-0.0319762
-0.084037
-0.103714
-0.0586683
-0.00714391
-0.138359
0.13511
0.183175
0.226887
0.136399
-0.121375
-0.23185
-0.224336
-0.0517917
0.167178
0.0947944
0.119653
0.0917696
-0.0257419
0.169312
0.87112
0.648156
-0.747195
0.0496534
0.0386925
-0.0976441
-0.10274
-0.0866891
-0.198591
8.66333
0.179575
90.7122
-0.490405
-0.198826
1.39965
0.0142762
0.106057
0.104203
0.146819
0.0946206
0.130628
0.652166
0.0311049
-0.552888
-0.41643
-0.0996299
-0.0366125
-0.0867464
0.276077
0.00860946
0.0923414
0.0877617
0.0615169
-4.9071
-30.7139
-0.0141866
0.0416075
8.95504e-05
0.111103
0.0517729
0.022608
0.0087316
0.14451
0.0782968
0.264562
0.102957
0.0719989
0.0111238
0.0142514
0.0672797
0.0145787
0.130678
0.0710882
0.117154
0.0642454
0.0236737
-0.0148884
0.00930234
-0.102058
0.0473358
-0.266941
0.939322
0.101949
-0.0295402
0.0450125
-0.0185836
0.156908
-0.0940149
-0.106964
0.191848
-0.0982119
-0.157421
-0.0346052
0.112735
-0.00220828
0.00391637
-0.0214433
3.22604
-0.144584
-0.0559871
-0.0680104
0.018648
-0.231812
-0.0471949
-0.0444894
0.0265531
0.122682
0.018368
-0.449548
-0.0152728
0.0635991
-0.192642
-0.232146
-0.0025095
0.104498
0.0929695
0.0611591
0.146401
0.0601867
-0.354722
-0.0956765
0.633336
0.227143
-0.379772
0.0570132
-0.0378027
-0.10144
-0.121624
-0.0902218
14.8753
0.0311049
-13.4422
0.633798
0.168066
0.634511
0.966649
0.00175123
-0.0369152
0.156406
0.177957
0.207544
0.309479
-0.641641
-0.0651562
-0.455191
-0.249232
0.198136
0.0635811
0.132026
0.0881776
0.0640641
0.186894
0.149549
0.155313
0.87397
6.57802
0.118939
0.075044
0.0586464
0.106062
0.0674583
0.021471
0.0806751
-0.0334946
-0.0808103
-0.0762301
-0.261868
-0.0265217
0.0396006
-0.0942394
0.0470403
0.189613
0.119697
0.0553095
0.0759106
-0.0430468
-0.101279
-0.025352
-0.0499613
0.0183508
0.0915961
0.262464
-0.533728
0.112844
0.0346938
-0.0527509
0.247659
-0.166699
0.0246889
-0.0822002
-0.0393908
0.0765555
0.381217
0.136091
-0.0308165
0.122868
0.0382444
0.00620737
11.8378
-0.0261223
0.0409093
-0.0242832
-0.034727
0.0394542
-0.0182174
0.0546668
0.0403615
0.079465
0.0579532
-0.693635
-0.180597
-0.0227243
-0.0204087
-0.253171
-0.165934
-0.00553014
-0.0860436
-0.051974
-0.00864688
0.237362
0.0630214
-0.393052
-0.156563
0.35043
0.0924149
-0.251175
0.00168719
-0.0674415
-0.0309475
-0.0177001
-2.0442
-0.0651562
-5.20966
-0.0834103
0.851107
0.039065
0.165472
7.26484
0.263903
0.138968
0.26605
0.0983739
0.172796
0.105721
-0.172169
-0.0840738
0.189399
0.42496
0.225078
0.219439
0.150431
0.253774
0.0815448
0.286149
0.0566724
0.139237
-5.64418
-22.2983
-0.144438
0.0565755
0.032927
0.164246
-0.084496
0.0908907
0.0556213
0.157631
0.152652
-0.0627004
0.130557
-0.00608977
0.0498389
0.110982
-0.0449661
-0.0120638
-0.0380222
0.157339
0.0499331
0.0991443
0.167681
0.11458
0.0798097
0.0202382
0.038531
0.15185
1.22321
0.160405
0.035214
-0.0479675
-0.111485
0.0188989
-0.00716972
0.0199716
-0.0384031
-0.00216386
0.291545
-0.181692
-0.114935
0.129819
0.115546
-0.0197607
1.49462
-0.0394262
0.0539309
0.0100169
-0.0912844
-0.183457
0.0568681
-0.140735
0.0233079
-0.0933306
-0.00163254
-1.75335
-0.137366
-0.125385
0.0271971
-0.0685507
-0.276552
-0.264002
0.0849954
0.0822744
-0.105928
0.0647209
0.161145
-0.228246
0.00964784
-0.127585
0.047829
0.0984137
0.243967
-0.0695459
-0.0565857
-0.301042
-0.6033
-0.0840738
-27.6855
-0.152267
-0.218835
0.728588
0.261663
0.147082
5.16788
-0.0260175
0.18655
0.130345
0.170453
0.0991683
-0.0263412
-1.2299
-0.0365733
-0.568895
0.473898
0.148005
0.156235
0.073145
-0.0206001
0.163122
0.157641
0.00915773
-0.0550179
-1.82723
17.9736
0.341768
0.0592874
0.039272
0.059775
-0.0380005
0.0688126
0.100016
-0.0220573
-0.0622232
-0.0977243
0.0285141
-0.0943049
0.0959574
0.156392
0.124659
0.0458412
-0.109193
0.0191688
0.0267296
0.0209559
0.115787
-0.0309691
0.0761279
0.197604
-0.104581
0.323272
-0.217044
0.129657
-0.080706
-0.0502247
-0.154625
-0.036902
0.108796
0.0405428
-0.0933278
0.354251
-0.240478
0.0896138
-0.111119
0.131599
0.0591262
0.117995
-12.0297
-0.126282
0.0142209
0.0181271
0.0820173
0.150161
-0.077357
-0.074662
0.0118078
-0.168766
-0.150273
-0.6349
0.0730619
0.0408753
-0.0627824
-0.0226901
-0.17565
-0.250967
-0.130886
-0.0515184
0.0394327
-0.187678
-0.595632
-0.116078
-0.0734171
0.00102764
-0.130372
-0.0828093
0.104135
0.534477
-0.0185077
-0.0313119
-1.14074
-0.0365733
-9.58826
-0.101472
-0.0797782
-0.222679
0.680827
0.832183
0.0346796
2.43247
0.296573
0.124813
0.118695
0.0478084
0.0652084
-0.163449
1.89311
0.0586067
0.620196
0.122554
0.190637
0.0418778
0.070369
0.33025
-0.00816514
0.186723
0.068826
0.00972983
-3.48766
-0.798627
-0.135337
0.161665
-0.0823627
-0.0121973
0.0541956
0.169539
0.0580946
0.0465784
-0.0249905
-0.01074
0.381261
0.198504
0.0584297
0.0393471
0.024616
-0.123562
0.00115193
0.00011027
0.00758122
-0.0641438
-0.293567
0.0180893
0.0425675
0.0418343
0.182374
0.0868075
-0.114616
0.0224718
0.0289074
0.0482542
0.0352621
0.00675736
-0.00437283
0.079405
0.044115
-0.013628
0.0621537
0.000486012
0.089312
-0.0290168
-0.109485
-0.139994
14.6092
0.0767359
-0.0282376
-0.0356993
-0.0125418
-0.158313
0.0818842
-0.116488
0.0516369
0.00784316
-0.112976
-0.297235
-0.205279
-0.0618111
-0.0264569
-0.0303985
-0.0920519
-0.217512
-0.138706
0.123856
-0.0374895
-0.183673
-0.455382
0.048195
-0.0374523
0.0151285
0.0431519
0.00737539
-0.335209
0.0909443
0.636882
0.0477482
-7.64376
0.0586067
10.5147
0.0309109
-0.0559427
-0.0861035
-0.239025
0.614684
0.0716634
0.168518
6.14069
0.0015471
0.192776
0.159031
0.066148
0.109697
-0.184798
-1.23463
0.15301
0.427872
0.380943
0.0596263
0.165785
0.212698
0.168459
0.104555
-0.158726
0.202865
0.291847
-0.395504
24.7895
0.253892
0.110748
-0.0511308
0.132782
0.0649411
0.00121985
0.221728
-0.0661239
-0.0586246
-0.522525
-0.00565273
0.131422
0.171855
0.0299962
0.129216
0.363484
-0.297738
0.0438681
0.139957
-0.172833
-0.562061
0.0566567
0.0148682
-0.0194852
-0.123668
-0.340334
0.393389
0.190782
-0.100218
0.0536055
0.081927
-0.0615801
0.16346
0.0676207
-0.0414357
-0.274149
0.0271341
0.0947484
0.00917556
-0.00164053
0.011494
-0.199589
-11.5084
-0.110024
-0.0155719
0.0268326
0.0450997
-0.0247804
-0.236808
-0.136775
0.0242508
0.0255227
-0.129638
0.690005
0.0774815
0.047784
-0.0098945
0.0185981
-0.213134
-0.103583
-0.19483
-0.321804
0.265594
0.144911
-0.0433343
-0.490677
-0.0578161
0.0574511
-0.0188305
-0.0213026
0.0255472
-0.478836
0.204375
0.821142
-0.363047
0.15301
3.00031
-0.141985
-0.0803905
-0.159834
0.0367793
-0.263429
0.588517
0.292083
0.575604
-2.13318
0.142981
0.107362
-0.0867777
-0.119145
0.24312
-0.233133
0.345656
0.233646
-0.0787129
0.0942954
0.295683
0.0841492
0.455249
0.113537
0.61834
0.0269293
-0.0657494
-0.178493
1.66915
19.6725
0.117461
0.283115
0.521202
0.020814
-0.0532861
-0.0875727
0.0190475
0.0895273
-0.0661173
-1.6354
0.684276
0.0330768
-0.194227
-0.0268431
0.163083
0.0552233
-0.281632
-0.121268
-0.292778
-0.231439
-1.83503
-0.0105721
-0.10619
0.0872061
0.0388791
1.46483
1.33906
0.0877626
0.0401045
0.0523673
0.282501
-4.23453
-0.119645
0.00560263
0.125277
-0.133842
0.384084
-0.236405
-0.10501
-0.475625
0.252013
-0.369528
-10.2751
-0.0479824
0.212728
0.0721437
0.233206
0.08708
-0.0241754
0.310648
0.275964
0.227862
0.283005
0.141879
-0.0326149
0.0583367
-0.169055
0.0406655
-0.0154089
-0.25641
-0.406275
-0.154927
-0.833381
0.846028
0.908214
0.982495
-0.142234
-0.00833265
0.00590555
-0.0128879
0.052586
-0.0107262
-0.723853
1.04619
17.3165
0.233646
14.4295
-0.147785
-0.190266
-0.0324399
-0.202929
0.0917754
-0.186118
0.97353
0.386769
0.2057
3.6652
-0.606648
-0.774072
0.270103
0.00639259
0.0450511
-1.76178
2.83571
0.264976
0.317928
1.10247
1.43555
-0.321489
0.379124
-0.456765
0.405598
-0.0507609
-0.712278
-2.83628
2.26175
-34.7098
-0.388605
0.550519
-0.121145
0.102063
0.253789
0.23216
0.147314
-0.306192
0.34868
0.676894
-0.320322
-0.68772
1.00801
0.423078
1.71781
-0.964084
0.321267
0.134027
-0.340732
-0.261604
-0.0677751
0.403357
0.506056
0.380594
1.86235
-0.456097
1.8299
0.353465
0.413593
1.06757
-0.971298
-1.81171
0.340067
-0.652743
0.831941
1.08506
1.59358
-0.0193765
-0.440571
0.219838
0.0988429
0.404394
-21.5135
-0.526546
0.396943
-0.263411
-0.121922
-0.255687
-0.75414
-1.23535
0.297525
0.225787
-0.224506
1.59753
-2.23944
-0.11912
0.0622316
-0.4732
0.189257
-0.138358
0.287574
0.193025
0.232856
-0.515158
0.894266
-1.26824
0.528475
-0.659499
-0.594023
-0.34265
0.562899
-0.306325
-1.05274
-0.209125
39.1192
0.264976
17.5205
-2.41511
0.262324
-0.144138
0.240575
-0.459505
0.127002
-0.317517
2.08463
0.465636
0.301935
1.59812
0.799299
3.01683
2.40228
3.72752
1.86724
1.34707
2.88488
0.28829
0.456379
0.0727044
1.12354
-0.0846644
0.194479
-2.03267
-1.27736
-2.3195
0.667317
0.769206
2.43537
14.8246
1.0879
0.167032
0.451528
0.690681
-0.862839
0.590793
0.329558
-0.59857
-0.203608
3.21096
1.87818
-0.471628
-0.889369
0.375924
1.38415
2.65272
-0.127822
-0.322071
-1.50482
0.0485214
2.58208
-0.540986
-2.41643
-0.485179
0.901579
1.84892
2.84481
1.56515
0.401815
-2.4266
0.0578438
2.96712
2.1448
-2.87243
-0.870863
1.79884
2.52884
1.41993
1.64718
-1.02201
-0.291969
0.643116
10.3053
1.53798
-2.20289
-2.55704
1.56058
1.87995
1.87794
0.124737
-0.121042
-0.193456
1.16071
0.762168
2.45847
-1.51224
-2.06763
-0.296123
0.97328
1.2651
0.0636439
-0.0679646
0.333553
1.19579
0.271532
2.30543
1.82715
-0.411724
-2.27908
-2.65415
-1.53231
-0.612051
-0.212343
1.51821
2.47928
0.28829
19.2472
0.791872
2.61683
-1.49808
-0.268277
-0.946609
1.18413
1.63572
1.25767
1.14832
0.462365
0.300557
1.57046
0.280899
-0.873382
-0.751422
-1.90067
-2.68984
0.351742
2.65028
0.28686
0.433013
0.0498036
1.00132
-0.586351
-1.80068
-0.361224
2.53922
1.99722
2.16986
-0.660444
2.26129
14.5672
0.156812
-1.30284
0.0340547
-0.468729
3.68057
-2.23498
-2.17174
-0.580294
-0.235948
-2.18661
1.15007
-2.05642
-0.20278
0.364584
-0.124899
-2.68017
-0.23115
-1.69019
0.246747
-0.0795623
-1.42706
-0.572695
-0.134335
-0.192252
-0.0213598
1.37905
-1.07241
-1.27233
-0.41201
2.78295
-1.69321
-1.23819
-1.39138
0.166603
-1.4898
-0.339774
1.56088
-1.54307
-1.018
1.85421
0.0784955
0.235195
10.2542
-2.38553
0.583182
0.69693
1.12569
-1.97598
0.184789
2.40012
-0.636584
-1.35156
0.337347
0.757599
-2.16403
0.220319
-0.626481
-0.120176
-0.292054
2.9555
0.160697
-1.8733
0.0787463
1.12053
0.271119
-0.197735
-0.460218
0.504016
0.142174
2.62203
-0.456115
-2.62741
-0.604151
0.786479
2.39045
0.28686
22.827
0.317872
0.468814
-0.409568
-2.98249
-2.55994
-1.38326
-0.251703
1.23775
1.13193
0.28686
0.410036
0.288004
1.41453
-0.886308
-1.34608
-2.42062
0.107698
0.251344
0.0635253
-2.11535
0.270083
0.392242
-0.0214746
-1.8056
0.0801168
-0.0164801
0.378895
0.267172
3.35644
0.766093
0.0812648
1.52207
14.145
-1.75959
-0.193446
0.0653847
0.677614
-0.0425733
-0.141242
0.341864
0.123568
0.938034
0.284576
-1.55152
-0.535397
-0.179868
0.0115964
-0.0874059
0.187715
0.168091
0.305495
0.0883931
-0.201965
0.288308
-1.30582
0.265242
-0.0689886
0.0793117
-0.812467
-0.691218
0.186769
-0.0275762
0.302249
0.418608
0.646145
0.198663
-0.198421
0.112327
0.0228845
0.339276
-0.0801007
0.10658
0.645632
0.126503
0.189124
9.53118
-0.920388
-0.13046
-0.0428701
-0.661131
-0.371415
0.358307
-0.136615
0.0310553
-0.421037
-2.40871
0.717706
-0.0172589
-0.0762731
-0.0933253
0.00896516
-0.0673012
0.0731053
-0.261687
-0.347644
-0.0934847
-1.36209
0.262873
-0.061395
-0.555538
-0.335153
0.307489
-0.0755756
-0.037963
0.137488
-0.0838303
-2.3458
0.2021
0.270083
5.12288
1.12681
-0.289216
0.0181429
-0.236857
-0.344967
-2.48434
-2.25969
1.09331
0.950531
0.270083
3.03188
0.243883
0.232277
0.428862
-0.154431
-0.29491
-0.271858
-0.0355009
-0.0505233
0.0784306
-0.559927
0.242624
0.25808
-1.41646
0.348158
-0.18179
-0.0219381
-0.00910279
0.474749
1.10794
0.084288
0.0943906
-3.03523
11.7547
-0.182687
0.309113
0.223281
-0.0393258
0.104059
0.1672
-0.0427713
0.0287702
0.0982788
0.0606315
-3.05616
0.10004
-0.0160535
-0.146608
0.103785
0.110774
0.134854
-0.0233743
0.0185821
0.158149
0.280783
-0.0765063
0.0540322
0.144694
-0.0732995
-0.243041
1.24835
-0.154661
0.123565
0.107965
-0.0149172
-0.140962
-0.0323636
-0.145252
-0.216307
-0.175775
-0.0813424
-0.582113
-0.0913408
0.183443
0.0378297
-0.0728474
-0.614798
-0.286234
-0.093784
0.258321
-0.196092
-0.0204414
0.0438078
0.072587
-0.180466
0.00641122
0.182097
0.604502
-0.264441
0.031426
-0.0388665
-0.0460296
-0.0463611
-0.124463
-0.140114
-0.0765603
-0.237663
0.74864
0.231561
-0.140787
-0.0063988
-0.304791
-0.248225
0.0713437
0.022701
-0.13269
-0.109306
0.0106188
12.4807
0.242624
-11.0028
0.563012
0.230585
0.236617
-0.0307349
-0.147421
-0.320531
-0.193194
-3.37429
-0.275972
0.242624
-0.599467
1.73701
0.00355592
0.155935
2.63601
-0.574411
0.0209265
-0.0991147
-0.0481021
0.0534774
-0.0712202
-0.0976639
0.218492
0.163177
0.0958624
-0.0855448
0.124718
0.12043
0.166739
0.201711
0.260016
0.185512
0.0502812
2.70166
-7.53671
0.211429
0.167921
-0.0711311
0.12533
0.151833
0.0245357
-0.0175271
0.0468601
0.0407939
0.11023
-0.0507652
-0.0373397
0.128875
0.0930914
-0.0553004
0.0834352
-0.185096
-0.0116876
0.177706
0.0286583
-0.147311
-0.00873198
0.0257085
0.00830239
0.00779217
0.28517
-0.921672
-0.137781
0.062688
0.166793
-0.00078338
0.079755
0.136271
0.0179655
0.00186772
0.0942932
-0.358099
0.144118
0.13958
-0.0211475
-0.104661
-0.0064884
3.14153
-0.149234
-0.094173
-0.112778
0.0749439
-0.0804504
-0.0411555
0.045715
0.0868631
-0.07941
-0.353895
0.217169
-0.130697
-0.0350211
0.0649146
-0.0238995
-0.103376
-0.0354206
0.0228098
0.0165362
0.0810073
0.529156
0.137909
-0.349554
-0.113275
-0.0228085
-0.280206
-0.149572
0.0875399
-0.00736867
0.0668517
0.115054
-21.775
0.218492
-1.54246
0.135335
0.432159
0.101463
0.304306
-0.0499228
-0.100885
-0.204264
1.05456
-1.36703
0.218492
-0.234712
-1.33872
0.2599
-0.14508
0.0947026
-3.13489
-0.102125
-0.195353
-0.0247098
-0.0908465
-0.0762854
-0.136623
1.96925
0.200191
0.160608
0.633162
0.0353355
0.0241047
0.0969538
0.329214
0.101187
0.128482
0.00223582
0.0682107
1.58394
1.8493
0.0212572
-0.0413575
0.0173668
0.0795321
0.163771
0.0218884
-0.0453873
0.156443
0.11371
0.141652
0.151551
0.114381
0.0354804
-0.00261471
-0.0913333
0.0790515
-0.00625822
-0.0953221
0.00370956
-0.00460269
-0.138208
0.119654
0.0321495
0.0386715
-0.055593
0.208321
-0.99449
-0.0391464
0.106902
-0.0151033
-0.00797551
0.0798814
-0.116
-0.00062901
0.00427241
0.0580151
-0.0172055
0.0159654
0.0640079
0.0363055
0.065938
-0.132282
-5.66259
0.058285
0.0479501
0.00813897
-0.0488036
0.00221806
-0.0705104
-0.00146657
0.0519752
-0.0104368
0.363694
0.229752
-0.390223
-0.0652378
-0.0317381
0.0429518
-0.129667
-0.0701748
0.0123307
0.0426814
-0.17684
0.0938623
0.420724
-0.10753
-0.12439
-0.0319258
-0.035837
-0.282601
-0.0504011
0.00010028
-0.0832137
-0.299054
-27.1199
0.200191
-31.205
-0.207918
0.0255797
0.27624
-0.185459
0.400287
0.0397788
-0.0721722
-2.3096
2.38582
0.200191
0.227179
-2.04871
-0.106535
0.248862
0.0322126
0.160886
3.79602
-0.455429
-0.140332
-0.0674274
-0.0153044
-0.0917205
-0.263106
-4.57615
0.230854
0.706333
0.339576
0.190578
0.158745
0.181194
0.331036
0.164102
0.0318268
0.00787518
-0.0259963
0.680181
0.150006
0.0843589
0.0623492
0.114882
0.171686
0.105611
0.0288136
-0.0128237
0.0179975
0.0187794
0.0948629
-0.0993396
0.0359232
0.0307359
-0.103891
0.113606
0.140634
0.0293271
0.0692032
0.00176142
-0.0243172
0.321431
-0.120359
0.33086
0.0523134
0.0576464
-0.414307
0.0744379
0.0412691
0.0678269
0.114649
0.176573
-0.225844
-0.0371711
-0.0582618
0.0775922
0.0089675
0.165708
-0.0317785
0.0794862
-0.0636653
-0.00853724
-0.0686386
-2.64091
-0.11286
0.00689157
0.0900079
0.141329
-0.0677025
-0.252489
0.217505
0.143241
-0.0748871
-0.162997
-0.0160256
-0.0126185
0.0573785
-0.0357871
-0.00166202
-0.0567102
-0.00523589
-0.0391831
-0.0307233
-0.106962
-0.00634238
0.432299
0.213136
-0.0319431
0.00108798
-0.023729
-0.0977963
-0.242119
-0.181573
-0.014845
-0.11232
14.3843
0.230854
3.14041
0.0759364
-0.137109
0.0141147
-0.103229
0.143132
0.482592
0.0490971
-1.32213
0.441294
0.230854
0.568714
-0.731317
0.287775
0.0122861
0.187928
0.328024
0.204984
-2.14518
-0.142719
-0.154016
-0.063859
-0.0966467
-0.197578
-2.03107
2.45549
0.256464
0.064701
-0.272012
0.18114
0.596318
0.264592
0.140383
0.0879229
0.226343
-0.0334269
-0.159333
1.55037
-16.003
-0.039193
0.141313
-0.115316
-0.13106
0.399472
0.149641
-0.0988364
-0.11256
0.188034
-2.47698
0.109937
0.0798294
0.134711
0.108182
-0.110032
-0.131841
0.133836
0.144529
0.168362
-0.0247064
-2.64771
0.294954
0.272004
-0.0673191
0.13829
-0.79178
-0.0497625
0.149485
-0.00148473
-0.021188
-0.0634629
-2.99434
-0.106474
-0.156825
0.050488
0.116675
-0.287114
-0.118975
-0.0876489
0.00375481
0.00618827
-0.465233
-11.6587
-0.0412869
-0.00581539
-0.142309
0.0953431
-0.103596
-0.551817
-0.125697
0.171215
-0.00161307
-0.156724
0.474496
-0.449154
-0.114901
0.062435
-0.202954
-0.0459704
-0.0394716
-0.0984339
0.0350611
-0.120742
-0.0585585
-0.0392209
-3.03054
0.106954
-0.222885
0.030775
0.0211574
-0.16941
-0.120693
-0.13293
0.0212807
5.25156
0.256464
16.3185
-3.3324
-0.24803
-0.103617
-0.0170391
0.0422566
-0.210883
0.546909
0.797374
-3.02814
0.256464
0.678731
-0.0435696
-2.9341
-0.19405
-0.47084
0.214136
0.430227
0.254113
-3.70514
0.716631
-0.279757
-0.151035
-0.0868406
0.569395
-1.19254
2.82593
0.277651
0.386629
-0.706152
-0.538494
0.351152
2.61208
2.76881
-0.596641
0.244712
-0.540376
-2.62924
2.19153
-15.9498
-0.134607
-0.235973
0.168797
0.176205
0.082499
0.605519
0.0517718
-0.279763
0.538943
0.427421
0.250897
-0.214211
-0.0204855
0.401814
-0.0729364
-0.444061
0.883538
0.267853
-0.318061
0.014694
-0.543592
-0.231731
0.432363
0.191675
-1.7321
1.64365
-2.37931
0.0665415
-0.190147
-0.288242
-0.0619553
0.0103414
0.375005
0.146546
0.235889
0.817021
-3.04626
0.321535
-1.25933
1.0857
0.0661105
-0.186777
8.04608
0.0620501
0.523929
0.151139
-0.220444
0.361901
0.360928
-0.367536
-0.585798
0.215169
-0.64155
1.03497
0.656304
0.054796
0.682319
-0.0193279
-0.19442
-0.118722
-0.183625
-0.0799599
0.458178
-1.00793
0.104667
-1.15057
0.10254
-0.326103
-0.295234
-0.0745639
0.13
0.0398852
-0.184779
0.23045
-21.3672
0.277651
18.5626
-1.25898
-0.109639
0.0862512
-0.0629704
-0.430571
-0.349891
1.20376
2.85888
-2.9184
0.277651
0.817179
0.740003
-1.31116
0.476104
0.802552
-0.105534
0.612586
0.457928
0.27508
-3.26654
1.67428
0.350354
-0.302568
-2.7258
-1.70746
1.00794
2.87885
0.285827
0.441456
3.83419
-0.731095
-0.316512
1.38999
2.04768
1.36814
0.810927
0.290731
0.0380241
2.41049
-57.8867
-0.873251
2.76461
0.00835502
0.86894
-0.142597
0.243174
-0.90761
0.0568157
0.448957
2.72675
-0.330702
0.601544
0.416504
0.374681
-1.78122
-1.05948
1.04847
0.980916
0.201088
-1.05017
0.462703
3.35238
2.39971
-0.23893
-0.861218
0.683896
-1.7489
-1.23426
0.212963
0.102738
0.458812
1.73271
-0.160082
1.93227
0.0412722
-1.80458
-1.30027
-0.411903
-0.76532
0.0626885
-0.487759
-1.31589
8.72342
0.847111
1.71337
-0.245154
0.0268493
-2.47123
-2.23251
-1.34778
-0.0786017
2.35666
1.48736
0.328701
-2.34323
-0.316927
1.72244
-0.230234
0.153577
-2.21464
-3.25454
0.813432
3.1289
0.454152
0.146451
-0.873842
-1.8978
-0.304222
2.67617
-0.00977507
0.0640351
-0.709107
-0.482845
-2.16849
0.124015
0.285827
19.1707
0.188043
-1.90671
0.358281
-0.406623
3.06766
0.259193
4.13275
6.20645
3.64509
0.285827
0.878484
5.45408
2.38463
-1.98504
-2.41961
-2.02975
-2.86913
5.39768
0.465572
0.301659
1.59679
0.707925
-1.22802
-1.7743
-2.07397
-1.06655
0.0463148
2.88399
0.288219
0.456306
0.0715279
-0.965467
1.06004
0.436318
1.08071
0.132943
0.327565
1.51074
-1.35421
2.43285
14.8082
-1.67938
0.690519
1.27667
-2.18889
-1.102
-1.52839
1.98847
0.18026
2.49377
-0.64695
1.51683
2.10194
0.546839
-1.35174
0.0561542
-1.03827
-0.133212
-0.845978
2.18664
0.206516
-1.54842
-0.840453
0.529298
1.6886
0.58136
-0.271872
1.41111
0.264486
-1.52153
0.355551
1.43212
0.0723253
-1.8695
0.794825
2.04444
0.609381
0.904984
0.186656
1.21864
1.96049
-0.224061
-2.50622
10.3001
-0.908231
0.0673416
2.16334
-0.467935
-0.407191
0.223359
-1.46668
0.107154
1.7569
0.796506
0.761809
-0.0992446
1.87176
1.04372
-2.15014
-1.95501
-1.9493
1.7803
0.293658
-1.41447
1.18713
0.271446
1.49958
-1.3399
1.08666
0.528456
2.57959
1.38137
1.34409
2.54962
1.28905
2.4729
0.288219
19.2336
0.450618
-1.93423
1.52581
0.755488
1.83667
-2.41749
-0.591962
1.25347
1.14655
0.288219
0.886955
5.21456
-0.336823
-1.20193
-1.68225
-1.38786
-1.4551
3.59256
0.534234
0.465636
0.301935
1.59812
0.799299
3.01683
2.40228
3.72752
1.86724
1.34707
2.88488
0.28829
0.456379
0.0727044
1.12354
-0.0846644
0.194479
-2.03267
-1.27736
-2.3195
0.667317
0.769206
2.43537
14.8246
1.0879
0.167032
0.451528
0.690681
-0.862839
0.590793
0.329558
-0.59857
-0.203608
3.21096
1.87818
-0.471628
-0.889369
0.375924
1.38415
2.65272
-0.127822
-0.322071
-1.50482
0.0485214
2.58208
-0.540986
-2.41643
-0.485179
0.901579
1.84892
2.84481
1.56515
0.401815
-2.4266
0.0578438
2.96712
2.1448
-2.87243
-0.870863
1.79884
2.52884
1.41993
1.64718
-1.02201
-0.291969
0.643116
10.3053
1.53798
-2.20289
-2.55704
1.56058
1.87995
1.87794
0.124737
-0.121042
-0.193456
1.16071
0.762168
2.45847
-1.51224
-2.06763
-0.296123
0.97328
1.2651
0.0636439
-0.0679646
0.333553
1.19579
0.271532
2.30543
1.82715
-0.411724
-2.27908
-2.65415
-1.53231
-0.612051
-0.212343
1.51821
2.47928
0.28829
19.2472
0.791872
2.61683
-1.49808
-0.268277
-0.946609
1.18413
1.63572
1.25767
1.14832
0.28829
0.886092
5.49311
4.43473
4.06593
3.17378
5.49161
10.8856
3.59728
0.534435
0.639571
