0
0
0
0
0
0
0
0
0
0
0
0
0
0
0
0
0
0
0
0
0
0
0
0
0
0
0
0
0
0
0
0
0
0
0
0
0
0
0
0
0
0
0
0
0
0
0
0
0
0
0
0
0
0
0
0
0
0
0
0
0
0
0
0
0
0
0
0
0
0
0
0
0
0
0
0
0
0
0
0
0
0
0
0
0
0
0
0
0
0
0
0
0
0
0
0
0
0
0
0
0
0
0
0
0
0
0
0
0
0
0
0
0
0
0
0
0
0
0
0
0
0.148379
0.14555
0.186862
0.139823
0.167891
4.94376
0.11295
0.121969
-2.48166
0.25163
0.0948166
0.0632714
-0.389237
-0.551552
0.0481092
0.0972647
-0.0578663
0.00712858
0.461249
-0.190812
0.00244132
0.0964992
0.568633
0.04028
-2.90236
-1.09889
-0.40261
-0.0957978
0.117658
0.847379
0.0562615
-0.286384
-1.72465
-5.15124
-0.63299
-0.0791402
0.137936
0.0770782
0.21371
0.554678
-0.867629
-0.375144
-1.20363
-0.402911
0.109778
0.148391
0.200487
0.297648
0.660918
1.84535
1.79712
1.56034
0.288979
-3.51773
1.75378
0.145233
0.19805
0.140107
0.613461
1.60438
1.0901
0.564156
0.294498
2.01337
0.451565
0.249136
0.142435
0.0822905
-0.0171821
0.43925
-1.29515
-1.96888
-2.30082
2.81142
-0.823836
0.428779
0.242775
0.377463
0.135143
0.0112505
0.460658
0.401777
-0.425172
-0.346693
-0.268515
-2.77348
4.9746
0.253941
0.220783
0.108599
8.16541
0.116255
0.085276
2.61837
0.441449
-0.102756
-0.364653
-0.136017
-1.8592
-5.3934
-0.613398
0.172003
0.733538
3.11795
3.647
0.057866
-0.000571898
-3.10144
0.478233
0.596826
-0.295002
-0.518733
-0.727793
-3.00727
-1.2182
0.0598258
0.285991
2.42974
-1.59825
0.665707
0.00412518
-0.150549
-2.46978
-0.508667
-0.121006
0.716926
-0.109539
-0.49294
-0.201234
-1.8194
-0.0128583
0.216744
1.40875
-0.342055
-0.481114
0.315425
0.00888649
-0.67978
-1.10312
-0.684995
-0.546853
-0.239373
0.769851
0.300392
-0.502411
-2.40851
-0.050976
0.164002
4.18011
1.58552
0.240556
-0.197236
0.0305194
0.0368796
-0.282615
-0.89866
-4.63724
-0.51167
-0.417829
-0.308998
0.53454
0.470891
-0.655788
-0.717344
0.277501
6.92477
-0.534557
0.438265
-0.193118
-0.333732
0.0220033
0.0930531
-0.00933674
-0.255226
-1.27942
-2.39147
-0.245865
-0.549785
-0.325817
0.273486
4.6598
0.300374
0.145475
2.45638
0.245734
-1.21106
-0.202004
-0.220309
-0.299855
0.372427
0.128831
0.00214805
0.0915287
0.36463
-11.7395
-5.06242
-3.41277
-0.684123
-0.271257
0.274268
0.855489
0.663446
0.854506
0.698693
3.58408
0.75517
-0.339728
0.00271031
-0.379933
1.23875
0.147033
0.195947
0.286418
0.653163
1.66011
1.63479
1.39
-0.0414467
-2.48947
0.233445
0.0297237
0.0739557
0.60694
-0.141118
-0.24074
0.230217
0.27687
0.97126
-1.90437
-2.96129
6.94771
0.143611
-0.0708722
0.0864526
0.23985
-1.52867
-0.784248
-1.12283
-0.482914
-3.71344
0.411892
0.24637
0.34212
2.22729
-1.96647
-1.20101
1.97211
-0.0474893
-1.08896
-0.612856
1.80536
-9.16963
0.238473
0.140659
0.0724795
0.0139942
0.357447
-1.21714
-0.956837
-4.80707
1.7133
-7.77975
0.269539
0.237397
0.958107
0.0281355
-0.242377
-2.8649
-0.681093
-0.305657
0.178716
0.669032
-0.994279
-7.51767
1.7723
5.04321
0.134207
0.0625656
2.30392
-6.96985
-3.47334
-4.57923
0.238299
-4.71636
2.57131
-0.026928
0.221361
0.476077
2.51729
-0.370575
0.545498
-0.404664
-0.0117246
0.0158377
0.0219231
0.347825
0.643173
1.55272
1.41453
8.6098
0.118844
-0.00285891
0.31612
0.076515
-0.12762
-0.33442
-0.280519
-3.85933
0.337313
-0.914126
0.179607
0.294636
0.9216
0.78427
0.710485
-0.0178368
-0.0338884
-0.129512
-0.249744
0.753425
4.15524
1.11704
0.102185
4.96537
39.9439
0.0515242
-0.0169271
1.00451
-0.0593838
-0.118948
-0.125939
-0.28871
-0.159784
0.725621
-1.80514
0.0370506
0.0812872
-1.74929
-0.752809
-0.0965919
0.830494
-0.300121
-0.138928
-0.242217
-0.339897
-6.16567
0.520323
-0.200635
2.91651
-0.65178
0.892235
-0.0386235
-0.298156
-0.659516
-0.27498
0.0961293
0.106763
0.206248
-0.26254
-0.0103143
-1.18765
-0.112405
0.173866
-7.38055
-0.908899
-0.22672
-0.179819
0.750557
0.288894
-0.169108
-0.202147
-0.245273
0.244535
0.566022
0.112065
1.87938
-0.0600923
-0.0625962
-0.0152402
-0.335723
-1.24138
-0.173494
-0.0987374
-0.0583605
-0.00841808
0.190607
-0.0337421
-0.50211
-0.4219
-0.338756
2.07432
0.20359
-0.880159
-0.257321
-0.454636
0.972299
0.603044
-0.560791
-0.13609
-0.42871
0.697656
-0.0116447
10.8037
0.212971
-0.1627
-0.322606
0.0546456
0.502703
-0.77445
-2.94527
-5.67476
-0.156744
-0.190545
0.0552724
0.272007
-0.913743
0.239961
0.0445583
-0.397277
0.599167
-0.662781
-0.350825
-0.208211
-0.539289
0.852428
1.40058
4.69706
1.38084
-0.244194
2.44607
3.00722
0.760231
-0.0859872
-0.15978
0.282194
0.117289
-0.351187
-0.0290991
-0.362559
5.72813
-1.20293
-0.174965
-0.371051
0.136959
0.712152
0.495363
-0.0732408
0.263252
1.90752
0.495293
0.0874721
0.151285
-0.180461
-0.55939
0.833607
1.15296
1.97745
-0.413406
-0.486244
-11.2061
-0.340099
0.878714
-0.139439
-0.224029
2.67882
0.142394
0.127566
0.253165
0.475746
-1.63815
-2.8314
-0.104764
-0.748227
-0.21103
1.32165
-0.448631
0.103686
0.590996
-0.666623
-0.19727
-2.15495
-1.51665
-3.6708
0.0257894
-0.44007
0.235073
5.62161
-0.147691
1.12191
6.38394
-2.27845
-2.14345
-3.10245
-1.17917
2.6189
11.6715
0.148502
0.201618
0.299053
0.663285
1.87297
1.82818
1.58468
0.569543
2.17015
0.456981
0.251972
0.109801
0.680732
0.762567
0.0578918
1.44252
0.482059
0.716612
0.120539
0.0294951
1.29499
0.28433
0.144608
0.279958
1.78589
-0.0230956
0.421391
0.233561
0.678266
0.113879
1.05435
0.286394
0.146652
0.0409871
0.231821
-0.103108
0.366644
-0.0465155
-0.77267
0.634209
-0.219294
0.407847
0.248855
0.0537087
-0.660493
-2.03525
0.125883
-6.29901
-2.27284
1.0003
-1.20356
-0.604955
-2.87997
0.251216
3.42115
1.88887
-8.25208
0.452732
0.412421
1.49112
4.33995
3.84593
0.227899
2.81398
0.146652
0.145429
0.0758543
0.191362
0.0237597
0.337876
-0.289876
-0.250259
-2.67397
-0.716317
0.438705
0.246822
0.0224667
0.786791
-6.66192
-1.03939
0.0443603
0.513543
0.704043
-0.14272
0.431907
1.19152
0.249253
1.75578
5.52055
-10.5762
-0.758792
0.238952
-1.89586
-0.0185232
0.760207
-8.19155
3.06248
0.145429
1.05678
0.139858
0.171162
0.149885
-0.538174
-5.07024
-0.716855
-0.428697
-3.81872
-3.16461
0.341678
0.238524
0.387976
-0.267084
0.544274
-3.1727
-0.120488
-0.429219
-0.0741362
0.177002
-0.542714
-1.4526
0.190933
0.361211
-4.25632
11.3397
-0.00280185
-0.15925
2.01453
-0.143827
0.0545612
6.38198
6.85917
0.139858
0.358751
3.0799
0.131341
0.132055
0.96445
-0.26137
-0.042366
0.167164
-0.877493
0.345953
-2.00896
0.134082
0.215411
0.215947
3.88127
0.0106516
0.156894
-0.379091
-0.196601
-0.46078
-0.386286
-0.717262
-8.75613
0.0293902
-0.0732321
-1.55715
-1.50896
1.11274
0.45092
0.124812
0.698784
0.671573
0.667506
6.22914
0.131341
0.0174853
0.600955
7.10412
0.0484359
-0.0297194
1.25952
0.00544647
0.0404685
0.136831
-0.0682285
-0.0391877
-0.118273
1.44683
0.0339497
0.115637
-0.666777
0.653637
0.0525235
0.00605695
0.0120901
-0.159662
-0.108106
0.191626
-0.729117
0.587493
-2.33336
0.783181
-0.297288
-0.3936
0.838191
-0.182935
-0.195313
-0.513177
-0.333769
4.41376
0.0484359
-0.0994026
1.37896
0.304087
0.806816
-0.0907442
-0.833915
-1.06615
-0.0528875
-0.0357655
-0.123835
-0.0516147
-0.0928282
-0.136683
0.193321
-0.517066
-0.405483
-0.253351
0.216989
-0.137503
0.230868
-0.185775
0.178038
-0.0689346
-0.011832
0.0538574
-0.738614
-0.869494
-0.84199
20.54
-0.466747
-0.126232
0.755426
0.762755
-0.252178
0.0169834
3.76946
-0.0907442
0.00518079
-1.06671
2.89653
-0.512915
-0.250544
-0.0018161
0.291666
-0.990917
0.246046
-0.15321
-0.104839
0.011703
-0.0305127
5.24113
-2.13416
0.20974
-0.0879391
4.31725
0.100101
-0.235035
0.0837157
-0.163115
-0.111977
0.528455
-1.08265
-6.24631
-3.25348
-0.441539
0.16352
12.7322
0.019659
-0.136322
-0.341086
1.21077
0.686158
-2.11295
3.60758
-0.0018161
-1.1704
0.505506
2.14815
-0.562196
-0.0320765
-0.683889
0.101238
1.01505
-0.128803
0.145072
-0.28958
-0.202374
-0.0374389
-0.115167
-0.0705318
-0.559893
0.430268
0.0423904
3.41284
0.96241
0.408526
-0.393663
-0.193603
-0.190317
-0.380923
0.423315
0.243362
0.527658
3.24009
2.01546
24.9177
-0.497295
0.12652
-0.063242
-0.680069
1.18032
0.978361
4.14712
0.101238
1.25753
1.19913
-1.19746
-0.764646
0.0337596
-0.247208
1.48961
0.138878
-0.0572052
0.2143
0.175041
-3.56209
0.233956
-3.52841
0.118576
-0.52482
-0.818821
-0.374115
0.0797992
2.67188
-3.81114
-1.44295
-7.36312
-1.57583
0.3715
0.149284
-0.342782
-0.260797
-1.93642
1.76761
1.28607
7.00604
0.036634
-0.543951
0.474799
-0.0178221
-2.46127
3.63754
13.1843
0.138878
1.28968
0.0901477
0.336657
-11.0923
-0.110164
-0.104141
-1.87067
6.63463
0.148205
0.200114
0.296674
0.558327
0.29508
3.19355
1.05506
-0.678053
2.15276
0.451343
0.251299
0.106601
0.660033
0.690178
0.0512642
0.451976
6.12676
-2.64081
-1.79546
-1.23516
0.756505
0.26055
-0.0962555
1.20944
6.62771
0.39284
-0.326548
1.52306
0.860776
0.125141
0.800065
3.09416
0.148205
0.868017
0.226885
0.293813
0.829927
-1.02515
1.484
1.44976
-2.9601
36.522
0.148502
0.201618
0.299053
0.663285
1.87297
1.82818
1.58468
0.569543
2.17015
0.456981
0.251972
0.109801
0.680732
0.762567
0.0578918
1.44252
0.482059
0.716612
0.120539
0.0294951
1.29499
0.28433
0.144608
0.279958
1.78589
-0.0230956
0.421391
0.233561
0.678266
0.113879
1.05435
0.286394
0.148502
0.0919677
0.258751
0.311139
1.55466
-0.204507
0.840282
0.335171
-0.0567796
1.33289
0.153701
0.147537
0.198214
0.265847
0.237239
1.29647
1.38591
0.537203
-0.84812
3.64718
0.451156
0.251091
0.090654
-0.527749
-1.81122
1.81267
0.524509
0.0124716
2.32275
0.944082
2.90016
1.24044
0.281758
-0.608284
-0.252177
-17.1354
0.179271
0.671663
2.08591
2.23308
-4.99775
1.03771
0.278251
0.147537
0.637304
0.522638
0.633485
1.70934
-0.0946618
-2.42428
0.0695782
-0.0582246
-3.9355
0.152521
0.147537
0.147285
1.09028
0.251358
0.143471
1.09905
-1.58659
-1.11597
-3.07833
-7.95649
0.44382
0.250086
0.0898704
-0.579089
-1.87494
1.12311
-3.03799
-2.71728
1.75694
-0.164377
1.10918
0.138628
0.278968
-0.634544
-0.519997
-45.9211
3.198
0.691538
1.18168
0.0515039
-1.62593
6.18125
0.217975
0.147285
0.619106
1.38911
0.887958
3.14098
-0.386564
0.163331
-1.09002
0.268745
-4.1716
0.151646
0.147285
0.491684
0.147289
0.192254
0.25139
0.215699
0.442689
-1.26473
-1.08434
2.69491
3.14859
0.448022
0.250068
0.0905122
-0.61696
-1.96281
1.77174
-1.44652
-1.39394
-0.000104075
1.22937
-0.639793
1.23919
0.27966
-0.620076
-0.286457
-17.7072
-0.0878329
-0.94796
-3.89788
2.30254
1.135
-5.8266
0.262529
0.147289
0.631949
0.469159
2.59075
-0.0579666
-3.82783
-0.422981
0.0772455
-2.56221
-3.9651
0.152116
0.147289
0.494776
0.536577
0.136539
0.16664
0.496184
0.505132
0.0565198
0.553172
0.297937
0.167667
-0.464416
-1.04162
0.225376
0.245868
5.05406
-0.806041
-0.304727
-0.405328
0.0834221
-0.277009
-1.1558
0.0338264
-5.9239
-0.0583383
0.253988
-1.66429
10.0962
-0.0209067
0.66133
0.17586
-0.0743915
-1.25549
1.21604
-0.90541
0.136539
-0.837379
-2.1507
0.702876
1.3676
-0.0747629
0.246971
1.92592
-1.28456
-16.8361
0.0841203
0.136539
0.00522255
-0.262197
0.548062
0.00862105
-0.224314
-0.0474338
-0.045299
0.0277984
-0.000658372
0.0652461
0.0234998
0.0568467
-0.0765348
-0.414521
0.0859849
-5.48331
-0.557427
0.137186
0.0633233
0.0770666
0.117328
0.0378588
0.0747586
-0.471819
-0.784376
0.227658
-0.939533
-0.306489
0.193883
0.252465
0.309622
-0.00926013
0.0175367
0.223659
2.93759
0.00862105
1.20736
-0.24419
-2.03399
-0.842872
1.00984
0.334772
-0.103516
0.000266248
5.4292
0.550674
0.00862105
0.0942793
0.315054
-0.556623
-2.24699
-0.128343
-0.661882
1.21764
-0.150701
0.28915
-0.190736
-0.195095
-0.385439
-0.533471
0.702827
-0.0790829
-0.358666
-7.64509
-0.455913
-0.0613731
-0.298228
0.259814
-0.299182
-0.210428
0.0535928
0.647223
-0.863368
-0.243876
-1.59941
-4.05945
-0.0942334
-0.0336837
0.145938
0.206242
-0.229262
-1.66382
2.34294
-0.128343
-0.11277
0.158458
-2.13143
0.241882
-0.109483
1.59437
0.690629
-0.0513585
1.47036
0.124055
-0.128343
-0.27868
-0.986584
-0.618812
6.98862
-0.561011
0.0423098
0.305007
2.48468
0.0969147
0.232095
0.158905
0.076398
-0.0561868
-0.0927865
-0.824048
0.244909
-0.0314154
-3.54456
-0.398916
0.149437
0.00180857
0.0703449
0.0391078
0.205492
0.369895
0.73047
0.133875
0.944932
1.94178
-1.07476
-0.094549
-0.149203
-0.119888
-0.0495459
0.48501
0.157372
1.53183
0.0423098
0.0726981
0.808963
0.397096
-0.313667
-0.174207
-0.264933
0.954345
5.16981
-8.96698
-0.742374
0.0423098
-0.0087311
0.1864
0.528113
0.857517
-0.136471
-1.17849
0.135328
-0.143436
0.157403
-0.291406
0.427097
-0.295127
0.161877
0.0282199
-0.139879
-0.324235
-0.416445
0.0857967
0.340836
-2.66303
-0.0089167
0.486841
-0.0773374
-0.369553
-0.261592
0.15086
0.406474
-1.25197
0.915213
-0.504812
12.7194
-0.346013
-0.330623
-0.0217721
-0.295268
-0.475996
0.187823
3.14696
0.135328
0.752482
-0.291925
-0.465571
0.76698
-0.0188094
-0.197846
-1.5622
1.64256
27.416
0.871581
0.135328
0.107775
-0.0976887
0.0274803
15.0234
0.114419
-0.33868
0.863644
0.145715
0.0128113
0.957518
2.03134
0.566642
0.249606
0.553629
0.464284
1.57129
0.677851
0.230278
0.106061
0.612099
4.49009
-2.08835
-0.412212
1.69237
-0.062195
-0.734033
0.0534859
-1.37137
0.142192
1.48812
-0.127626
20.5428
-1.06393
1.17139
-0.41109
-5.65793
-0.528032
0.594585
1.4888
0.145715
1.23382
-0.149649
0.0488755
-0.965031
0.116633
0.123205
-3.48121
-1.03865
25.753
1.1
0.145715
0.120486
0.00379626
0.140056
-3.10428
0.252818
-0.265099
0.0540199
0.489964
0.148433
0.201426
0.297592
0.661881
0.82823
2.66274
-1.7272
-0.909655
2.12806
0.421266
0.25166
0.109692
0.680032
0.761682
0.0208959
-1.54359
0.877345
-0.747825
0.0907956
-1.03037
1.28383
0.278108
0.14406
0.278862
1.77803
-0.0242135
-3.57015
1.8199
0.668
0.0341689
1.04568
0.280735
0.148433
0.0916834
0.258429
0.310602
-1.31107
1.74286
-2.33175
0.297701
-0.20661
-2.69894
0.122062
0.148433
0.123103
0.129951
0.156392
0.142865
-0.0396469
-2.07372
-2.88871
6.76825
2.39861
0.148502
0.201618
0.299053
0.663285
1.87297
1.82818
1.58468
0.569543
2.17015
0.456981
0.251972
0.109801
0.680732
0.762567
0.0578918
1.44252
0.482059
0.716612
0.120539
0.0294951
1.29499
0.28433
0.144608
0.279958
1.78589
-0.0230956
0.421391
0.233561
0.678266
0.113879
1.05435
0.286394
0.148502
0.0919677
0.258751
0.311139
1.55466
-0.204507
0.840282
0.335171
-0.0567796
1.33289
0.153701
0.148502
0.123178
0.130251
0.156379
0.199518
-0.19875
-0.242625
0.277111
0.207473
0.200725
0.179216
0.148502
0.201618
0.299053
0.663285
1.87297
1.82818
1.58468
0.569543
2.17015
0.456981
0.251972
0.109801
0.680732
0.762567
0.0578918
1.44252
0.482059
0.716612
0.120539
0.0294951
1.29499
0.28433
0.144608
0.279958
1.78589
-0.0230956
0.421391
0.233561
0.678266
0.113879
1.05435
0.286394
0.148502
0.0919677
0.258751
0.311139
1.55466
-0.204507
0.840282
0.335171
-0.0567796
1.33289
0.153701
0.148502
0.123178
0.130251
0.156379
0.199518
-0.19875
-0.242625
0.277111
0.207473
0.200725
0.179216
0.148502
0.148375
0.182309
0.296297
0.635314
1.44786
-1.03334
1.82352
3.26779
1.03769
0.456048
0.251697
0.109713
0.64912
-0.413444
0.00507333
1.17533
-0.303448
2.72699
1.50506
0.0177166
1.29301
0.283824
0.134432
0.206839
1.5955
-0.0289513
-1.78659
-1.55088
1.00558
-0.329066
1.04991
0.279751
0.148375
0.089385
0.23371
0.254011
0.806799
-1.71031
-0.361022
0.361533
-2.26071
1.32821
0.153641
0.148375
0.122908
0.126932
-0.0947937
0.189244
-0.486815
0.0453468
2.84085
0.202414
0.200341
0.179158
0.148375
0.148375
0.147839
0.174404
0.278643
0.605303
-4.35264
-3.65761
-3.91264
-1.97797
-0.499888
-2.94242
0.246867
0.10934
0.559161
-0.640797
-1.12529
-2.45625
-2.11886
0.0483157
2.82081
-0.73706
2.65427
0.264237
0.122751
0.162678
-7.31523
-0.178948
-2.81236
-2.43421
2.84285
-1.34604
2.04747
-0.09147
0.147839
0.083928
0.204071
-1.24287
-1.94414
1.04102
-0.364989
1.00474
-1.30419
-23.1146
0.15107
0.147839
0.122067
0.115391
0.693455
19.3303
-1.01105
1.42575
1.92166
-0.383228
0.175233
0.174736
0.147839
0.147839
0.492679
0.125225
0.0446831
0.0433337
-0.291336
3.43572
-0.219918
0.232476
0.117031
0.25478
0.486264
-0.0572751
0.350805
0.879614
0.304798
0.730124
0.56001
0.266345
0.282437
0.374503
-0.0444941
0.82419
0.520801
0.46388
3.18826
-0.050462
1.4586
-0.00372767
0.204615
-0.0894614
0.512257
0.201769
0.446424
0.125225
-1.17378
-0.312573
-0.301867
4.38373
0.545023
0.299242
0.17366
0.0836123
1.94191
-0.0556113
0.125225
0.0219408
-0.176115
-0.20679
12.329
0.8778
-0.202339
-0.0318362
-0.0693329
0.0267168
-0.0601988
0.125225
0.125225
0.0628427
3.50191
-0.0684443
-1.00467
-2.72228
-0.11934
-0.0245218
-0.00727038
0.0169494
-0.0444183
0.135024
2.06891
0.0791818
0.0826652
2.02189
-0.0740665
-0.264027
-0.034556
0.102201
0.00792327
0.0777404
0.199449
-0.103947
0.716296
-0.862318
-4.85544
-11.9767
-0.073708
0.0494257
0.17192
0.15755
0.176006
0.100132
-0.331915
-0.0684443
-0.296022
-2.16597
-0.913617
0.815487
0.13207
0.476908
0.00251365
0.252672
-7.88789
0.121748
-0.0684443
-0.00918884
-1.16398
0.344807
-2.33268
1.17905
0.428794
-0.0674255
0.474063
-0.558436
0.128436
-0.0684443
-0.0684443
-0.650999
-1.93286
1.52049
-0.129799
-0.086462
0.851258
0.425535
-0.303748
0.017989
0.0560839
-0.109654
0.210148
0.31572
-0.134265
0.0560191
-1.18352
-1.16933
0.173968
0.0337826
-0.192208
-0.0866954
-0.255357
-0.342416
-0.532842
-0.951531
0.901034
-0.790593
-16.1787
-0.020622
-0.482803
0.0917973
0.228063
-0.118458
0.534249
2.08322
-0.129799
-0.66996
-1.99881
-1.34535
-0.300604
-0.0113716
0.300726
1.02633
-0.875306
9.66748
-0.46995
-0.129799
-0.310344
0.0322512
-0.923037
-9.01475
-0.0654655
2.06829
0.942954
0.157852
0.457293
0.0551309
-0.129799
-0.129799
-0.0231906
-0.257226
-0.108717
-0.206618
0.104308
1.1554
2.06785
-0.00990232
0.0368445
0.0855697
0.13965
0.157073
-0.0700027
0.174538
-0.278321
-0.0330133
1.31833
0.530764
0.193311
0.406463
0.10139
0.0426343
-0.228231
-0.0858882
0.29042
1.16682
2.23893
0.365744
-4.22758
-0.25699
0.0872385
0.0699826
0.123162
0.298353
0.19597
-1.39371
0.104308
0.904559
0.964905
2.44403
0.00943263
0.0671325
0.101138
0.477498
0.667084
-8.241
0.661049
0.104308
0.0508974
0.774463
1.26152
-2.39592
-0.0818176
-0.322002
1.17224
1.10686
3.96405
0.69817
0.104308
0.104308
0.133284
1.11365
0.0189848
-0.0981983
-0.867132
0.142722
-0.00138881
0.898262
-1.29155
0.0953696
-0.0461225
-0.200349
0.00247086
2.06402
0.331463
0.223571
0.0301811
-1.35457
0.200953
0.186966
0.12517
0.00492002
0.518595
0.793716
-0.39733
2.34496
0.11363
0.930228
-0.203209
5.89507
-0.19127
-0.0940093
-0.240419
0.0360467
-0.387824
-3.53723
1.29637
0.142722
1.0623
-0.305618
-0.844686
-1.0502
0.337946
-0.581906
-1.26035
-0.657272
15.3852
0.080043
0.142722
0.104495
-0.0390875
0.080753
7.6392
-0.516781
-0.379079
-0.593734
2.72051
5.4733
0.113662
0.142722
0.142722
0.119316
0.197253
0.01453
0.513783
-0.747239
0.440382
0.144624
0.19308
1.5834
-2.1838
-2.31113
0.146058
3.28755
-1.34773
1.82565
0.448012
0.248971
0.63783
1.12848
-0.523168
1.49008
0.468607
2.68292
1.77481
-1.67718
-2.16482
-2.19568
0.26278
0.149896
2.31087
24.7521
-1.7672
2.61003
-1.70917
-2.11091
1.42159
-3.95231
0.234418
0.144624
-0.159648
-0.394396
-0.0198313
5.02558
1.60956
1.42693
-1.39395
-4.66567
0.940235
0.14263
0.144624
0.0891363
0.0724498
0.0730874
-10.8719
2.47681
-1.37376
0.195197
0.0409362
1.75326
0.170876
0.144624
0.144624
0.133887
0.426956
-1.8537
-0.018095
3.25733
0.0239613
39.4982
0.148171
0.20115
0.294714
0.6505
1.66745
-3.43498
2.46431
5.23136
1.57019
0.447662
0.251048
0.103504
0.650728
-0.298552
5.28787
1.77886
1.74952
1.25811
0.150093
3.2871
0.872294
0.226286
0.14049
0.264857
0.48522
10.7041
-2.42679
0.52401
-3.8288
-3.31126
-3.96587
0.281679
0.148171
0.08828
0.256465
0.307239
1.54475
2.02705
3.74464
0.232772
-0.0740198
1.30102
0.15215
0.148171
0.121717
0.12844
0.155604
0.109643
-0.197387
-4.43597
0.256708
0.18702
0.190085
0.171784
0.148171
0.148171
0.143854
0.460986
-2.84228
0.301655
-3.72283
-0.540508
3.40393
0.14054
0.148502
0.201618
0.299053
0.663285
1.87297
1.82818
1.58468
0.569543
2.17015
0.456981
0.251972
0.109801
0.680732
0.762567
0.0578918
1.44252
0.482059
0.716612
0.120539
0.0294951
1.29499
0.28433
0.144608
0.279958
1.78589
-0.0230956
0.421391
0.233561
0.678266
0.113879
1.05435
0.286394
0.148502
0.0919677
0.258751
0.311139
1.55466
-0.204507
0.840282
0.335171
-0.0567796
1.33289
0.153701
0.148502
0.123178
0.130251
0.156379
0.199518
-0.19875
-0.242625
0.277111
0.207473
0.200725
0.179216
0.148502
0.148502
0.144256
0.461996
0.946439
0.29958
-0.190573
-0.466381
3.71942
0.168946
0.135694
0.148502
0.201618
0.299053
0.663285
1.87297
1.82818
1.58468
0.569543
2.17015
0.456981
0.251972
0.109801
0.680732
0.762567
0.0578918
1.44252
0.482059
0.716612
0.120539
0.0294951
1.29499
0.28433
0.144608
0.279958
1.78589
-0.0230956
0.421391
0.233561
0.678266
0.113879
1.05435
0.286394
0.148502
0.0919677
0.258751
0.311139
1.55466
-0.204507
0.840282
0.335171
-0.0567796
1.33289
0.153701
0.148502
0.123178
0.130251
0.156379
0.199518
-0.19875
-0.242625
0.277111
0.207473
0.200725
0.179216
0.148502
0.148502
0.144256
0.461996
0.946439
0.29958
-0.190573
-0.466381
3.71942
0.168946
0.135694
0.148502
0.14824
0.147447
0.274354
0.0888277
0.656154
-1.97456
0.958532
0.335284
-2.28501
0.454373
0.251204
0.109592
0.621175
1.57581
-2.03941
-1.57875
-0.21181
-0.314192
1.40712
-3.36904
-2.25365
0.282604
0.116698
0.158902
1.21973
-0.222403
1.55785
-0.652931
-0.527416
-0.275534
-5.37205
0.26479
0.14824
0.0836381
0.13837
0.203786
-5.2679
-0.297833
0.00757826
-2.1578
0.921166
1.29297
0.153292
0.14824
0.122629
0.117959
-0.191967
0.151994
-0.141678
-0.25883
-0.936942
0.12126
0.189939
0.178776
0.14824
0.14824
1.37625
1.0985
-2.51512
-3.81689
-0.950478
-0.156982
-2.45686
0.165279
0.135419
0.14824
0.14824
0.138657
0.0462031
0.192724
0.527274
3.69112
2.46766
0.690454
0.37538
0.518779
0.506678
-0.0100947
0.022503
0.369997
1.64958
-1.86935
0.465213
-0.605066
0.281042
1.07748
0.283929
-0.00311409
-0.909397
-0.144485
-0.0275793
-0.569815
-2.83741
-1.38924
0.19659
0.851091
1.16827
0.304044
-0.325087
0.138657
-0.0830052
0.045684
-1.38644
6.33249
0.131222
0.00780139
-0.0036677
1.01011
7.21507
0.0733528
0.138657
0.107841
0.0574833
0.563039
13.6255
0.151518
0.260857
2.42825
0.166298
0.655215
0.0941105
0.138657
0.138657
0.41385
3.85765
0.819574
-1.26649
-1.74561
-0.113489
-6.31504
0.12175
0.069266
0.138657
0.138657
1.67867
0.0835798
-0.374416
-0.180184
-3.12249
-3.38572
0.162297
0.0324882
0.121123
0.113824
0.128644
0.336727
0.52964
-3.74622
-0.0889318
0.58708
-0.692517
0.00679894
0.0972856
0.176232
-0.017666
0.58161
1.37698
0.312332
0.046198
-13.3736
-1.44681
-0.228263
0.092137
0.153635
0.190204
0.380386
2.38937
0.0835798
0.258015
-0.685477
-2.64579
-2.10784
0.359511
0.571093
0.157423
0.345088
-5.48029
-0.632066
0.0835798
0.0269074
-0.344688
-0.382422
14.8414
0.65612
0.206552
0.142281
0.645091
-0.657077
0.510006
0.0835798
0.0835798
-0.0909359
-0.604591
16.9708
1.06379
-0.251253
-0.0515007
35.0995
1.07608
0.214069
0.0835798
0.0835798
-0.540867
2.82386
-0.0915877
0.163058
-1.94076
-0.155378
0.0610301
0.0646414
0.0306551
0.854885
-0.082035
0.205359
-0.0303897
0.0825871
-2.83465
0.127641
0.217431
-0.0130716
-0.0906325
0.0332762
0.137769
0.549579
-1.41079
0.570279
1.40959
4.70497
3.00931
0.323067
0.0275935
-0.0522151
-0.110722
0.0118312
-1.15836
-0.989429
-0.0915877
0.280271
-0.142754
1.09851
0.488324
-0.147496
0.0720946
0.121238
1.31898
11.7645
0.0525217
-0.0915877
-0.025859
-0.303291
0.0453828
13.3966
-0.135936
-0.150527
0.0138682
1.80921
-0.378523
0.124155
-0.0915877
-0.0915877
-0.14178
-2.99447
-2.12891
1.19244
0.0107985
-0.0838141
-15.8489
-0.908844
0.0193157
-0.0915877
-0.0915877
-0.300427
-2.50034
-0.743315
-0.0743107
0.285579
-0.514743
-0.813905
0.262822
0.167655
0.0326714
0.0065516
0.0333306
-0.306234
-0.542935
0.00761943
-2.38565
-1.2409
-0.00483578
0.139438
0.170481
0.140822
-0.00649984
-0.13215
0.00460476
0.931792
0.245793
0.209901
-26.7939
0.374717
0.150314
0.191912
0.0537375
0.0703404
0.143764
-1.0378
-0.0743107
-0.76924
-1.06333
-0.840884
0.128254
0.243969
0.072774
0.338943
0.416357
4.631
-0.123754
-0.0743107
-0.275592
0.243513
-0.0807994
-2.0445
0.0156536
0.386024
0.653507
-0.216134
1.94851
0.239826
-0.0743107
-0.0743107
0.0605412
1.86193
-0.0245761
-0.163292
1.45791
0.788382
-18.3469
0.833529
-0.229672
-0.0743107
-0.0743107
0.368224
0.305746
-0.280414
-0.461569
0.114443
-0.239767
3.30335
0.227643
-0.0647106
0.0469594
0.00446472
0.209463
0.766357
2.45292
0.155556
0.316529
1.62885
1.08224
-0.0655122
-0.167742
0.158309
-0.0188057
0.169653
-0.314843
1.32102
-0.231134
-0.59057
1.61932
-5.50097
0.392187
0.16812
0.0347309
0.0237549
-0.408722
1.51269
0.0890659
0.114443
0.0813046
-0.771998
-0.0481965
-0.0383049
0.236894
0.368155
-0.0527697
0.57254
-4.56339
-0.0563618
0.114443
0.00756318
-0.567659
0.0751969
1.65286
-0.0220135
0.474293
0.0501115
1.70527
3.64796
-0.00533008
0.114443
0.114443
-0.085297
-0.432013
-0.110866
-0.125386
-0.293233
1.29147
32.7212
1.88151
-0.0246024
0.114443
0.114443
0.100658
-0.35008
-0.0138239
0.0652769
0.25384
0.13745
0.173328
1.67579
0.887202
0.624693
0.414232
0.44339
0.157398
-4.1496
-0.506231
0.233348
0.27952
1.56302
-0.123802
0.0941929
-0.0719375
0.263627
0.32548
0.592239
0.144971
5.67134
0.071589
-0.312343
-0.626258
-6.20242
0.223425
-0.0185301
-0.286557
0.278421
0.527406
-2.60741
-0.0918212
0.13745
0.0426973
0.0052551
1.46408
-0.141243
0.589597
-0.475437
-0.0364739
5.80829
-3.67137
0.109015
0.13745
0.0279321
0.712986
-0.147512
-2.26683
0.737834
-0.407377
-1.84856
-0.599471
1.01229
0.118455
0.13745
0.13745
0.113538
0.324284
1.16847
0.509712
-0.00126448
-0.616025
36.4731
1.89228
0.480608
0.13745
0.13745
0.0651937
-0.179044
0.580071
-0.0783436
-0.258291
1.08661
0.143644
0.192317
0.86349
-2.02962
4.54776
1.36085
1.14313
5.78332
0.764082
0.248183
0.247155
0.458569
2.45008
2.41419
1.63213
0.668143
-0.771905
-1.03031
0.696668
-1.81558
-4.13574
0.195253
0.248599
0.734685
30.7986
-0.443735
-0.941642
1.21192
1.29988
1.02035
3.13541
0.20093
0.143644
0.294658
-0.268264
0.367634
-2.90621
0.0549856
-1.19771
-2.94862
-6.42321
-0.00147934
0.141915
0.143644
0.0651484
-0.0883748
0.0256336
-1.06368
0.49103
1.96769
-2.20851
-2.14729
0.0531007
0.165448
0.143644
0.143644
0.132991
0.431072
-3.74377
0.287844
2.41882
0.457332
5.79997
1.75654
0.577779
0.143644
0.143644
0.172698
0.110328
-1.38342
2.96409
-0.118313
-1.22211
12.3591
0.148373
0.20147
0.296984
0.643049
1.47001
-1.72624
2.50637
2.62652
2.12576
0.452398
0.251717
0.108772
0.672923
0.179978
5.42721
5.89773
2.50599
1.96071
0.211842
4.6834
-0.694395
0.28319
0.143088
0.277183
1.75901
-0.179098
-1.22444
0.388771
-4.35217
-1.51526
-0.0824232
0.284849
0.148373
0.0911703
0.258269
0.310178
1.55348
-3.99452
1.04441
0.297099
-0.0647305
1.3256
0.152753
0.148373
0.122996
0.12996
0.156178
0.18351
-0.0990968
0.805435
0.256701
-0.803834
0.194819
0.1786
0.148373
0.148373
0.144039
0.461275
-6.00747
0.325218
-5.37937
-1.31929
-2.3344
0.114099
0.098658
0.148373
0.148373
0.217869
0.131396
2.35609
-7.92854
-1.4286
3.74759
8.83592
1.59453
0.148379
0.201348
0.29588
0.659877
-2.16313
2.33979
-0.866226
-1.61621
-2.01889
0.445206
0.250364
0.109517
0.678619
0.752525
-0.837826
-2.56481
0.698832
-3.07214
0.112776
-0.510104
1.16719
0.265231
0.144013
0.276827
1.74542
-0.10703
1.61731
1.66856
-0.884714
-0.107877
1.03522
0.278003
0.148379
0.0918022
0.257825
0.309982
-5.76671
1.14886
0.11813
-1.04374
-0.0606083
1.22587
0.15165
0.148379
0.122968
0.129584
0.156335
-4.42573
-0.114487
-1.66257
0.192808
0.200848
0.18921
0.0918059
0.148379
0.148379
0.144178
0.460373
3.69502
-2.24648
-0.217157
-0.598761
3.57397
0.168086
0.134934
0.148379
0.148379
0.217796
0.0456288
0.663717
-1.05471
-0.577992
-0.195048
1.07475
0.088833
0.172061
0.148502
0.201618
0.299053
0.663285
1.87297
1.82818
1.58468
0.569543
2.17015
0.456981
0.251972
0.109801
0.680732
0.762567
0.0578918
1.44252
0.482059
0.716612
0.120539
0.0294951
1.29499
0.28433
0.144608
0.279958
1.78589
-0.0230956
0.421391
0.233561
0.678266
0.113879
1.05435
0.286394
0.148502
0.0919677
0.258751
0.311139
1.55466
-0.204507
0.840282
0.335171
-0.0567796
1.33289
0.153701
0.148502
0.123178
0.130251
0.156379
0.199518
-0.19875
-0.242625
0.277111
0.207473
0.200725
0.179216
0.148502
0.148502
0.144256
0.461996
0.946439
0.29958
-0.190573
-0.466381
3.71942
0.168946
0.135694
0.148502
0.148502
0.218411
0.134307
0.610374
-0.311246
-0.297247
0.066568
1.08237
0.0897873
0.172611
0.143275
0.142424
1.22405
0.260557
0.0746115
-3.22215
2.97615
-0.619188
-0.154413
0.126526
-0.78701
-0.0139104
0.106786
0.54411
-1.85431
-0.871563
-1.95679
-0.0236033
0.0619553
-0.582881
-0.522079
0.158842
-0.674063
0.06876
0.0390903
1.30531
-0.902892
-0.190106
0.381272
0.344003
0.881799
3.22256
2.19771
0.142424
0.0446019
0.153332
0.192442
-9.42471
0.337757
0.0382128
4.39065
1.21541
6.66152
0.0985207
0.142424
0.118279
0.0692792
-0.122571
-4.33782
0.387584
3.49496
-0.221433
0.234473
0.876394
0.116425
0.142424
0.142424
1.37834
-0.186779
-0.219307
6.47401
0.251578
0.133036
4.80349
0.158946
0.126426
0.142424
0.142424
4.39523
2.11525
0.957979
0.602992
0.00792792
-1.49228
-0.256942
0.075136
0.162876
0.120931
0.142424
0.115037
-0.157137
0.0274363
0.310269
0.981897
-0.0528048
0.0661463
0.200364
0.0533458
0.25242
0.476171
-0.0492328
-0.506736
-1.63047
-0.0569729
1.13176
0.0998777
-0.0966424
0.0497358
0.174172
-0.0763477
2.148
-0.729081
1.31954
-14.33
2.16089
0.267643
0.229511
0.448423
1.31189
0.0749849
4.08813
0.115037
-0.550925
-0.191963
-1.7546
-0.573359
0.129562
0.00320449
3.06976
0.309623
7.56978
-0.11499
0.115037
0.0751235
-0.169996
0.7633
5.91695
0.240395
1.28969
0.223109
0.448566
-0.637685
-0.174351
0.115037
0.115037
0.00111604
1.7954
0.633814
1.21049
-0.506102
-0.0435475
1.65
-0.00632704
0.423805
0.115037
0.115037
-0.271731
2.03854
1.02411
-0.561106
-0.0368599
-0.325231
-2.19309
0.214895
-0.229952
0.494317
0.115037
3.87747
0.0376652
-0.952037
-0.453435
-0.261402
0.248999
-0.0181106
0.178837
0.247436
0.834956
2.04159
0.148155
0.395544
-9.76832
-0.548968
-0.224279
0.114149
-0.0371231
0.0144186
0.181898
0.867126
-1.4845
0.924949
-1.32073
-4.67792
4.56126
-0.592591
0.363488
0.226396
0.178555
0.257183
-0.393031
-3.23278
0.0376652
0.157673
-2.00943
-3.60755
-0.565379
0.180055
0.149416
0.321638
0.208006
20.3422
0.701235
0.0376652
-0.0362779
-0.773976
-0.227899
0.532167
0.33376
0.404823
0.273579
0.217694
-1.5111
0.376406
0.0376652
0.0376652
-0.366761
-1.34283
-0.527386
0.537702
-0.225998
0.0427235
6.92603
0.810553
0.139432
0.0376652
0.0376652
-1.05902
-2.96903
1.45609
1.70955
-0.226687
-0.0248389
1.78591
-0.886106
0.176039
0.311747
0.0376652
-13.1787
14.5128
-0.0701714
0.158247
-1.4009
0.00314577
-0.0421177
0.165508
0.362899
0.258054
0.0419813
1.00602
-0.469527
0.13515
4.72276
-0.0943202
-0.269298
0.0011646
0.176497
0.189841
0.340949
-0.119191
-0.243176
-2.21967
0.911632
-3.30996
-21.0209
0.108369
-0.215632
0.0755086
0.296607
-0.0952424
0.222449
-3.1097
-0.0701714
0.370106
-0.683845
-1.25251
-0.0100702
-0.00658349
0.0790773
0.286701
0.191591
9.81423
0.246342
-0.0701714
0.0177672
-0.124331
-0.237982
-7.25335
-0.0217755
0.0512726
0.188933
1.23596
-0.00868929
-0.559132
-0.0701714
-0.0701714
0.182716
1.3932
-0.191678
-0.0529965
-0.0663949
0.247734
48.9209
0.132843
-0.362679
-0.0701714
-0.0701714
-0.165927
-0.635041
-0.390542
1.08179
0.244122
-0.335118
4.58977
1.68356
0.266757
-0.280408
-0.0701714
4.32706
-0.419705
-0.526429
-0.00716769
-0.685371
-2.13557
1.05675
0.513648
0.0471729
0.0591168
-0.0230417
-0.15591
2.0025
-0.058091
-0.151367
-0.348312
0.640209
0.353242
0.0195168
0.12097
0.0141249
-0.00121363
0.028019
-0.0437619
-0.924064
0.9354
-0.854422
24.7082
0.0153989
0.147154
0.197299
0.089514
0.0117619
-0.243849
-6.39192
-0.00716769
0.487129
-0.576762
-0.287063
0.8421
0.0683096
0.180673
0.209077
-0.0853723
15.344
-0.587602
-0.00716769
0.14016
-0.0712199
0.93924
2.19804
0.10106
-0.564074
0.342055
0.297435
-3.09198
-0.363853
-0.00716769
-0.00716769
0.454596
1.45823
0.0193451
-0.0184685
-0.0361879
0.364273
47.4348
0.439505
-0.261301
-0.00716769
-0.00716769
1.11393
-0.0154315
-0.00639663
-0.211219
1.10851
0.497754
-0.873571
1.27899
0.401919
-0.289526
-0.00716769
-8.70768
-0.0368023
-0.424527
-0.37657
0.107186
0.0881678
2.17724
0.274076
0.0973204
0.0347805
0.353279
0.503721
-0.383439
-0.917894
0.153248
-0.0475586
-1.54141
0.285377
0.271658
0.112949
0.0638016
0.100184
0.629752
0.978891
-7.50866
1.22302
-0.151791
-1.31103
-15.6905
0.0626294
0.311372
0.142772
0.0140964
-0.201591
-1.65908
-1.79059
0.107186
-0.894715
0.981145
5.30083
0.383028
0.0149709
0.0781496
-0.0803112
-1.26002
2.8847
-0.0484166
0.107186
-0.100787
0.0733076
0.164953
-3.27844
-0.072204
0.0368074
-0.197821
-0.164165
-1.51671
-0.0202105
0.107186
0.107186
-0.015022
0.156092
0.671153
-0.00358994
0.352545
-0.0810103
-20.205
-0.0464902
0.288412
0.107186
0.107186
-0.607856
2.52431
0.217479
-0.108366
-0.686958
1.25263
2.1535
2.51203
0.422876
-0.0680212
0.107186
-4.26031
1.10617
-0.459863
-0.0371637
0.0914394
0.132814
0.165402
2.32324
-0.299197
-0.0823344
0.232585
0.304764
-3.9387
8.87299
-0.465876
0.219726
0.0489182
3.75256
1.14074
0.279969
0.868601
0.609974
0.536301
0.767849
-1.05302
2.54735
1.45469
1.54293
-0.489388
22.7173
0.0258061
-1.31225
-0.00377495
-0.707899
0.434507
4.70335
-0.624504
0.132814
1.1714
1.49309
2.80573
0.0506742
-0.340807
0.213738
-1.13483
-6.52099
7.46234
0.0901658
0.132814
0.33651
0.975585
0.284265
3.77411
0.558991
0.0369353
1.11303
1.09573
-0.269828
0.0920552
0.132814
0.132814
0.108686
0.252672
-0.623352
-0.327737
0.0741221
-0.207664
-16.3527
-0.0947328
0.380803
0.132814
0.132814
0.0517545
-0.951341
1.90284
0.777988
0.091718
-1.03174
7.54406
2.09637
-0.256173
0.0185885
0.132814
0.907753
10.4075
0.0146339
-0.246843
0.20853
1.53346
0.139419
0.182665
1.02212
1.44416
2.24001
1.16729
0.945447
5.30043
3.47984
0.314553
0.237392
0.334812
1.75377
2.03839
1.33624
2.15212
0.322131
-0.321078
-1.55049
1.92781
0.980017
0.0316098
2.07598
2.38688
-3.33358
1.58328
0.8744
1.16171
0.561805
-0.0494182
-9.59759
-0.361459
0.139419
1.35078
1.16872
1.86342
0.343095
-0.585994
-0.056462
-1.11081
4.16187
9.59335
0.128647
0.139419
0.380715
0.186017
0.408206
3.18581
-0.377483
1.09404
-1.82695
-0.773441
0.0362183
0.138627
0.139419
0.139419
0.12586
0.335893
-6.62038
-1.01384
-0.576971
-0.769935
7.2838
0.77429
0.0344606
0.139419
0.139419
0.120623
0.69315
0.911886
-0.600181
0.943844
-0.221558
10.5387
1.61938
0.00464707
0.0617559
0.139419
1.18377
-2.18655
-2.23236
-0.212072
-0.0478299
0.104991
33.9524
0.14698
0.189367
0.239669
0.180942
-1.15819
-0.645095
0.290199
0.690913
5.89197
0.448343
0.25027
0.0653502
0.519961
-1.50323
0.702629
1.31599
-0.579892
-3.66398
0.671831
0.595933
0.856229
0.277594
-1.21663
0.463883
-19.1537
1.3667
1.38861
0.562074
-3.23257
-2.43845
0.960633
0.211553
0.14698
1.51523
1.29166
-0.212195
-1.74272
1.5979
-0.547887
-0.0663571
-0.15484
-4.03694
0.148187
0.14698
0.442359
0.524848
0.645126
-3.4766
1.06631
-0.248964
0.244813
0.203989
0.186481
0.177405
0.14698
0.14698
0.139156
0.452971
0.785269
2.82318
-0.700865
-1.25985
3.46578
0.151258
0.124274
0.14698
0.14698
0.171447
0.127956
-0.108146
0.47837
-2.10784
-1.13545
-0.0432838
-0.0608562
0.167527
0.139073
0.14698
1.37661
0.729316
-1.08812
1.99395
-2.98736
-4.30977
19.7238
1.92831
0.148379
0.201348
0.29588
0.659877
-2.16313
2.33979
-0.866226
-1.61621
-2.01889
0.445206
0.250364
0.109517
0.678619
0.752525
-0.837826
-2.56481
0.698832
-3.07214
0.112776
-0.510104
1.16719
0.265231
0.144013
0.276827
1.74542
-0.10703
1.61731
1.66856
-0.884714
-0.107877
1.03522
0.278003
0.148379
0.0918022
0.257825
0.309982
-5.76671
1.14886
0.11813
-1.04374
-0.0606083
1.22587
0.15165
0.148379
0.122968
0.129584
0.156335
-4.42573
-0.114487
-1.66257
0.192808
0.200848
0.18921
0.0918059
0.148379
0.148379
0.144178
0.460373
3.69502
-2.24648
-0.217157
-0.598761
3.57397
0.168086
0.134934
0.148379
0.148379
0.217796
0.0456288
0.663717
-1.05471
-0.577992
-0.195048
1.07475
0.088833
0.172061
0.727101
0.148379
1.42337
2.00656
0.82331
0.21503
-1.00054
-0.420923
-1.52144
-0.118609
0.143266
0.144241
0.134743
0.271591
0.637715
-1.45703
-0.831472
0.165615
0.630356
0.246407
1.13568
-0.0304546
0.107667
0.630594
-0.443634
-1.13495
-0.363626
0.043791
-0.611897
0.728108
0.0546025
-0.0705146
-0.532594
0.114813
0.234804
1.64044
-0.194681
0.0259288
-1.03597
-0.0558362
-2.12684
3.09317
1.8631
0.144241
0.0693445
0.229273
0.278567
-8.48158
-2.62714
-0.425973
-1.13062
2.62445
-9.93203
0.121982
0.144241
0.120271
0.104397
0.141018
-0.368954
-1.29711
-3.2439
0.745214
0.0502821
0.960113
0.119289
0.144241
0.144241
0.122479
-0.373358
1.15989
-2.33307
2.76495
-0.00379825
6.22521
0.162863
0.12961
0.144241
0.144241
0.168026
2.35137
3.02562
-0.525184
-0.332511
1.0317
-0.172095
0.0825323
0.165556
0.127937
0.144241
22.4687
3.29871
2.89748
-0.0610261
-0.392312
0.462231
-1.37873
-0.129068
0.141191
0.127937
0.127065
0.818048
0.119103
0.0206379
-0.0781316
1.14232
0.312321
0.152673
0.249654
0.453247
0.869416
0.0085018
0.126042
0.0851484
-1.17242
0.772067
0.146951
0.0935382
0.327007
0.315695
0.351997
1.63544
-0.189345
-0.257956
-13.3423
-1.07583
0.267858
-0.0893894
0.200579
-0.77362
0.459048
-1.04421
0.127065
-0.139118
-0.126679
-0.0187213
-0.490297
-0.0131707
0.0312651
0.151199
0.221839
16.6711
-0.0172639
0.127065
0.0937555
1.25343
0.0492468
5.2352
0.136671
-1.41132
-0.034568
0.174352
-0.0365567
-0.0171585
0.127065
0.127065
0.0733182
-0.321135
0.420596
-0.851752
-0.161649
0.271495
17.0977
0.0741032
0.538108
0.127065
0.127065
0.0211035
-1.4053
-0.331156
-0.254743
-0.0926439
0.508349
-2.17516
0.491653
-0.126516
-0.0224454
0.127065
17.5419
0.700231
-1.03965
-0.300061
-0.00920682
0.566884
-0.55877
0.755105
0.10319
-0.0224454
1.99207
0.0855836
-0.523888
-0.117284
-0.796527
-0.411024
0.233153
0.0909805
0.232596
0.260172
3.31542
0.241505
-0.107225
-2.81127
-1.38264
-1.08229
-0.293878
0.129074
0.322305
0.325688
0.127983
1.28642
1.39072
-1.72545
-2.41865
-5.6523
-2.11092
0.150701
0.0671678
-0.149113
0.168228
0.371453
-3.6692
0.0855836
-1.20673
-0.681878
-1.07329
1.19907
-0.0142121
-0.0706687
0.578901
0.283689
0.547235
-0.36261
0.0855836
0.0382626
-0.435074
-0.282237
5.20204
-0.0484365
-0.101455
0.153912
-0.346075
-0.284687
0.583032
0.0855836
0.0855836
-0.0930697
0.037803
0.0717008
0.175468
0.315489
0.106315
-20.1651
-0.142165
0.302521
0.0855836
0.0855836
-0.286914
2.04616
0.431182
-0.224373
-0.00626845
0.659942
4.96017
1.17808
0.367923
0.415012
0.0855836
-0.607407
0.514293
0.558999
0.0324172
-0.0788342
0.0841907
7.42778
0.274474
-0.0151812
0.415012
-1.68508
1.33277
0.0219986
0.489406
-0.435035
0.40025
0.0338063
0.239785
0.158434
0.232225
0.00429802
-0.73428
-0.666418
0.316305
-0.635363
-0.437448
0.421885
-0.0104168
0.144402
0.277225
0.22983
-0.0233826
0.291374
-2.33522
0.0132992
-2.34861
-25.3725
1.08105
-0.0557789
-0.0832267
0.283672
0.259179
0.704931
2.68372
0.0219986
0.499979
0.372876
0.0841647
-0.567299
-0.0611614
-0.090483
0.167351
0.172326
16.2238
0.583674
0.0219986
-0.105198
0.278932
0.509446
-11.1111
0.0628387
0.252983
0.200543
-0.47864
2.91531
-0.388479
0.0219986
0.0219986
-0.495968
-0.92524
0.867694
0.162853
0.190998
0.379753
0.909587
1.01717
0.119262
0.0219986
0.0219986
-1.25506
-1.67284
-0.175699
0.369927
-0.138001
0.00636445
3.77695
-0.44011
0.128994
-0.20012
0.0219986
-0.351938
-0.376442
1.13882
0.853062
-0.178618
-0.217632
-5.75649
0.351605
0.0583468
-0.20012
-0.473723
-0.411124
-0.0779438
-0.0232566
0.65628
2.90197
0.387288
0.0338283
0.14628
0.20191
0.203439
0.11591
-2.00067
-0.0674231
0.219079
-6.74323
0.598145
0.235349
-0.0330845
0.248221
0.219523
0.0801997
0.0524221
0.0718525
0.815071
1.10409
0.145068
-19.4897
0.0848725
0.185609
0.0704627
0.289219
0.138883
0.283746
2.11845
-0.0232566
1.45952
-0.258389
-0.901559
-0.247999
0.122203
0.224484
0.0138535
0.0888537
7.6678
-0.388885
-0.0232566
0.100014
0.36183
-0.079966
0.0317182
0.0216457
0.310082
0.11956
-0.0657555
-1.78522
-0.287703
-0.0232566
-0.0232566
0.272422
-0.695934
0.101573
-0.0200848
0.337956
0.143058
-14.8089
1.60783
0.147445
-0.0232566
-0.0232566
1.09267
-0.445679
-0.110277
0.197406
0.303586
0.0774333
2.71671
2.00847
0.191535
-0.217483
-0.0232566
-3.52236
-0.22515
-0.449587
1.12124
0.0722387
0.214401
-2.13366
3.97716
0.434549
-0.217483
-1.47792
-0.400152
-0.221222
0.0634941
0.0218896
-0.221978
-1.15275
0.199552
0.153566
0.142418
0.0362292
0.0436469
0.190994
-0.903165
0.00360097
-0.122989
0.145898
0.653844
-0.0394557
0.256764
0.293624
-0.0378174
-0.0987387
0.0273645
-7.13119
1.01095
0.291962
-2.64298
-5.58781
0.00676118
0.284849
0.151364
0.00521282
0.0467974
-0.448425
-1.4166
0.0218896
1.35177
1.26101
3.20969
0.802146
0.231668
0.156535
0.0541298
0.129634
-14.5197
-0.380835
0.0218896
0.151252
-0.014389
1.26045
5.07332
0.121233
0.425052
0.261521
-0.890307
-0.254018
-0.223286
0.0218896
0.0218896
0.707426
0.112466
0.125371
-0.0304002
0.0303773
0.0300441
-3.82106
0.29743
0.27208
0.0218896
0.0218896
1.71164
-0.656535
-0.190042
0.0543953
0.0130341
-0.132679
4.13524
-0.242931
-0.37272
-0.189141
0.0218896
1.05752
-1.22306
0.0372344
-0.539689
0.880156
0.298604
2.39529
-0.737449
-0.1203
-0.189141
-0.744064
0.750638
-0.261056
-0.130431
-0.144486
0.10703
0.0916988
-0.383659
0.136668
0.188004
0.150492
0.026714
1.30678
3.8479
-0.525824
0.155692
0.0138215
-0.551295
-0.0524921
0.204314
0.379948
-0.0250227
0.39055
-0.0444631
-1.4887
-1.64473
-0.212606
0.093462
-2.04042
7.76068
0.354213
0.0301287
0.085063
-0.21131
0.197963
-3.77677
1.59938
0.10703
0.673489
1.99714
2.08563
0.546549
0.213753
0.12891
-0.0531694
0.840014
-1.32209
-0.0498222
0.10703
0.225756
0.541189
0.00238758
15.2178
0.0431415
0.618391
0.153104
0.0847118
0.00515628
0.0250005
0.10703
0.10703
0.030568
-0.149226
-2.20446
0.0993655
0.558626
0.104747
14.9088
-0.519176
-0.0428234
0.10703
0.10703
-0.328988
-2.29822
-1.26996
-0.213702
0.312641
0.23835
-0.534754
0.221215
-0.00742811
0.0192122
0.10703
-1.99647
-3.37512
-0.482614
-0.0350416
-0.584264
1.04229
1.34356
0.877432
0.774175
0.0192122
0.0178781
-2.41662
-3.91576
-0.0128679
-0.101356
0.0342532
0.137294
0.159419
2.77636
-0.26903
0.368394
0.0476445
0.611065
3.50008
2.85482
0.308931
0.222584
-0.277215
3.80024
0.49617
0.558067
0.439432
0.426848
0.107874
0.492728
0.707651
-0.168592
1.7197
0.582355
-0.906282
-8.94472
-0.126447
0.937817
0.277408
0.657072
0.206951
1.5717
-0.542505
0.137294
-0.242413
-0.0318672
2.87113
0.331325
-0.0495891
0.216147
-0.346783
-0.388657
8.30536
0.0913351
0.137294
0.346104
0.218236
0.452694
-8.64755
0.305983
0.696306
-0.265479
1.11744
-0.188027
0.117841
0.137294
0.137294
0.116799
0.341795
0.0856519
-0.218698
-0.581119
0.13727
-5.22401
-0.640513
0.0168434
0.137294
0.137294
0.0913558
-0.737739
-2.6503
0.0279446
-1.41313
0.270107
-1.24725
-0.18054
0.104482
0.0880175
0.137294
0.961459
-0.75271
0.500096
-0.0164472
-0.440092
-1.55267
34.0773
4.09092
0.170647
0.0880175
0.407223
0.849618
-2.75143
-0.0965168
0.714925
-0.30675
0.759307
0.138598
0.174537
2.11671
2.32193
3.92963
3.19144
0.503692
4.07266
1.03208
0.254126
0.233256
0.418403
-0.0250279
2.93892
2.77512
0.55315
0.460429
0.2917
1.82927
-0.157607
10.4268
1.66472
1.67765
3.86754
65.3747
0.0198358
-0.587146
0.0605779
-0.751992
-0.657483
4.51471
-0.331415
0.138598
-0.250492
-0.000712094
1.46183
1.22467
0.929419
-0.0309757
0.273257
1.7406
8.63512
0.115572
0.138598
0.354798
0.319718
0.44597
5.82044
1.09909
-1.73776
-6.1336
-3.48475
0.0303512
0.123781
0.138598
0.138598
0.127625
0.33371
-1.21439
2.27308
0.562312
-0.286883
-3.15302
0.463924
-0.00710672
0.138598
0.138598
0.126174
0.446532
1.97738
1.35174
0.434796
-2.66709
-22.3163
-0.619863
0.0297295
0.0417256
0.138598
1.16821
3.695
-0.0117133
0.201656
0.470014
-0.302631
-11.7016
2.18041
0.448543
0.0417256
0.462186
1.14016
3.94394
1.17491
-0.979195
1.83761
1.47164
25.0793
0.146571
0.189139
0.502493
1.62275
3.48551
3.85812
1.03126
3.08795
7.01953
0.420972
0.246009
0.0667521
0.752714
3.99454
2.81781
0.894088
2.87701
5.16327
-2.08202
0.954149
-1.77056
0.2321
0.0856794
-0.0597078
9.99994
0.887361
-0.879498
-0.97789
2.07779
-2.86033
1.00432
0.246927
0.146571
0.0748769
0.209234
1.40373
11.227
-1.94215
-1.64059
-1.46871
-0.465359
0.989157
0.145101
0.146571
0.0696829
0.0957457
0.132325
-3.17533
0.725658
1.27306
0.123051
-0.17521
0.111176
0.0687546
0.146571
0.146571
0.14213
0.445485
-0.0906682
0.597678
-3.39533
1.09808
2.3326
-0.101181
0.109461
0.146571
0.146571
0.211972
-2.4613
-0.115601
1.79157
-1.51713
-0.569656
3.1346
-0.302059
0.116532
0.713356
0.146571
1.39322
0.936883
-0.362055
-3.28292
0.789118
0.561352
-1.61713
1.01725
0.896034
0.713356
0.511254
-1.67838
3.40657
1.14996
0.602842
-0.463767
-1.61241
-7.79567
1.43528
0.148502
0.201618
0.299053
0.663285
1.87297
1.82818
1.58468
0.569543
2.17015
0.456981
0.251972
0.109801
0.680732
0.762567
0.0578918
1.44252
0.482059
0.716612
0.120539
0.0294951
1.29499
0.28433
0.144608
0.279958
1.78589
-0.0230956
0.421391
0.233561
0.678266
0.113879
1.05435
0.286394
0.148502
0.0919677
0.258751
0.311139
1.55466
-0.204507
0.840282
0.335171
-0.0567796
1.33289
0.153701
0.148502
0.123178
0.130251
0.156379
0.199518
-0.19875
-0.242625
0.277111
0.207473
0.200725
0.179216
0.148502
0.148502
0.144256
0.461996
0.946439
0.29958
-0.190573
-0.466381
3.71942
0.168946
0.135694
0.148502
0.148502
0.218411
0.134307
0.610374
-0.311246
-0.297247
0.066568
1.08237
0.0897873
0.172611
0.143275
0.148502
1.43208
0.735268
0.0273619
0.218973
0.480901
0.560143
-1.35096
-0.116154
0.144248
0.143275
0.533113
0.571461
0.64727
0.739154
-0.271149
0.443817
1.1411
2.4784
-0.108714
0.07853
0.140263
0.0884972
0.235499
0.603565
0.088809
0.526798
-0.761548
0.220323
0.0526415
-0.164631
-0.899009
0.10525
0.540003
-0.164252
-3.31421
-2.45062
-2.07419
-4.09098
-0.079913
-0.418765
0.0735714
0.22137
0.0675452
0.13454
1.20555
-2.00456
-2.63927
-2.46574
-0.189822
4.09436
0.414314
-2.07487
0.140263
0.0376792
0.147306
0.215207
1.34388
-2.30872
-0.0262687
1.03211
-0.765692
7.09905
0.0884047
0.140263
0.116137
0.0407993
0.124415
-0.739257
-0.181089
3.36282
3.57083
0.360707
0.760313
0.0883177
0.140263
0.140263
0.111895
-0.999523
0.598251
0.250916
-0.617759
0.188877
4.33959
0.15809
0.121824
0.140263
0.140263
0.113804
-0.596548
-0.278047
0.402741
-0.352199
-0.811549
-0.209213
0.0705188
0.161167
0.0989773
0.140263
-7.66416
7.71604
-5.39607
-0.0208536
-1.74068
-0.619175
-1.59004
-0.154642
0.134514
0.0989773
3.33381
0.416467
-2.83229
0.0192215
-2.16254
-1.16966
-2.69237
-0.484187
-0.172786
0.0562872
0.140263
0.118484
-0.16699
0.0631687
0.277072
1.40149
-1.34713
0.474145
0.127842
0.211526
0.622085
0.606034
0.00758392
-0.28782
0.25163
-3.04467
-1.38223
0.692394
0.13947
0.141009
0.418544
0.710865
1.26669
-0.392712
-0.646031
-4.14293
-4.73504
-0.134693
-0.248957
0.0726233
0.885469
0.149555
-4.52334
0.118484
-0.23703
-0.145444
-0.208486
-1.85307
-1.12876
-0.00610551
1.62196
0.137021
-0.429517
-0.0602601
0.118484
0.0844801
-0.177035
-0.00731414
6.39471
-0.174601
0.957624
0.199802
-0.0794737
-0.149446
-0.0389742
0.118484
0.118484
0.0392691
1.429
-0.350511
-0.200686
0.65455
0.122716
16.8406
0.0962168
0.0223959
0.118484
0.118484
-0.0259848
-1.53575
-0.023133
1.0685
-0.0765702
-0.275932
-5.8506
-0.15917
0.0282656
-0.03643
0.118484
-5.40749
0.0856937
0.943377
0.0422501
-0.375432
-0.876286
-2.67597
1.02692
0.0905091
-0.03643
-0.7399
0.847813
2.02677
-0.355226
-0.492432
-1.65484
-6.6969
-12.8917
0.010335
-0.400368
0.118484
1.38261
0.0780681
-0.631878
-0.0984343
-1.86124
-0.716039
0.091134
0.0396517
0.133638
0.209178
0.360787
-1.29493
-0.133595
-5.23399
-0.085248
-0.949202
0.659138
0.201339
0.119393
0.191302
0.444699
0.126002
1.83322
0.557029
-3.64265
-10.822
-2.3469
-0.197413
0.0518117
0.263448
0.29061
0.269532
3.51496
0.0780681
0.471473
-0.902253
-1.41396
1.68796
0.0240777
0.0755491
0.266835
0.0873181
-6.63896
0.594235
0.0780681
0.0282014
-0.4547
-0.41137
3.27604
-0.0941006
-0.0799174
0.203943
-0.149805
2.9825
0.624904
0.0780681
0.0780681
-0.138593
0.706161
-0.283224
-0.0615746
0.185141
-0.0930006
-25.0794
-0.149462
0.277165
0.0780681
0.0780681
-0.283208
-0.959598
-0.0474865
0.161722
-0.0198525
-0.698463
-8.61771
0.682339
0.309015
-0.12863
0.0780681
-6.939
-0.608139
0.274912
-0.218031
-0.125986
0.197792
5.24306
0.889334
-0.034406
-0.12863
-1.42186
-0.130839
0.711902
0.607327
-0.381378
-0.610169
-4.71449
-11.5321
-0.942257
-0.241571
0.0780681
-1.59901
-0.0981322
0.0445271
0.653918
-0.277304
0.488169
0.0165783
-0.0745824
0.0283518
-0.0126159
0.163867
0.463777
-0.032694
-0.330026
3.94308
-2.18086
-0.657429
0.0915548
0.234383
0.331749
0.40088
0.230843
-0.0587171
0.688768
-0.127251
2.51471
8.15108
-0.452099
0.1641
0.162866
0.302139
0.218996
0.0764024
-2.43117
0.0445271
0.493759
0.512849
-0.563893
-0.0326188
0.0649216
0.218557
0.187502
0.134373
-11.9112
0.764387
0.0445271
-0.069292
0.427823
0.521158
10.6599
0.0514108
0.074691
0.171817
0.67247
3.47889
-0.208097
0.0445271
0.0445271
-0.464374
-1.27067
0.0123234
0.105014
0.288797
0.040226
-1.36147
0.617683
0.208874
0.0445271
0.0445271
-1.26997
-0.946562
-0.0293722
0.0737091
0.0472637
-0.0136394
-5.45761
1.53087
0.267432
-0.0698179
0.0445271
2.9187
-0.241907
-0.197722
0.497807
-0.138602
0.25221
-5.34617
-0.118299
0.129285
-0.0698179
2.49434
-0.181311
-0.661591
0.750998
0.407366
-0.391693
-0.936124
-6.57397
-0.848502
0.594111
0.0445271
-5.64468
-0.647875
-0.213066
0.0198814
0.431699
3.30724
0.149038
0.0392878
0.113136
-0.0249888
0.048913
0.0245659
3.02329
0.0292919
0.307079
1.79731
0.227362
0.368117
0.168315
0.268124
0.300026
0.194277
0.0695631
0.865317
-0.574477
1.11836
1.35637
5.96082
0.0430123
0.00637531
0.182916
0.192828
0.104269
-0.344188
5.04733
0.0198814
1.04159
0.559153
1.01274
0.111912
0.090826
0.277641
0.233016
0.222523
5.73289
-0.0971035
0.0198814
0.161657
-0.592194
0.257667
5.85206
0.127205
0.215324
0.0820494
-1.41525
1.79226
-0.152392
0.0198814
0.0198814
0.46613
-0.0339269
0.139361
0.151797
0.0117027
0.00267561
-0.897036
0.432202
0.323485
0.0198814
0.0198814
1.48368
0.334749
-0.129486
-0.00464201
0.0725825
0.31663
-2.52166
2.64051
-0.316086
-0.0934618
0.0198814
9.34722
-0.793707
-0.259891
-0.0680575
0.19792
-0.345767
-2.43013
-4.09853
0.478771
-0.0934618
-0.567672
-1.04054
-0.404364
-0.365968
0.896028
-0.109921
-0.334902
2.12676
0.182941
-0.203443
0.0198814
-0.303105
0.042806
-0.540007
-0.366758
0.0450042
-0.0050171
0.562871
0.312106
0.0880025
0.00573471
0.0595863
0.0830388
-3.90881
-0.348194
0.0475631
0.314603
0.416702
1.08091
0.368905
0.21186
0.250804
0.171563
0.313412
0.400648
-0.130397
-0.620655
0.735217
1.69924
10.4366
0.170363
0.0679131
0.38013
0.271212
0.427557
-2.18523
-1.2796
0.0450042
0.755735
0.634692
-0.013903
-0.068006
0.0814601
0.197925
0.0552587
-0.05052
-1.71276
0.176272
0.0450042
0.137784
0.203731
-0.0431342
10.5676
0.0656016
-0.385166
0.0303604
-2.09374
-2.91462
-0.151437
0.0450042
0.0450042
0.0782953
1.09274
0.0532352
0.0935568
0.315474
0.25313
-0.593889
-0.424866
-0.0773771
0.0450042
0.0450042
0.397491
-1.22651
-0.0212114
-0.0421936
-0.0672216
-0.0668637
-3.06146
-1.02103
-0.0549874
-0.158348
0.0450042
5.34261
0.58599
-0.482477
0.0784565
0.183819
-0.0502595
-14.7064
-0.364565
0.423302
-0.158348
-0.497093
-4.85836
-0.674747
-0.571436
-0.439174
0.996985
-0.0219908
11.1835
-0.575301
-0.203696
0.0450042
-0.117035
-10.6877
-1.08121
-0.673851
-0.474822
0.111838
0.110842
-0.969415
0.1019
0.0466939
0.125197
0.2166
-2.49341
-1.55511
-0.0184489
0.159469
0.193411
-1.37614
0.760832
0.453835
0.0858045
0.10275
-0.135265
-0.0933441
0.234497
-3.57083
-0.284735
-0.332547
2.21476
-9.43473
0.265049
0.299798
0.0163168
0.16899
0.835904
-7.04871
0.903729
0.111838
0.024816
-1.88436
-0.501754
0.10212
0.127647
0.191084
-0.121883
-1.86183
0.986063
0.41405
0.111838
0.296284
-0.0596955
0.247492
2.67284
0.222783
-0.00807652
0.0180841
-2.36822
0.386305
0.020003
0.111838
0.111838
0.0537931
-0.0824686
-4.20398
0.132415
0.3595
0.116636
-9.47146
-0.0386638
0.0442909
0.111838
0.111838
-0.214771
-2.16209
-0.570986
0.0855881
0.348757
-0.184513
-5.2765
-1.49716
0.0547182
-0.0130852
0.111838
-2.22224
-3.65589
-1.4288
-0.0996751
0.540145
0.123564
-9.70694
-0.305348
0.12896
-0.0130852
0.0186461
-2.32455
-0.739139
-0.577032
-0.588603
-0.279061
0.906716
6.66786
0.632602
0.127105
0.111838
0.381192
-2.22313
-1.30507
-0.499999
-0.489804
-0.380983
0.140482
0.176612
-0.677577
0.601916
-0.22949
-0.864419
-2.60178
-1.69708
-2.26089
0.156256
0.225177
0.402273
2.40779
0.941379
0.397635
-0.285556
0.153606
0.102848
0.00567767
-0.406677
4.75086
1.60414
1.14788
3.80071
14.8924
0.363098
0.0770763
0.0321574
-0.361277
-1.61594
5.51452
2.42099
0.140482
0.5185
-0.0790166
-1.21572
0.181206
0.437864
-0.17761
-0.0768104
1.25872
-4.25573
0.557395
0.140482
0.0848885
0.0166514
0.113381
9.31832
0.393281
-0.426126
0.00108403
1.3781
-0.132558
0.118747
0.140482
0.140482
0.131614
0.372526
-3.39529
0.592052
0.139618
-0.327927
-4.66202
-0.169157
0.0462517
0.140482
0.140482
0.172259
-0.194967
1.25703
-0.250861
1.04213
0.0420943
1.01104
-0.39745
0.126158
0.0636157
0.140482
0.144317
-2.79492
0.80211
-0.218182
-0.0155061
0.797751
-19.7187
-2.66313
-0.140611
0.0636157
0.398008
-2.27017
3.92772
0.375638
-0.56282
-0.460261
0.0394002
29.3988
-0.956084
-0.335181
0.140482
0.609417
-1.76368
1.22915
0.522392
0.0439481
-0.653514
0.875465
0.144184
0.187304
2.58568
-2.27498
3.10562
-4.24109
-1.693
-1.83943
-8.65427
0.219958
0.237241
0.471577
-1.38915
0.0290797
1.28926
-0.361616
0.250025
0.101056
-0.562918
1.01606
2.24434
0.0287717
1.56083
1.74314
8.95374
1.61966
5.48701
0.096376
0.95464
0.355391
-2.91563
0.0608434
0.144184
-0.138074
0.0775309
0.653604
1.18422
4.50936
0.159807
0.118373
-1.19126
-3.11987
0.129736
0.144184
0.0940779
0.0593372
0.12082
14.6376
1.47306
0.886534
1.37965
-6.31376
0.00436291
0.130865
0.144184
0.144184
0.138702
0.363929
0.20523
-0.634498
-0.809268
0.500928
-0.988382
-0.297215
0.0863754
0.144184
0.144184
0.201207
3.45387
1.93455
-0.943306
-0.66521
0.893743
-0.0524036
-0.284955
0.0948568
0.0590366
0.144184
1.30929
0.371053
-0.317091
1.59725
0.122201
1.04989
9.11813
0.646489
0.00299244
0.0590366
0.478569
0.787376
-1.98845
0.495591
0.798013
-1.91534
-1.25699
-3.79879
2.4555
-0.0276845
0.144184
0.647691
6.43604
-0.517203
-3.98469
-0.262034
-2.77551
-1.67373
7.68444
0.146922
0.197218
0.521732
1.79599
-1.17225
1.13986
1.19255
0.431148
-1.64077
0.431931
0.247074
0.86333
-0.470805
-1.23476
0.891209
-3.68955
0.838566
0.217218
1.12284
0.0206992
4.26349
0.240835
-0.194165
2.09081
17.3764
0.00455178
0.466361
-2.61439
-2.93669
-0.191092
-0.377003
0.25333
0.146922
0.0724464
0.226075
1.41474
1.54898
0.093953
-1.89366
0.257112
-0.471979
1.01394
0.144622
0.146922
0.112825
0.107759
0.135749
0.353062
-0.0900869
0.651887
-1.09995
-0.163607
0.130831
0.156232
0.146922
0.146922
0.142917
0.448074
-2.09614
3.13394
2.6811
2.41534
2.39062
-0.0972214
0.128068
0.146922
0.146922
0.214339
0.128848
2.95631
2.48026
1.50645
-2.38978
-2.43591
-0.010482
0.166106
0.130128
0.146922
1.40816
0.448789
0.223038
-0.273977
0.902893
-0.64866
-1.45161
0.530872
0.0982496
0.130128
0.519185
0.535765
-0.259556
0.946403
-3.79961
-3.30072
-3.49467
-0.314075
-0.146719
0.72198
0.146922
0.731267
-0.481853
0.951232
-0.195546
-0.162638
-1.4617
1.51498
1.21505
1.08445
0.148502
0.201618
0.299053
0.663285
1.87297
1.82818
1.58468
0.569543
2.17015
0.456981
0.251972
0.109801
0.680732
0.762567
0.0578918
1.44252
0.482059
0.716612
0.120539
0.0294951
1.29499
0.28433
0.144608
0.279958
1.78589
-0.0230956
0.421391
0.233561
0.678266
0.113879
1.05435
0.286394
0.148502
0.0919677
0.258751
0.311139
1.55466
-0.204507
0.840282
0.335171
-0.0567796
1.33289
0.153701
0.148502
0.123178
0.130251
0.156379
0.199518
-0.19875
-0.242625
0.277111
0.207473
0.200725
0.179216
0.148502
0.148502
0.144256
0.461996
0.946439
0.29958
-0.190573
-0.466381
3.71942
0.168946
0.135694
0.148502
0.148502
0.218411
0.134307
0.610374
-0.311246
-0.297247
0.066568
1.08237
0.0897873
0.172611
0.143275
0.148502
1.43208
0.735268
0.0273619
0.218973
0.480901
0.560143
-1.35096
-0.116154
0.144248
0.143275
0.533113
0.571461
0.64727
0.739154
-0.271149
0.443817
1.1411
2.4784
-0.108714
0.07853
0.148502
0.73995
0.994472
1.06138
0.414591
0.548644
0.849291
0.407768
1.71989
0.176507
0.116139
0.147768
0.189483
0.291122
0.653921
1.50142
1.71368
0.93979
-1.6761
-0.00131061
0.495337
-0.0292325
0.109358
0.655794
0.539015
0.0326304
1.12378
-0.0684689
0.63868
0.649473
0.662734
-0.422665
-0.699896
0.137309
0.257816
1.58454
-0.0432638
-0.47145
-0.0138986
-2.19713
0.30248
0.030236
1.765
0.147768
0.0878173
0.24025
0.296449
1.5435
-0.378883
-2.11321
0.999388
8.87706
5.75374
0.150566
0.147768
0.122239
0.0999654
0.153618
0.175423
-2.18692
-2.69293
-3.11325
0.745071
0.188804
0.17371
0.147768
0.147768
0.142401
0.420945
-2.72185
-0.35921
-0.875117
-2.65529
3.60275
0.168127
0.133949
0.147768
0.147768
0.214494
-0.217005
0.168476
-1.94498
0.456509
-0.539892
1.06921
0.0873287
0.171452
0.13535
0.147768
-2.72183
-8.69429
5.03654
-2.94392
0.106715
0.425142
-1.36314
-0.120855
0.142779
0.13535
-1.74572
2.73758
3.20272
-2.16733
-0.332847
-0.0353422
1.07961
2.29718
-0.116367
0.0742831
0.147768
6.58868
8.81262
-2.90656
-0.120918
0.280923
0.778721
0.287511
1.68549
0.169857
0.114357
0.147768
0.14236
0.135323
0.254704
0.600401
-0.17469
-0.649726
-2.46642
-0.234651
-0.118799
-0.0630287
-0.366697
0.10559
0.507783
0.253865
-0.432432
-1.73532
-4.84685
0.575306
0.24206
-0.24185
0.151485
-0.327267
0.0272921
0.0897728
0.66526
-0.311723
-3.11196
0.812413
-0.102537
2.61341
0.499918
7.22164
0.14236
0.0165178
0.171279
0.198978
1.19969
-2.00393
-0.0883677
2.24296
0.293274
-3.04877
0.114515
0.14236
0.116337
0.0714045
0.121325
-0.470507
0.14554
-0.0176074
0.226426
0.478674
-0.0210718
0.140654
0.14236
0.14236
0.126981
-0.469428
-0.424394
-0.00767102
-0.514976
0.00159751
24.3435
0.156535
0.122948
0.14236
0.14236
0.184737
0.301529
-0.10821
1.5223
-0.0857379
0.015136
0.12977
0.0641767
0.158699
0.123187
0.14236
-1.81874
0.117638
2.95061
-0.0401909
-0.338127
-1.0107
-1.60224
-0.169014
0.134961
0.123187
-2.66103
-0.305956
-0.883284
-0.137661
-0.408206
-1.37768
-0.126651
1.3399
-0.188125
0.0593821
0.14236
-0.211677
2.31207
-0.000243853
-0.66821
-3.21175
0.0449332
0.026758
1.40978
0.124405
0.104736
0.14236
-2.69063
0.133893
0.0247645
0.230035
0.460408
-1.1061
-4.81297
-0.199895
0.0207663
-0.180622
-0.245084
0.158521
0.0225152
-0.640339
-0.870214
-5.45383
0.0668592
0.362667
0.204302
0.445634
0.173915
0.600833
1.31931
-0.631991
0.400922
18.0155
0.658166
-1.29651
0.067917
0.211801
0.37042
0.341961
-1.11167
0.133893
0.423786
-0.0347486
-0.0954844
-8.63964
-0.0492693
-0.045028
1.77895
0.186604
21.8705
0.364571
0.133893
0.102324
0.00153794
0.0309712
-6.12306
0.121239
1.45356
-0.0273311
-0.168101
1.37898
0.0742439
0.133893
0.133893
0.092264
-0.245408
0.0658442
0.0603226
0.364025
0.163184
-36.143
0.125348
0.0431868
0.133893
0.133893
0.124698
0.429593
0.00819414
2.65057
0.096205
0.180758
-5.58192
-0.086481
0.102339
0.0927084
0.133893
-11.0488
-0.260357
0.263042
-0.17141
-0.105767
-3.52595
-4.68685
-0.833336
0.0419247
0.0927084
-0.584153
-0.86004
-0.0614991
-0.0896583
-0.316357
-2.66148
-3.55323
-0.515685
-0.145626
-0.0637687
0.133893
-2.3878
-0.120523
6.70392
0.0478905
-0.669802
-0.534692
0.640092
3.1898
-0.86255
0.0377625
0.133893
0.332809
-0.720246
0.130998
-0.127053
0.164716
-2.69549
-0.326468
-0.805409
-0.131564
0.000957483
-0.443968
0.58597
0.207506
-0.0140086
-1.27377
2.1773
0.703631
0.0463167
0.168871
0.0994504
0.173745
0.2288
0.152074
-0.15543
0.388324
-3.21155
-23.4543
0.0586424
0.201432
0.167815
0.50896
0.385341
0.327198
1.63304
0.130998
1.53316
-0.630864
0.546552
1.32389
0.160526
0.18997
0.468029
0.100807
1.81127
0.483655
0.130998
0.0945511
-0.087793
-0.234509
6.30802
0.0623265
0.0983652
0.104217
-0.0683041
-0.352013
0.138035
0.130998
0.130998
0.0199527
-0.187078
0.02889
0.0362666
-0.615213
0.0298964
-10.8076
0.718313
0.0877033
0.130998
0.130998
-0.096475
-0.6039
-0.00800394
0.197649
-0.00272334
-0.116778
-5.39087
0.550007
0.105453
0.0837763
0.130998
-3.48194
-0.0121772
0.0277557
-0.0433598
-0.0633215
-0.60755
-4.78059
2.48092
-0.0975306
0.0837763
0.179612
-2.88397
-0.26306
0.179471
0.263585
-0.2261
-2.59247
-13.9496
0.175935
-0.0435133
0.130998
0.452339
-5.03085
-0.320731
0.679986
-0.0630075
-0.939036
-0.0426501
-3.1528
-0.268706
0.0230835
0.130998
0.89242
-0.766247
-0.538267
0.126425
0.0128205
-0.219981
-0.000800574
-0.173496
0.0144076
0.0226626
-0.138262
-9.09306
-0.185492
0.209552
0.726918
4.64547
-0.935516
0.288849
0.261622
0.194777
0.349832
0.531516
0.815195
-2.9704
-0.190078
-0.806747
0.0706207
6.31546
0.16702
0.228728
0.267968
0.332067
0.237368
1.10863
2.87056
0.126425
0.238838
-0.275288
3.43194
-0.597927
0.126599
-0.287581
0.116471
-0.0697754
-11.5217
-0.0141253
0.126425
0.00613811
0.51269
1.07685
-6.1462
0.0978901
-0.114288
-0.0213477
0.568555
-0.67476
0.118357
0.126425
0.126425
-0.0173634
-0.204825
-0.582944
0.0611134
-0.179581
0.0342788
-0.82016
-0.078835
0.0499719
0.126425
0.126425
-0.64371
-1.95373
-0.112154
0.185171
0.167408
-0.0224481
-4.69996
1.54376
0.0958839
0.0638693
0.126425
-4.7587
-0.303039
0.0666793
0.0938668
0.0841866
-0.0778368
4.33493
0.822557
0.147158
0.0638693
0.336135
-2.92368
-0.111753
-0.118909
0.0086307
0.0154402
-0.240053
-11.889
-0.271237
-0.212796
0.126425
0.555906
-5.98847
-2.85557
-0.0260688
1.34984
-0.0458963
0.0837826
-1.85571
1.27252
0.343616
0.126425
0.910933
0.405506
0.180645
-0.228637
0.129334
0.161068
-0.6977
-0.346006
-0.088585
-0.0649425
-0.588152
-4.12182
-4.02257
0.201311
0.216675
0.668551
2.01973
0.241864
0.396434
0.197203
0.208444
0.199047
0.210962
-0.273446
-0.52954
-0.0157088
2.00537
-4.60521
-13.2088
0.305139
0.157564
0.283511
0.293536
0.131335
3.11696
-0.969141
0.129334
-0.526356
0.280428
-0.704308
-0.242102
0.114555
0.220898
0.207058
0.326519
7.26158
0.0532494
0.129334
-0.0223523
0.39646
-0.402586
4.72312
-0.107428
0.0235865
0.470342
1.80171
-0.404638
0.116165
0.129334
0.129334
0.0746911
0.119043
3.42786
-0.240436
0.0125973
0.118994
-15.0852
0.724842
0.0794421
0.129334
0.129334
-0.358004
-0.594374
-4.40404
0.229092
0.0142153
0.168329
7.66605
-0.212239
0.121982
0.0850399
0.129334
-0.932714
-5.10262
-0.250968
-0.0232761
-0.19285
-0.21146
2.83705
-1.38355
-0.481732
0.0850399
0.365313
-0.378985
-2.98019
-0.398967
-0.0695664
-0.174469
-0.0814962
-19.7972
-1.33962
-0.113785
0.129334
0.613764
-0.706627
-1.85941
-0.270612
-0.146621
1.08224
0.0984497
-0.72453
0.498778
0.395712
0.129334
0.902398
-0.180828
-1.82767
-0.734997
-0.176601
0.142416
0.187142
-0.978623
-0.0634453
-0.0572076
-0.407476
-2.25236
-1.01017
-0.444049
0.232599
0.234919
-0.271677
-2.74347
-0.825613
0.264621
0.333172
-0.0122511
0.059198
0.277726
-0.236969
3.98096
0.05691
1.65561
3.60365
16.3163
0.0757132
1.26109
0.501553
0.608204
0.403412
1.58497
-0.114862
0.142416
-0.213055
-0.147037
-2.30976
0.108512
0.205214
0.0445234
0.0993675
-2.41487
-5.39857
0.107949
0.142416
0.0938176
0.013085
0.10586
2.5071
0.187729
0.434979
0.176197
-4.03588
-0.0590332
0.132677
0.142416
0.142416
0.129925
0.378478
0.0736914
0.0917999
0.524072
-0.236143
-0.737177
-0.185677
0.110882
0.142416
0.142416
0.152795
0.0689606
0.786577
0.0558131
0.130506
0.184615
-2.29645
-0.616117
0.138738
0.105119
0.142416
0.87646
-1.62414
-1.64301
0.2715
0.170618
0.0672715
-1.74335
-1.83141
0.00412118
0.105119
0.448021
0.122206
0.932765
-0.712256
-0.733269
0.240743
0.117905
3.10212
-1.03012
-0.0553672
0.142416
0.683575
-0.473559
0.752011
0.0651817
-0.792026
-0.298703
1.29868
-0.577584
1.1946
-0.111294
0.142416
1.01864
0.407652
2.6518
-0.267585
0.636911
-0.110559
0.147512
0.196715
0.0834544
-0.273733
0.181054
-0.600125
1.38834
0.440668
1.87749
0.448638
0.248707
0.107119
0.506331
0.792107
2.33969
-0.285716
0.181948
-2.27671
-0.979394
-0.145581
-2.50659
0.266662
0.126447
-0.84275
30.8728
1.7247
1.35421
-0.374737
0.408115
-0.191445
-2.96606
0.225058
0.147512
0.0836524
0.232915
-0.13551
9.14482
0.669122
1.04954
0.0303965
-0.541814
1.18306
0.147096
0.147512
0.120153
0.106809
0.148595
7.63105
2.05528
4.31705
-0.255917
-2.74834
0.12246
0.172731
0.147512
0.147512
0.142099
0.444749
0.0318086
0.0452546
1.66726
0.489451
2.27681
0.0121117
0.134171
0.147512
0.147512
0.212163
0.0573005
0.26038
-0.0769665
2.71634
-0.120893
-1.74324
0.0424801
0.170012
0.139479
0.147512
1.39111
0.675817
-3.20321
0.644636
-0.601177
2.93362
-7.50804
-0.303843
0.137743
0.139479
0.516058
0.532345
-0.821993
-1.96132
-4.08069
-0.182026
0.48814
-2.54476
-0.632923
0.028257
0.147512
0.684453
-1.15404
-1.92931
-1.3166
-2.83271
-2.69006
-1.09918
6.70379
0.132586
0.0194977
0.147512
1.13117
0.806977
1.03165
-0.00415758
-0.354873
-3.14291
-7.29319
0.148502
0.201618
0.299053
0.663285
1.87297
1.82818
1.58468
0.569543
2.17015
0.456981
0.251972
0.109801
0.680732
0.762567
0.0578918
1.44252
0.482059
0.716612
0.120539
0.0294951
1.29499
0.28433
0.144608
0.279958
1.78589
-0.0230956
0.421391
0.233561
0.678266
0.113879
1.05435
0.286394
0.148502
0.0919677
0.258751
0.311139
1.55466
-0.204507
0.840282
0.335171
-0.0567796
1.33289
0.153701
0.148502
0.123178
0.130251
0.156379
0.199518
-0.19875
-0.242625
0.277111
0.207473
0.200725
0.179216
0.148502
0.148502
0.144256
0.461996
0.946439
0.29958
-0.190573
-0.466381
3.71942
0.168946
0.135694
0.148502
0.148502
0.218411
0.134307
0.610374
-0.311246
-0.297247
0.066568
1.08237
0.0897873
0.172611
0.143275
0.148502
1.43208
0.735268
0.0273619
0.218973
0.480901
0.560143
-1.35096
-0.116154
0.144248
0.143275
0.533113
0.571461
0.64727
0.739154
-0.271149
0.443817
1.1411
2.4784
-0.108714
0.07853
0.148502
0.73995
0.994472
1.06138
0.414591
0.548644
0.849291
0.407768
1.71989
0.176507
0.116139
0.148502
1.15582
0.819372
1.05128
1.53943
1.26412
0.893752
2.20815
0.925876
0.148502
0.201618
0.299053
0.663285
1.87297
1.82818
1.58468
0.569543
2.17015
0.456981
0.251972
0.109801
0.680732
0.762567
0.0578918
1.44252
0.482059
0.716612
0.120539
0.0294951
1.29499
0.28433
0.144608
0.279958
1.78589
-0.0230956
0.421391
0.233561
0.678266
0.113879
1.05435
0.286394
0.148502
0.0919677
0.258751
0.311139
1.55466
-0.204507
0.840282
0.335171
-0.0567796
1.33289
0.153701
0.148502
0.123178
0.130251
0.156379
0.199518
-0.19875
-0.242625
0.277111
0.207473
0.200725
0.179216
0.148502
0.148502
0.144256
0.461996
0.946439
0.29958
-0.190573
-0.466381
3.71942
0.168946
0.135694
0.148502
0.148502
0.218411
0.134307
0.610374
-0.311246
-0.297247
0.066568
1.08237
0.0897873
0.172611
0.143275
0.148502
1.43208
0.735268
0.0273619
0.218973
0.480901
0.560143
-1.35096
-0.116154
0.144248
0.143275
0.533113
0.571461
0.64727
0.739154
-0.271149
0.443817
1.1411
2.4784
-0.108714
0.07853
0.148502
0.73995
0.994472
1.06138
0.414591
0.548644
0.849291
0.407768
1.71989
0.176507
0.116139
0.148502
1.15582
0.819372
1.05128
1.53943
1.26412
0.893752
2.20815
0.925876
0.148502
0.148502
0.201618
0.299053
0.663285
1.87297
1.82818
1.58468
0.569543
2.17015
0.456981
0.251972
0.109801
0.680732
0.762567
0.0578918
1.44252
0.482059
0.716612
0.120539
0.0294951
1.29499
0.28433
0.144608
0.279958
1.78589
-0.0230956
0.421391
0.233561
0.678266
0.113879
1.05435
0.286394
0.148502
0.0919677
0.258751
0.311139
1.55466
-0.204507
0.840282
0.335171
-0.0567796
1.33289
0.153701
0.148502
0.123178
0.130251
0.156379
0.199518
-0.19875
-0.242625
0.277111
0.207473
0.200725
0.179216
0.148502
0.148502
0.144256
0.461996
0.946439
0.29958
-0.190573
-0.466381
3.71942
0.168946
0.135694
0.148502
0.148502
0.218411
0.134307
0.610374
-0.311246
-0.297247
0.066568
1.08237
0.0897873
0.172611
0.143275
0.148502
1.43208
0.735268
0.0273619
0.218973
0.480901
0.560143
-1.35096
-0.116154
0.144248
0.143275
0.533113
0.571461
0.64727
0.739154
-0.271149
0.443817
1.1411
2.4784
-0.108714
0.07853
0.148502
0.73995
0.994472
1.06138
0.414591
0.548644
0.849291
0.407768
1.71989
0.176507
0.116139
0.148502
1.15582
0.819372
1.05128
1.53943
1.26412
0.893752
2.20815
0.925876
0.148502
0.148502
