0000000000000000000100000001111100000110001000010000110001000011000011111100000000110000000011000000001100000001100000000
0000000000000000100000000010100000001001000000010110000000110100000000001000000000010000000000100000000001000000000010000
0000000000000000001000000001111000000110110000011001100000111110000000001100000000110000000001000000000110000000001000000
0000000000000000001100000001100000000110000000001001000000011110000000001000000000110000000011000000000100000000001000000
0000000000000000001100000001111100000100011000010001100000111110000001111000000001100000000010000000001100000000110000000
0000000000000000010000000011110000001100100000100111100011111111000011000110000000011000000000110000000011000000001100000
0000000000000000110000000011110000001000000000100000000001101100000001100100000000001000000000010000000001100000000011000
0000000000000000110000000111110100011100111000110001100011001111000111111100001110011000000001100000000011000000000110000
0000000000000000110000000110001000000000001000100000100001000011000010001100000011011000000000100000000011000000000100000
0000000000000000110000000111100000001000010000100001100001100110000001100100000000010000000000100000000011000000000100000
0000000000000000000000000001100000000101010000010001000000111100000000111000000000100000000001000000000110000000001000000
0000000000000000000000000001100000000101100000010011000000111110000000001000000000010000000001000000000010000000000100000
0000000000000000000000000111100000011111000000110001100001101111000001111110000000001000000000010000000000100000000001000
0000000000000000000100000001111000000110010000011001100001100110000011111100000011110000000001000000000110000000011000000
0000000000000000000000000001110000001101100000110011000001001110000011110100000000001000000000010000000000100000000001000
0000000000000000000000000111100000001000100000100011000001000110000010010100000011001000000000010000000000100000000001000
0000000000000000000000011111000000110111110011000011100011000111000110001110000111111100000000001100000000011000000000010
0000000000000000000000000011110000001000100000010001000000110110000000111100000000011000000000110000000001100000000011000
0000000000000000110000000111110000011000110001100001000010000011000111011100000011001100000000001000000000010000000000100
0000000000000000000100000001111000000111110000011011100000111110000001111100000000110000000011000000000110000000011000000
