0000011000000011111000000110010000011001100001100011000000001100000000011000000001100001000111111110001111110000000000000
0000010000000111110000000000110000000001100000000011000000001100000000010000000001000000000110001100001111110000000000000
0000011000000011111000000110010000011001100001100011000000001100000000011000000001100001000111111110001111110000000000000
0000000000000001110000000011110000000000100000000001000000011111000111111111001111110010011111000000000000000000000000000
0000010000000001111000000100110000000001000000000010000000001000000000011000000001111100000111000100001100000000000000000
0000010000000111110000000000110000000001100000000011000000001100000000010000000001000000000110001100001111110000000000000
0000000000000000000000001111111100110000110000000001100000000110000000011000000001100010000111111100011110000000000000000
0000111100000110000100000000001000000000010000000001000000001000000000100000000110000000011000000000011111110000000000000
0000000000000000000000000001110000000000100000000001000000000110000011111111101110000000000000000000000000000000000000000
0000000000000000111000000011110000000000110000000001100000000010000111111100011001111110011100000000000000000000000000000
0000000000000001111000000111001000000010010000000001100000000010000111111000000011111000011100011000000000110000000011000
0000011000000000011000000000010000000001100000000111000000001100000001110010000111111000001111000000000000000000000000000
0000111100000110000100000000001000000000010000000001000000001000000000100000000110000000011000000000011111110000000000000
0000000000000000000000000001110000000000100000000001000000000110000011111111101110000000000000000000000000000000000000000
0000000000000001111000000111001000000010010000000001100000000010000111111000000011111000011100011000000000110000000011000
0000000000000001111000000111001000000010010000000001100000000010000111111000000011111000011100011000000000110000000011000
0000000000000001111000000111001000000010010000000001100000000010000111111000000011111000011100011000000000110000000011000
0000000000000001111000001100011000010000110000000011000000001100000000110000000011000001000100001100011001110000011110000
0001111000000111111000000000110000000001100000000010000000001100000000010000000001000000000110001000001111100000000000000
0000000000000001111000000111001000000010010000000001100000000010000111111000000011111000011100011000000000110000000011000
0000000000000000000000000000000000000000000000000000000000000000000000000000000000000000000000000000000000000000000000000
1111111111111111111111111111111111111111111111111111111111111111111111111111111111111111111111111111111111111111111111111
