0000001000000001111100000100011100011000011000111001100000111111000011000011000110000110001100001100001111110000001100000
0000000000000000111100000111111000011101100000110110000001111000000011110000000011100000000001110000000011111000000011110
0000000100000000010110000001001000000010110000000101000000001100000001110000000010110000001101100000011110000000011000000
0000000000000000010000000011111100001110011100011000110000110011000000111000000001110000000011100000000111000000001110000
0000000000000000000000000001111110000110011100011001110000110110000001110000000011000000001110000000110100000000111000000
0000000000000000100000000011001000001000100000011111000000001110000000011100000000101000000001010000000011000000000100000
0000000000000001111100001111011100111000111101100011110001100111000011111000000001111000000111111000001111110000001111100
0000000000000000111100000001101100000011011000000111100000001100000001110000000111100000001011000000111110000000111000000
0000000000000001110000000111100000001011000000001100000000011100000000101100000010001000000100010000000100100000000111000
0000000000000011111000001111111000111000111001110011100001111110000001111000000011111100000110111100001110110000000111000
0000000000000000011110000001100110000110011000001001100000010110000000111000000001100000000111000000011100000000111000000
0000000000000001100100000110011000011111100000111111000000001110000000010100000001101000000010010000000101000000001100000
0000000000000000111100000010011000001100110000001011000000011100000000110000000011010000000100100000001011000000011100000
0000000000000000001111000011111100000111110000001111000000011110000001110100000011001000001111110000011111000000011000000
0000000000000000011110000001101100001100110000011011000000011100000000111000000011010000001101100000011110000000111000000
0000000000000000111100000111001100001000001000011000100000011110000000011000000011010000001100100000010010000000111000000
0000000000000000111111000011111110000110011100001101111000011111000011111000001111110000011001100000111111000000011100000
0000000000000001111000000110010000001100100000001111000000011100000000100100000011001000000110010000000100100000001110000
0000000000000000011100000111111000011011000000111100000000011000000000111100000001001100000010001100000110011000001111100
0000000000000011111000000111111000000001110000011111100001111111000011110110000110001100001111110000001111100000000100000
