0000000000000000011110000011111110001110001101111110011011100001101110000011011000001100011001110000111111000000011000000
0000000011000000011110000001111110000111001100011100010001110001100111000011001100001100111001110000111111000000110000000
0000000000000000111100000011111100001111111100111100011011111001100110010111001100111100011011110000111111000000111100000
0000000000000001111000000110111000011000011000100000010011000000110110000001101100000010001100011100001111110000000000000
0000000000000000111100000001111100001110001000011000010001100000100011000011001110001100001111110000011110000000000000000
0000000100000000011110000001111100000111001000011100010001100001100110000011001100001100011001110000111111000000010000000
0000000110000000011100000011111000001110110000111000100001100001100111000010001100001100011101111000011111000000001000000
0000000000000000011100000001111100000111001000011000110001100001100011000110001100011000011011100000111100000000100000000
0000000000000000000000000111111000011000001001100000001010000000010100000001101000001110001111110000000000000000000000000
0000010000000001110000000100010000001000100000110001100001000001000010000010000110001100000100010000001100100000001110000
0000001000000001110000000111110000001100100000011001100000100001000011000011000110000110000110011000001111100000000110000
