0000000000000011000000001110001110011000011000110001100011000110000111111111100111111100000001110000000011000000001100000
0000000000000000100000000011000110001110011000011001110001111111000111111110000000110000000011100000001110000000011000000
0000000000000001000000000110100000001101000000011010000000011110000000011100000000011000000000110000000001100000000011000
0000000000000000100000000010000000000100000000001001000000111110000000111100000000010000000000100000000001000000000000000
0000000000000000001000001100010000010000100000110001000001111111000000001100000000011000000000110000000001100000000011000
0000000000000000001000000000010000001000100000010001000001100110000011111100000000010000000000100000000001000000000000000
0000000000000001000000000010001000001100010000010001100001101110000001111100000000010000000000100000000001000000000110000
0000000000000001000000000110100000001101000000011010000000011110000000011100000000011000000000110000000001100000000011000
0000000000000000100000000011001100000100010000011001100000011110000000011100000000100000000011000000001100000000110000000
0000000000000011000000001110001110011000011000110001100011000110000111111111100111111100000001110000000011000000001100000
0000000000000000001000010000011000100000110001100001100011000001000011111110000110000100000000001000000000011000000000010
0000000000000000000000001100000000010000100000100011000001100110000000110100000000001000000000010000000000100000000001100
0000000000000000001000010000011000100000110001100001100011000001000011111110000110000100000000001000000000011000000000010
0000000000000000000100000000011000001000110000110001000001000111000011111100000010110000000001000000000110000000001000000
0000000010000010000100001100001000010000011001100000110011000001100110000001000111111111000010000110000000000000000000000
0000000000000000000010000000001000000000010000001001000000100100000011111110000100100000000010000000000100000000000000000
0000000000000001000000000010001000001100010000010001100001101110000001111100000000010000000000100000000001000000000110000
0000000000000000000010000000001000000000010000001001000000100100000011111110000100100000000010000000000100000000000000000
0000000000000110000000001100011000010000110000100001100011000011000111111110000111111100000000011000000000110000000000000
0000000000000001000000000110100000001101000000011010000000011110000000011100000000011000000000110000000001100000000011000
0000000000000000000000000000000000000000000000000000000000000000000000000000000000000000000000000000000000000000000000000
1111111111111111111111111111111111111111111111111111111111111111111111111111111111111111111111111111111111111111111111111
