0000000000000111000000111111000000000110000000001110000000000110000000000110000000000110000000000100000000001000000111100
0000000000000011111110001111111100110000111001100011100000001110000000001100000000001100010000001001111111110001111111100
0000000000000001110000001111111000000000010000000011000000111000000000100000000000100000000000100000001001100000011110000
0000010000000001110000000000100000000001000000000110000000011100000000001000000000000000000000100000001011000000001100000
0000000000000001111000000110010000010000100001100011100010001111100100010001101000000011011000001100011111100000000000000
0000010000000001110000000000100000000011000000001110000000010110000000000110000000001100000000110000011111000000011000000
0000001110000011111110001111101100011000111000000111100000001111000000000011011000000110111000111100111111100000011100000
0000010000000111010000001000100000110001100001000011100000001100100000010001000000000010001000001100001111110000000010000
0000000000000011111110001111111100110000111001100011100000001110000000001100000000001100010000001001111111110001111111100
0000000000000011110000001100110000000001100000000011000000011110000000000100000000001000000000110000111011000000011100000
0000000000000111111000011100010000000001100000011111000001111111000000000011000000000010000000001100001111110000001111000
0000010000000001110000000000100000000001000000000110000000011100000000001000000000000000000000100000001011000000001100000
0000000000000011110000001100110000000001100000000011000000011110000000000100000000001000000000110000111011000000011100000
0000001100000000001000000000010000000001100000001111000000010011000000000110000001111000001111100000011110000000000000000
0000000000000001110000000000010000000000100000000110000000001100000000001000000000010000000000100000001010000000001000000
0000000000000011111000001111111000011000110000011111100000011111000001100110000010000110000110001100000110110000000111000
0000000000000011111000001111111000011000110000011111100000011111000001100110000010000110000110001100000110110000000111000
0000000000000001100000011111100001110111000000011100000000011110000000001111000000000110000000111100001111100000001100000
0000110000000001111000000000111000000111110000001111000000000010000000000100001110011000011111110000011111000000000000000
0000000000000011111000001111111000011000110000011111100000011111000001100110000010000110000110001100000110110000000111000
0000000000000000000000000000000000000000000000000000000000000000000000000000000000000000000000000000000000000000000000000
1111111111111111111111111111111111111111111111111111111111111111111111111111111111111111111111111111111111111111111111111
