0000000000000000010000000011111100001110011100011000110000110011000000111000000001110000000011100000000111000000001110000
0000000000000000001111000011111100000111110000001111000000011110000001110100000011001000001111110000011111000000011000000
0000000000000011111000000111111000000001110000011111100001111111000011110110000110001100001111110000001111100000000100000
0000000000000000010000000011111100001110011100011000110000110011000000111000000001110000000011100000000111000000001110000
0000000000000000100000000011001000001000100000011111000000001110000000011100000000101000000001010000000011000000000100000
0000000000000000011100000111111000011011000000111100000000011000000000111100000001001100000010001100000110011000001111100
0000000000000000011100000111111000011011000000111100000000011000000000111100000001001100000010001100000110011000001111100
0000000000000000111100000010011000001100110000001011000000011100000000110000000011010000000100100000001011000000011100000
0000000000000000111100000010011000001100110000001011000000011100000000110000000011010000000100100000001011000000011100000
0000000000000000011100000111111000011011000000111100000000011000000000111100000001001100000010001100000110011000001111100
0000000000000001111100001111011100111000111101100011110001100111000011111000000001111000000111111000001111110000001111100
0000000000000000011100000111111000011011000000111100000000011000000000111100000001001100000010001100000110011000001111100
0000000000000000111100000001101100000011011000000111100000001100000001110000000111100000001011000000111110000000111000000
0000000000000000100000000011001000001000100000011111000000001110000000011100000000101000000001010000000011000000000100000
0000000000000000011110000001101100001100110000011011000000011100000000111000000011010000001101100000011110000000111000000
0000000000000000001111000011111100000111110000001111000000011110000001110100000011001000001111110000011111000000011000000
0000000000000000011110000001101100001100110000011011000000011100000000111000000011010000001101100000011110000000111000000
0000000000000000001111000011111100000111110000001111000000011110000001110100000011001000001111110000011111000000011000000
0000000000000000100000000011001000001000100000011111000000001110000000011100000000101000000001010000000011000000000100000
0000000000000000001111000011111100000111110000001111000000011110000001110100000011001000001111110000011111000000011000000
0000000000000000000000000000000000000000000000000000000000000000000000000000000000000000000000000000000000000000000000000
1111111111111111111111111111111111111111111111111111111111111111111111111111111111111111111111111111111111111111111111111
