0000000000000000000000000001110000000000100000000001000000000110000011111111101110000000000000000000000000000000000000000
0000111000000000001000000000010000000000100000000001000000000010000001111110000110010100001111000000001000000000000000000
0000000000000001111100000011001100000000011000000001100000001110000111111110011100110100111111001101111000011000000000000
0000010000000111110000000000110000000001100000000011000000001100000000010000000001000000000110001100001111110000000000000
0000000000000000000000001111111100110000110000000001100000000110000000011000000001100010000111111100011110000000000000000
0000000000000000111000000011110000000000110000000001100000000010000111111100011001111110011100000000000000000000000000000
0000011000000011111000000110010000011001100001100011000000001100000000011000000001100001000111111110001111110000000000000
0000111100000001001100000000011000000000110000000001000000000110000011111100001111111100011111001100010000000000000000000
0000000000000111110000011111100000000001100000000001000000000110000001111111000111111111001111000110011100000000000000000
0000011000000001110000000010100000000001000000000010000000101100000011110000000101111001001100011110000000000000000000000
0000000000000001111000001100011000010000110000000011000000001100000000110000000011000001000100001100011001110000011110000
0000000000000001111000000111001000000010010000000001100000000010000111111000000011111000011100011000000000110000000011000
0000000010000001111110000011111100000001110000000111000000011100000001110000000111011110001111111000011110000000000000000
0000010000000001111000000100110000000001000000000010000000001000000000011000000001111100000111000100001100000000000000000
0000111100000110000100000000001000000000010000000001000000001000000000100000000110000000011000000000011111110000000000000
0001000000001111110000001111111000000000110000000001100000000011000000000110000000011100001111111110011111100000110000000
0000011000000000011000000000010000000001100000000111000000001100000001110010000111111000001111000000000000000000000000000
0001111000000111111000000000110000000001100000000010000000001100000000010000000001000000000110001000001111100000000000000
0000000000000001110000000011110000000000100000000001000000011111000111111111001111110010011111000000000000000000000000000
0000001000000001111000000010010000000000100000000011000000000110000000001000000000110000000011111000011111110000000000000
