0000000000000000011000000000100000000001000000000110000000001100000000110000000001100000000010000000001100000000000000000
0000000000000001000000000000000000000010000000000100000000001000000000001000000000010000000000100000000000100000000000000
0000000000000000100000000001000000000010000000000100000000001000000000010000000000100000000001000000000010000000000010000
0000000001000000000110000000011000000000110000000011000000001100000000111000000011100000000110000000011000000000000000000
0000000000000000001000000000010000000001100000000010000000001100000000010000000001100000000110000000001000000000000000000
0000001000000000011000000001100000000111000000111010000000000100000000001000000000010000001111111000011000000000000000000
0000000000000000000110000000001000000000110000000011000000001100000000110000000001000000000110000000011000000000100000000
0000000100000000011100000000111000000001100000000111000000001110000000111000000011110000000111000000001100000000010000000
0000000000000000000011000000001100000000110000000011000000001100000000110000000011000000001100000000010000000001100000000
0000000000000000001000000000010000000001100000000110000000001100000000010000000001100000000011000000001100000000000000000
0000001000000000011000000001100000000011000000000110000000001000000000110000000001100000000011000000001110000000001000000
