0000000100000000001000000000010000000000100000001011000000100110000001111100000000100000000001000000000010000000000000000
0000000000000000010000000100100000001001000000010010000000100100000001111110000000110000000000110000000000100000000001000
0000000000000001000000000010001000001100010000011000100000100001000011110110000111111100001000011000000000110000000000000
0000000000000000001000001000010000010000100000100001000001000010000001111100000000011000000000110000000001100000000001000
0000000000000000000000001100001100010000110001100001000010000110000111111100000000001000000000010000000000100000000001000
0000000000000000010000000000100000000001000000011110000000100100000001011110000011110000000000100000000001000000000000000
0000000000000000000110000011001100001100110000110011100001100110000011011110000011111000000001100000000010000000001110000
0000000000000000100000001001100000010011000000110110000001111100000000111100000000011000000000110000000000100000000001100
0000000000000000000001000000000110000000011000001000100001111111000110011100000000100000000010000000000100000000000000000
0000000000000000001000000000010000000110100000001001000000110010000111111111001110001000000000010000000001100000000001000
0000000000000000000000000110011000001100100000110011000001111111000000111100000000110000000001100000000010000000000100000
