0001110000000111110000001000000000100000000001100000000001111111000000000001000000000010000010001100000111110000000010000
0000000000000011111000001111110000011000000000010000000000100111000001111001000011000010000000101100000011110000000011000
0000000000000001110000000110000000001100000000011000000000011110000000001100000000001000000000110000000111000000001000000
0000000000000011111000001111110000011000000000010000000000100111000001111001000011000010000000101100000011110000000011000
0000000000000000000100000011111000001100100000011000000000011100000000011000000000010000000000100000001011000000011100000
0000000000000111110000001000000000010000000001000011000010111101110111000000100000000011000100001100001111110000001000000
0000000010000000001000000001100000000100000000001000000000111000000001001000000000000000000000100000001110000000000000000
0000000000000000001111000011111000011110000001100000000011110000000000111100000000011100000000011000000100110000001111000
0000000000000000000000000011110000001000111100100000000001100000000000111000000000010000000000010000000001100000001100000
0001110000000111110000001000000000100000000001100000000001111111000000000001000000000010000010001100000111110000000010000
0000000010000000001000000001100000000100000000001000000000111000000001001000000000000000000000100000001110000000000000000
0000000000000000011000000111111000011111100000111110000000011110000000001110000000001100010000111000111111100000111110000
0001110000000111110000001000000000100000000001100000000001111111000000000001000000000010000010001100000111110000000010000
0000000010000000001000000001100000000100000000001000000000111000000001001000000000000000000000100000001110000000000000000
0001110000000111110000001000000000100000000001100000000001111111000000000001000000000010000010001100000111110000000010000
0000000000000000000011000111111000011100000000001100000000000110000010000100001100001100001100110000001111000000000000000
0000000000000000000010000001111000000110000000000100000000011000000000110000000001000000000010000000000100000000110000000
0000000000000000000000000000000000000001111100001100000000110000000000010000000000100000010110000000000000000000000000000
0000000000000000000000000011110000001000111100100000000001100000000000111000000000010000000000010000000001100000001100000
0000000000000111110000001000000000010000000001000011000010111101110111000000100000000011000100001100001111110000001000000
0000000000000000000000000000000000000000000000000000000000000000000000000000000000000000000000000000000000000000000000000
1111111111111111111111111111111111111111111111111111111111111111111111111111111111111111111111111111111111111111111111111
