0001000000000110000000001000000100010000001000100000110001000001000010000010000110011100000111101000000000000000000000000
0000011000000001100000000110000000001100000000010001100001100111100011001001100011110010000011111100000000100000000000000
0000110000000001000000000010000000000100000000000011000000101111000001010010000011101100000011111000000000000000000000000
0000011000000000100000000010000000000100000000010001000000101101000010010010000110001100000111110000000110000000000000000
0000011000000000100000000010000000000100000000010001000000101101000010010010000110001100000111110000000110000000000000000
0000000000000000111000000011100000001100000000110000010011000011110110001111001100111100001111100000000000000000000000000
0000001100000000011000000001100000000110000000001100000000011100000001111100000011111000000011110000000010000000000000000
0000010000000001100000000010000000000100000000011000000000110000000001101111000011110110000011111000000001000000000000000
0000001100000000011000000001100000000110000000001100000000011100000001111100000011111000000011110000000010000000000000000
0000011000000001100000000110000000001100000000010001100001100111100011001001100011110010000011111100000000100000000000000
0000001000000000110000000001000000000110000000001000100000110111000001011010000011111100000111110000000010000000000000000
0000000110000000001100000000110000000011000000001101110000111111110001111111000111111100011111110000110000000000000000000
0000010000000001000000000110000000001000000000010000000000100011100001001001000011000110000011111000000001000000000000000
0000010000000001000000000110000000001000000000010000000000100011100001001001000011000110000011111000000001000000000000000
0000010000000001000000000110000000001000000000010000000000100011100001001001000011000110000011111000000001000000000000000
0000011000000000110000000011000000001100000000011000100001111111100011111111000111111100000111100000001000000000000000000
0001000000000110000000001000000100010000001000100000110001000001000010000010000110011100000111101000000000000000000000000
0000000100000000010000000001100000000110000000001001100000111111000001110010000011001100000111110000001110000000000000000
0000000011000000001100000000110000000011000000001100000000011000000001101000000010011000000111100000001110000000000000000
0000001100000000010000000001000000000100000000001000100000100111000001010010000010101000000111100000000100000000000000000
0000000000000000000000000000000000000000000000000000000000000000000000000000000000000000000000000000000000000000000000000
1111111111111111111111111111111111111111111111111111111111111111111111111111111111111111111111111111111111111111111111111
