0000000000000001111000000111010000011000010001100001100011000011000110011100000111111000000000110000000001111000000011000
0000000000000000010000000011100000001100100000110011000001111110000001101100000000010000000001100000000010000000000100000
0000000000000000100000000011100000001101100000011011100000111110000000001100000000010000000001100000000010000000001100000
0000000000000000000000000011010100011000011001000000100010000110000100011000000111010000000001000000000010000000000110000
0000000000000000001000000011110000001100100000110011100001111110000000001100000000110000000001100000000110000000001000000
0000000000000000011000000011111000001100110000110001100001000110000011011100000011101000000000010000000000100000000001000
0000000000000000000000000000111000000111110000011111100000111110000001111000000000100000000011000000000100000000011000000
0000000000000000000000000001110000000100100000010011000000111110000000001000000000010000000000100000000001000000000010000
0000000000000000100000000011100000001101100000011011100000111110000000001100000000010000000001100000000010000000001100000
0000000000000001111000000111010000011000010001100001100011000011000110011100000111111000000000110000000001111000000011000
0000000000000000000000000011100000000101100000011011000000000110000000111000000000010000000000100000000001000000000010000
0000000000000000000000000000000000000000000000000000000000000000000000000000000000000000000000000000000000000000000000000
1111111111111111111111111111111111111111111111111111111111111111111111111111111111111111111111111111111111111111111111111
