0000000000000001100000000110000000011100000000011110000000000110000000000100000000001000000000010000000111100000000100000
0000000000000000111111000011111100000110000000011110000000110110000000000100000000001000111111110000111111000000000000000
0000000010000000111100000011100000000110000000000110000000000110000001000110000110000100001100011000001111100000000100000
0000000000001111110000011110000000110000000000111111100000110001100000000001000001000011000111101100000111111000000001000
0000000000000000111110000011000000001100000000011111100000000001000000000010000000011100011111110000011110000000010000000
0000000000000000110000000111111110001111111100011111000001111000000111111000000101110000001111100000011110000000011000000
0000001000000000111000000001111100000110001100011100000000111110000000001100000000011000011001100000011110000000001000000
0000000000000001110000000011111000000100001000001000000000010000000000110000000000110000000000100000000001000000011110000
0000000001000000111111000011111100001100000000011110000000010110000000000010011000000100011000011000111111100000000000000
0000000000000001111110000011000000000110000000011111000000111111000011000011011100000110011000111100011111100000000000000
0000000000000000111111000111000000001000000000110000000000011000000000001000000000001000000000010000001000100000001110000
