0000000000000000000000001110000000011111111000000000110000000011000000001100000000110000000011000000000100000000011000000
0000000000000000000000000111100000011111100001100001100011000001000110000010000000001100000000011000000001100000000010000
0000000000000000000000001110000000011111111000000000110000000011000000001100000000110000000011000000000100000000011000000
0000000000000000000000000111110000011100110001110001100000000011000000001100000000010000000001100000000010000000001100000
0000000000000000000000001110000000011111111000000000110000000011000000001100000000110000000011000000000100000000011000000
0000000000000000000000000010000000001111111000011000100001100011000000000100000000011000000000100000000010000000001100000
0000000000000001000000000111100000001111100000111001100001100011000000001110000000011000000001110000000011000000001110000
0000000000000000000000000111110000011100110001110001100000000011000000001100000000010000000001100000000010000000001100000
0000000000000000000000000111111000011000010000100000100000000010000000001100000000010000000001100000000010000000001100000
0000000000000000000000000111111000011000010000100000100000000010000000001100000000010000000001100000000010000000001100000
0000000000000000000000000111100000011111100001100001100011000001000110000010000000001100000000011000000001100000000010000
0000000000000000000000000111110000011110110000000001100000000010000000001100000000010000000001100000000011000000001100000
0000000000000000000000000111111000011000010000100000100000000010000000001100000000010000000001100000000010000000001100000
0000000000000000001000000001111000000111100000011001000001100010000000001100000000110000000001000000000110000000011000000
0000000000000000000000000111111000011000010000100000100000000010000000001100000000010000000001100000000010000000001100000
0000000000000000000000001110000000011111111000000000110000000011000000001100000000110000000011000000000100000000011000000
0000000000000000000000001110000000011111111000000000110000000011000000001100000000110000000011000000000100000000011000000
0000000000000000000000000011111000011100011001100000100110000011000000000110000000011000000000100000000011000000000100000
0000000000000000000000001110000000011111111000000000110000000011000000001100000000110000000011000000000100000000011000000
0000000000000010000000001111110000000001111000000000011000000001100000001110000000111000000111000000011000000001100000000
0000000000000000000000000000000000000000000000000000000000000000000000000000000000000000000000000000000000000000000000000
1111111111111111111111111111111111111111111111111111111111111111111111111111111111111111111111111111111111111111111111111
