0000000000000010000000000100000000001001110000010010110000111101100001110010000001100100000011111000000011100000000010000
0001100000000010000000000100000000001000000000010000000000100011000001111110000011100100000011111000000011000000000000000
0001100000000011000000000110000000011100000000111111110001111111100011110001100011111111000111111000000100000000000000000
0000001100000000111100000001100000000110000000001100000000111000000001110000000011110000000011110000000111100000000110000
0000001100000000111000000010000000001100000000010000000000101110000001111100000011001100000110001000000111100000000010000
0000011000000001100000000011000000001100000000010001100001100111100010111011000111111110000111110000000000000000000000000
0000100000000001000000000110000000001000000000010000000001100001110011000111100111111110000111111000000000000000000000000
0000000110000000011000000001100000000110000000011001110001101111110110011001001000111100011111100000011100000000000000000
0001110000000011100000000111000000001100000000111000000001101111000011111111000111111110000111111000000010000000000000000
0000000000000001100000000100000000010000000001000001111010000110010100011000100100100011000111111000000000000000000000000
0000000110000000011000000001100000000010000000001100000000010000000001111000000011011000000101100000001110000000000000000
