0000000000000000011000000000110000000011100000000111000000011100000000111000000001100000000111000000001100000000000000000
0000000000000000001100000000110000000001100000000110000000001100000000110000000001100000000110000000001000000000000000000
0000000000000000011000000000110000000001000000000110000000001100000000111000000001100000000011000000000110000000001000000
0000000000000000001100000000110000000001100000000110000000001100000000110000000001100000000110000000001100000000010000000
0000000000000000011110000001111100000111110000001111100000011110000001111100000011111000001111100000011111000000011110000
0000000100000000011000000000110000000001000000000110000000001100000000110000000001100000000110000000001100000000010000000
0000000000000000100000000001000000000010000000001110000000011100000000011000000000110000000001100000000011000000000000000
0000000000000000010000000001100000000001000000000110000000001000000000010000000001100000000010000000000100000000001100000
0000000000000000010000000000110000000001100000000110000000001100000000010000000000100000000011000000000110000000001000000
0000000000000000001000000000010000000001100000000110000000001100000000110000000001100000000110000000001100000000011000000
0000000000000000010000000000100000000011000000000110000000001100000000011000000000100000000011000000000110000000001100000
0000000000000000100000000001000000000010000000000100000000001000000000011000000000110000000000100000000001000000000000000
0000000000000000011110000001111100000111110000001111100000011110000001111100000011111000001111100000011111000000011110000
0000000000000000010000000000100000000001000000000110000000001100000000010000000000100000000011000000000100000000001000000
0000000000000000000000000000110000000001000000011110000000001000000000010000000000100000000001000000000100000000001000000
0000000000000000010000000000100000000011000000000100000000001000000000010000000000100000000011000000000100000000000000000
0000000000000000001100000000110000000001100000000110000000001100000000110000000001100000000110000000001000000000000000000
0000000000000000011000000000100000000001000000000110000000001100000000010000000000100000000011000000000110000000001000000
0000000000000000000100000000011000000001100000000110000000001100000000110000000001100000000111000000011100000000000000000
0000000000000000001000000000100000000001000000000010000000001000000000010000000001100000000010000000000100000000010000000
0000000000000000000010000000001100000000110000001111100000001110000000111000000011100000001110000000011000000000110000000
0000000000000000100000000011100000000111000000001110000000011100000000111000000000111000000001110000000011000000000000000
0000000000000000010000000000100000000011000000000100000000001000000000010000000000100000000011000000000100000000000000000
0000000000000000000100000000011000000001100000000110000000001100000000110000000001100000000111000000011100000000000000000
0000000000000000000010000000001100000000110000001111100000001110000000111000000011100000001110000000011000000000110000000
0000000001000000000111000000011100000000111000000111100000011110000001111000000111100000011110000000111000000000100000000
0000000000000000100000000001000000000010000000000100000000001000000000011000000000110000000000100000000001000000000000000
0000000000000000100000000011100000000111000000001110000000011100000000111000000000111000000001110000000011000000000000000
0000000000000000001100000000010000000001000000000010000000001000000000010000000001000000000010000000000100000000001000000
0000000100000000001100000000010000000001100000000011000000001100000000011000000001100000000010000000001100000000010000000
0000000000000000110000000001100000000011000000000110000000001100000000011000000000110000000001100000000010000000000100000
0000000000000000110000000001100000000011000000000110000000001100000000011000000000110000000001100000000011000000000100000
0000000000000000000100000000011000000001100000000110000000001100000000110000000001100000000111000000011100000000000000000
0000000100000000011000000000110000000011100000000110000000001100000000011000000001110000000011000000000110000000001000000
0000000000000000010000000000100000000011000000000110000000001100000000011000000000100000000011000000000110000000001100000
0000000000000000110000000001100000000011000000000110000000001100000000011000000000110000000001100000000011000000000110000
0000000000000000001100000000010000000001100000000010000000001100000000110000000001100000000110000000011000000000000000000
0000000000000000010000000001100000000011000000001110000000111100000011011000000000110000000001100000000011000000000010000
0000000000000000010000000000100000000001000000000110000000001100000000010000000000110000000001000000000010000000000100000
0000000000000000110000000001100000000011000000000110000000001100000000011000000000110000000001100000000010000000000100000
0000000000000000001000000000010000000001100000000110000000001100000000110000000001100000000110000000001100000000011000000
0000000000000000010000000001110000000011100000000110000000001100000000110000000001100000000111000000001100000000010000000
0000000000000000110000000001100000000011000000000110000000001100000000011000000000110000000001100000000011000000000100000
0000001000000000010000000000100000000001100000000110000000001100000000011000000000100000000011000000000110000000001000000
0000000000000000010000000000100000000011000000000100000000001000000000010000000000100000000011000000000100000000000000000
0000000000000000011000000000110000000001100000000110000000001100000000011000000001100000000011000000000110000000001000000
0000001000000000010000000001000000000010000000000100000000001000000000010000000000100000000001000000000010000000000010000
0000000000000000110000000001100000000011000000000110000000001100000000011000000000110000000001100000000011100000000000000
0000000000000000011000000000110000000011100000000111000000011100000000111000000001100000000111000000001100000000000000000
0000000000000000010000000000100000000011000000000100000000001000000000010000000000100000000011000000000100000000000000000
0000000000000000010000000000100000000001000000000110000000001100000000011000000000100000000001000000000011000000000000000
0000000000000000001000000000110000000001000000000110000000001000000000010000000001100000000010000000000100000000000000000
0000000000000000011000000000100000000001000000000110000000001000000000010000000001100000000010000000001100000000000000000
0000000000000000100000000011100000000111000000001110000000011100000000111000000000111000000001110000000011000000000000000
0000010000000000100000000001100000000011000000000110000000001100000000010000000000110000000001110000000011000000000000000
0000000000000000010000000000100000000001000000000110000000001100000000010000000000110000000001000000000010000000000100000
0000000000000000010000000000100000000011000000000100000000001000000000010000000000100000000011000000000100000000000000000
0000000000000000100000000001000000000011000000000110000000001100000000010000000000100000000001000000000110000000001000000
0000000000000000010000000000100000000011000000000100000000001000000000010000000000100000000011000000000100000000000000000
0000000000000000100000000001000000000010000000000100000000001000000000010000000000010000000000100000000001000000000000000
0000000000000000000110000000011000000001100000000110000000001100000000110000000011000000001100000000110000000000000000000
0000000000000000010000000001110000000011100000000110000000001100000000110000000001100000000111000000001100000000010000000
0000000000000000010000000000100000000011000000000110000000001100000000011000000000100000000011000000000110000000001100000
0000000000000000110000000001100000000011000000000110000000001100000000011000000000110000000011100000000011000000000100000
0000000000000000011000000000110000000001100000000010000000001100000000011000000001100000000110000000001100000000010000000
0000000100000000011000000000110000000011100000000110000000001100000000011000000001110000000011000000000110000000001000000
0000000000000000110000000001100000000011000000000110000000001100000000011000000000110000000001000000000010000000000100000
0000000000000000100000000001000000000010000000000100000000001000000000000000000000010000000000100000000001000000000000000
0000001000000000010000000000100000000001100000000110000000001100000000011000000000100000000011000000000110000000001000000
0000000000000000010000000001100000000011000000001110000000111100000011011000000000110000000001100000000011000000000010000
0000000000000000010000000000100000000001000000000110000000001100000000110000000001100000000010000000001100000000000000000
0000000000000000001000000000010000000001100000000010000000001100000000011000000001100000000010000000000100000000001000000
0000000000000000001100000000110000000001100000000110000000001100000000110000000001100000000110000000001100000000010000000
0000000000000000100000000001100000000011000000000110000000001100000000011000000000110000000001100000000011000000000010000
0000000000000000010000000000100000000011000000000100100000001001000000110000000001100000000010000000001100000000000000000
0000000000000000001000000000110000000001100000000110000000001000000000110000000001000000000010000000000100000000001000000
0000000000000000010000000000100000000011000000000100000000001000000000010000000000100000000011000000000100000000000000000
0000000000000000011000000000110000000001000000000110000000001100000000010000000001100000000011000000000110000000000000000
0000001000000000110000000001100000000011000000000110000000001100000000011000000000110000000001100000000011000000000100000
0000000100000000001000000000110000000001100000000110000000001100000000110000000001100000000110000000001100000000010000000
0000000000000000001000000000110000000001100000000110000000001000000000110000000001000000000010000000000100000000001000000
0000000000000000000110000000011000000001100000000110000000001100000000110000000011000000001100000000110000000000000000000
0000000000000000000010000000001100000000110000001111100000001110000000111000000011100000001110000000011000000000110000000
0000000000000000110000000001100000000111000000000110000000001100000000010000000001100000000011000000000110000000001100000
0000000000000000100000000001100000000011000000000110000000001100000000011000000000110000000001100000000011000000000010000
0000010000000000100000000001100000000011000000000110000000001100000000010000000000110000000001110000000011000000000000000
0000000000000000010000000001100000000011000000001110000000111100000011011000000000110000000001100000000011000000000010000
0000000000000000100000000001100000000011000000000110000000001100000000011000000000110000000001000000000010000000000100000
0000000000000000100000000001000000000010000000000100000000001000000000010000000000010000000000100000000001000000000000000
0000000000000000110000000001100000000011000000000110000000001100000000011000000000110000000011100000000011000000000100000
0000000000000000011000000000110000000011100000000111000000011100000000111000000001100000000111000000001100000000000000000
0000000000000001100000000001000000000011000000000110000000001100000000011000000000110000000001100000000011000000000100000
0000000000000000001000000000110000000001000000000110000000001000000000110000000001000000000111000000001110000000000000000
0000000010000000001100000000011000000001100000000110000000001100000000110000000001000000000110000000011100000000000000000
0000000000000000011000000000100000000001000000000110000000001000000000010000000001100000000010000000001100000000000000000
0000000000000000010000000000100000000001000000000110000000001100000000011000000000100000000001000000000011000000000000000
0000000000000000100000000001000000000011000000000110000000001100000000010000000000100000000001000000000110000000001000000
0000000000000000000100000000011000000000100000000011000000001100000000010000000001100000000110000000001000000000010000000
0000000000000000000000000000110000000001000000011110000000001000000000010000000000100000000001000000000100000000001000000
0000000000000000010000000000100000000001000000000110000000001000000000010000000000100000000001000000000010000000000000000
0000000000000000000000000000000000000000000000000000000000000000000000000000000000000000000000000000000000000000000000000
1111111111111111111111111111111111111111111111111111111111111111111111111111111111111111111111111111111111111111111111111
