0000000000000011111100000111111100000000111000000011110000011110000011111000001111000000011111111000011111110000000000000
0011111000000111111000000110111000000000110000000001100000100011000111111110001111111100011111111110011100010000000000000
0000001000000001111000000010010000000101100000000011000000001100000000110000000001000000000111111000001110010000010000000
0000000000000000111000000000011000000000110000000001100000111110000011111110001101110111011110000000000000000000000000000
0001110000000001110000000000010000000000000000010000000001110010000110011100001001111000001110011110000000001100000000000
0000001000000001111100000010001100000000001000011100010001101101100110001110001000011100010000111000011111100000011000000
0000001100000001111100000000011000000000110000000001100001111111000111111100001101111000011111111000011000100000000000000
0001111000000110011000000000011000000000010000000000100000000001000011111111101100011100011111110000011110000000000000000
0000000000000001111100001111011000110000110001000001100000000110000000011000000000110000000011001100001111110000011110000
0000000100000001101100000000011000000001100000000010000000001000000000100000000010000000001111000000110001100000000001100
0000000000000000000000000000111100000011111000000001110001111111000111111100011111111110011100011000000000000000000000000
0000000000000000011000000000010000000000110000000000100011011111000100001111001001100011001100000000000000000000000000000
0000000000000111000000000111000000000010000000001100000000111000000011111111100111111111000000000000000000000000000000000
0000000000000011100000000111100000000011100000000011100000000111000000011100000011111000011111111110011100000000000000000
0000000000000000111000000111110000011110100000100011000000110110000011111100001100111110001111001110001100000000000000000
0000000000000000000000010000000000111110000000011110000000011100000000111111000001111111000000010000000000000000000000000
0000000000000000000000001111000000010001000000000010000000001000000000010000000001100001000001111100000001100000000000000
0000001100000001111000000111100000011111100000000011100000000011000000001110000000111000000111111000111111000000100000000
0000000000000111111000001111110000000000100000000011000000001110000000011000000001100000000011000000000111111100001111100
0000111000000001111000000000010000000000100000000011000000001100000000110000000111000000001111111100011111110000000000000
0000001000000001111000000110011000001100110000000001100000000110000000011000000111111000001110011000011000110000000000000
0000000000000111110000011111110000100001100000000111000000011100000011110000000111111001001111111110000000011000000000000
0000011000000011111000001100010000000000100000000011000000000110000000111000000111111000001110110000011000110000000000100
0011110000000101110000000001100000000001000000000010000000001100000001011001100111111111001111110000001000000000000000000
0000100000000011110000000000010000000001100000000110000000011000000000100000000010000000000110001100000111110000000110000
0000000000001111000000000001100000000001100000000010000000001100000000011000000001100000000111000000000110000000000011100
0000000000000000011000000011111000000111110000000011000000000110000000011000000001110000001111110000011000110000100000000
0000011110000011111110000110011100000000111000000011100000001110000000111000000011100000011111111000111111110000110000000
0000110000000011110000000000010000000000100000000001100000011111000001000111000010011000000100100000001110000000001000000
0000010000000000010000000000010000000000100000000001000000000010000001110100000010001000000110110000000010000000000000000
0111100000001111100000000001100000000001100000000001100000111011000011111110000011111110000111111110000000001100000000000
0000001000000001111100000011111100001111011100000000110000000011000011111110001111110000011111100001110111000000000100000
0000000000001111110000000000110000000000100000000001000000000010000011111110001111110110011110000100000000000100000000001
0000000000000000011100000011011000001000110001100001000010000100000000011000000000100000000010010000001111100000011000000
0000000000000000000000000000000000001111100000000011010000011100100111110011011101111100000000000000000000000000000000000
0000011100000001111100000011001100000000010000000000100000000011000011110110011111111100110001111100111111000000000000000
0000010000000001110000000011110000000100100000000001100000000011000011000010001111111100010001111000011111010000000000000
0000111000000011111000000010010000000000100000000011000000011100000001110000000011000000001111111000011111111000000000000
0000010000000000111000000000010000000000100000000011000000000100000000010000000001000000000100000000011111100000011000000
0000000000000000110000000011110000000000100000000001000000000100000000010000000011111110011110000000100000000000000000000
0000010000001111111000011111111000010001110000000011000000001100000000111000000011100000000111111110000111111100000011100
0000000000000000000000001111100000000111100000000111000000011100000001111100000111111111000000000000000000000000000000000
0001000000000011111000000000011100000000001000000000011001111000100110001111001000011100011111111000011100010000000000000
0000000000000011100000000001100000000011000000001100000000011000000001100000000111001111001111111110000000000000000000000
0000000000000000000000000111111000000000010000000001100000011110000001111100001111101100011110000110000000000000000000000
0000000000000111111000001111110000001001100000001110000000111000000011100111000111111111001111110110011000000000000000000
0000011000000000110000000000100000000001000000000110000000001100000000010010000001101000000011110000000111000000000000000
0000111000000011011000000000010000000000100000000001000000000100000000011000000111110000011100111000010000001100000000000
0001110000000111110000011000100000000001000000000110000000011100000001110000000111111111001111111110011111100000000000000
0000001000000001110000000111110000001101100000000010000000001100000000011000000001111110000011111000000111000000001000000
0000000000000001000000001111100000110001100000000001000000000110000000011100000111111110000110000110000000000000000000000
0000000100000011111100011100011000100001100000000010000000001000000000100000000010000000001100001110011111111000000000000
0000111100000011001100000100011000000000100000000010000000001100000000110000000011000001001111111100011100000000000000000
0000001000000011111000000000010000000000100000000011000000000100000000011000000001100000000111110000011111100000100000000
0000000000000111000000001111000000000110000000000110000000011100000001110011100111111111001111100000000000000000000000000
0000001000000000111000000011111000000010110000000001100000000110000001111000000111110000001110110000010000110000000000100
0000000000000000111100000011111000000110110000000011000000000100000000011000000001110000000111110000011001100000110000000
0000111000000110011000000000010000000001100000000010000000001000000000110000000011000000001100001100011111110000000000000
0000000100000000111100000011101100000100010000000000100000000011000000001100000011110000011011100000111101110000000001000
0000001100000001111100000011111000000100110000000001100001110010000110111100001000111111011111000110111000000000000000000
0000110000000111110000000000100000000001100000000010000000000100000000011000000000100000000011000000011111110000000000000
0000000000000000000000000001111000000011010000000001100000000111000011111111101111110111001110000000000000000000000000000
0000111100000000001100000000001100000000011000000000110000000001100111111111001111111100001111110000000000000000000000000
0000001100000000111000000010010000000001100000000011000000000100000000011000000111100000001110001000011110110000000000000
0000000000000001111000000000011000000000011000000001100000001101000111111110010011011100100000100000111100000000000000000
0000000000000000111100000011111100000000111000000000110000000011000011111110001111111110010111000001111000000000000000000
0001111000000011111000000000011000000000111000000001110000000011000001111110001111111110111111111101111100000000000000000
0000001100000000111000000001111000000000010000000001100000111110000111111000001111110000001000111100000000111000000000000
0000000100000000111100000001001000000000110000000011000000001110000011111000001111011000011100110000000001100000000000000
0000000000000000000000001111000000010011000000000110000000001000000000110000000011001100000011111110000000000000000000000
0000010000000011111000000110011000001000110000000011000000011110000000110000000011000000000110001110011111111000000110000
0001111000000011111000000010110000000000110000000001100000000011100111111111011100111100011111111000111111110000000000000
0000001100000000111000000001110000000000100000000001000000000110000000001100000111111000001011110000010110100000000000000
0000000000000011111000001111110000011111100000000111000000011100000000110000000011100000000111001100001111111000001111000
0000001110000001111100000111001100000000111000000001100000011111000011111110011101111100111110001001110000000000000000000
0000111100000001001100000000001000000000010000000000100000110011000011111100001100111000010011011110011100000000000000000
0000000000001111100000011111100000000001100000000001000000010011000011111110000011111111000111111110000111000000000000000
0000000000000000111100000001001000000000010000000001000000000110000010011000000111100000000111000000110011000000000000000
0000000010000000011110000011101100000000011000000000100000000011000001111100000111110000011111100000111101000000100000000
0000000000000001111110000001111000000000110000000011000000011100000001110000000111101111011111110000111100000000000000000
0001111000001100111000000000011000000000110000000001100000000110000000011000000001100000001111111100111111000000000000000
0000000000000001111000000110010000001000100000000001000000000010000000001100000000010000000011111000000110100000001000000
0000111000000000010000000000100000000010000000000100000000011000000000111000000001110000000110110000001000111000000000000
0000000000000111110000011111110000000000110000000011100000001110000001111000000111111111001111111100000000000000000000000
0000000000000000111100000111111000011101110000000111000000111000000011100000001111111110011111111110000000000000000000000
0000001000000001111100000111101100011000011000000101100001111111000011001110001101111100111111001100111000011000000000000
0000000000000011000000011111100000111011100001100011100000000011000000000011000000110110000111111100001111111100000000000
0011111000000111111000000000011000000000110000000011100000001110000000111000000111100010011111111110011111110000000000000
0000000000000111000000000011000000000011000000000010000000000100000000001000000001110000000001100000000000100000000000110
0000000000000000000100000000111100000011010000001111100000000010000000001000000000110000000111100000011000000001100000000
0000000000000000111100000111111000000000011000000001100000001111000001111111000111100010011110000000111000000001000000000
0000001100000011111100001100011000000000100000000011000000000100000000011000000011110000000111110000011100111000000000010
0000100000000010100000000000100000000001000000000001000000000010000000001000000001111000000101110000001110100000000000000
0000000010000000011110000011111000000100010000000001100000000011000000000100000111110000011001111000101110000000100000000
0000000000000111000000000111110000000000010000000001000000000010000001001000001111111110011110000110011000000000000000000
0001100000000011110000000000100000000001100000000011000000000100000000011000000000100000000011110000001111000000000000000
0001111100000011111100000000011000000000100000000011000000001100000001110000000110000001001111111110011111100000000000000
0000000000000000111110001111111100011000111000000011100000001110000000111000000011100000001110000000011000000000111111110
0000110000000000010000000000100000000011000000000100000000001000000000110000000001100000000011000100001101110000000000000
0000011100000001111100000011111000000000110000000001100000000111000000001100001111111000111111111100111000000000000000000
