0000000000000000010000000011110000001100100000011111000000111110000000011000000000110000000001100000000011000000000110000
0000000000000000000000000001110000000111100000011011000000100100000011111000000011010000000000100000000001000000000010000
0000000000000001100000001111100000011001100000110011000001100110000001111100000000001100000000011000000000110000000001100
0000000000000000001100000001111100000110000000010000100001100010000011001100000011110000000001000000000010000000000100000
0000000000000000000000000111111000011100110000110001110001100011000001111100000000010000000001100000000010000000000100000
0000000000000000100000000111100000001111100000011111000000111110000000001100000000011000000000110000000001100000000011000
0000000000000000000000000011100000001101110000110101100001000110000001111100000000011000000000100000000011000000000110000
0000000000000000000000000011110000001000110000100011100001000110000011111100000010011000000000100000000001000000000100000
0000000000000000000000000011111000011000110001100111100011111011000111000100000000001000000000110000000001100000000011000
0000000000000000001000000001111000000110100000001011000000111110000001111000000001110000000011000000000110000000011000000
0000000000000000000000000000111000000110010000010011100000111010000000001000000000100000000010000000001000000000100000000
0000000000000000000000000000000000000011110000001001100000100110000001111000000000010000000001000000000000000000001000000
0000000000000000100000000111100000011000100000110001000000111110000000000100000000011000000000110000000001100000000011000
0000000000000000000000001111100000010001110000100001100001111110000000001100000000010000000001100000000010000000001100000
0000000000000000000000000111010000010001100000100011000001001110000001101100000000011000000000110000000001000000000010000
0000000000000000111000000011111000001100010000010001100001100110000010011100000111011000001000110000000001100000000001000
0000000000000000010000000011110000001100100000011111000000111110000000011000000000110000000001100000000011000000000110000
0000000000000000000000000111010000010001100000100011000001001110000001101100000000011000000000110000000001000000000010000
0000000000000000000000000111100000011100010000100001100011000111000011111100000010001000000000010000000000100000000001100
0000000000000000011000000001110000000010100000001001000000010100000000111000000000100000000011000000001100000000010000000
0000000000000000000000000000111000000110010000010011100000111010000000001000000000100000000010000000001000000000100000000
0000000000000000010000000011111000001110110000011001100001101110000011111100000111111000000000110000000001000000000110000
0000000000000001100000000111110000011000110001100001100011000011000110001110000111111100000000001000000000011000000000110
0000000000000001111000001111110000111101110001100001100011111111000011111011000000000110000000011000001111110000011111000
0000000000000000000000000000110000000110100000011011000001111110000001101000000000010000000000100000000011000000000100000
0000000000000000000000000011110000001000100000010001000000111110000000001100000000010000000000100000000001000000000010000
0000000000000000010000000011110000001100110000010001000000111110000000011000000000110000000001100000000010000000000100000
0000000000000000000000000111100000011100010000100001100011000111000011111100000010001000000000010000000000100000000001100
0000000000000000000000000011110000001111100000011011000000110110000001111100000011111000000000110000000001000000000010000
0000000000000000000000000011110000001111100000011011000000110110000001111100000011111000000000110000000001000000000010000
0000000000000001110000001110011000010000000001100000100011000001000110001110000111110100000011001100000000011000000000110
0000000000000000100000000011100000001000100000010001000000100010000001001100000011111000000000100000000001000000000010000
0000000000000000010000000111111000111111111011100000010110000011101111111111001111100110000000001100000000011000000000110
0000000000000000110000001111110000011000110000100011100001100111000001111100000000011000000001110000000111000000011100000
0000000000000000000000000001111100001100011000110001100001111110000001011000000000100000000011000000001100000000011000000
0000000000000000010000000011110000000100100000011000000000011100000000001000000000110000000001100000000010000000000100000
0000000000000001100000000111100000001101100000110011000000111110000001111100000000011000000000110000000001100000000011000
0000000000000000000000000011100001001100100010100001000001000010000001110100000000001000000000010000000000100000000001000
0000000000000001000000000111000000011011000000110111000001101110000011111100000011111100000000011000000000110000000001100
0000000000000001100000000110100000001001010000110011100001000111000010011010000111100100000100011000000000100000000001100
0000000000000000000000000001111000000110011000010001100001100110000001111000000000100000000001000000000100000000001000000
0000000000000000001000000001100000000100000000010011100000111110000000001000000000110000000011000000000100000000011000000
0000000000000000001100000001111100000110000000010000100001100010000011001100000011110000000001000000000010000000000100000
0000000000000000000000000000110000000111100000011011000000101100000001111000000000100000000001000000000110000000001000000
0000000000000000011100000011111100011100001101100000110010000001000100000110011000011100011110011000000000100000000011000
0000000000000000100000000111100000011000100000110001000000111110000000000100000000011000000000110000000001100000000011000
0000000000000000111000000011111000001100010000010001100001100110000010011100000111011000001000110000000001100000000001000
0000000000000000001000000001111000000110100000001011000000111110000001111000000001110000000011000000000110000000011000000
0000000000000000110000000111110000011001100000100011000001111110000001101100000000011000000000100000000001100000000110000
0000000000000000000000000111100000011111000000111111000000100110000000001100000000011000000000110000000001100000000011000
0000000000000001100000000111110000011000110001100001100011000011000110001110000111111100000000001000000000011000000000110
0000000000000000100000000011100000001111000000010110000000110100000000001000000000010000000001100000000011000000000100000
0000000000000000000100000001110000000100100000001010000000111100000000011000000000100000000001000000000100000000001000000
0000000000000000010000000111110000011100011001100001100011001111000111110110000000011000000000110000000001100000000110000
0000000000000000100000001111100000111001100001100011000001000110000010011100000011101100000010011000000000110000000001100
0000000000000000000000000000000000000011110000001001100000100110000001111000000000010000000001000000000000000000001000000
0000000000000000000000001111110000110000100001100011000001111110000000000100000000001100000000001000000100010000001111000
0000000000000000010000000011111000001110110000011001100001101110000011111100000111111000000000110000000001000000000110000
0000000000000000011000000011000000001100100000010011000001000110000011110100000000001000000000010000000000100000000001000
0000000000000000000000000001111000000100010000010000000001100110000011111100000011001000000000010000000000100000000001000
0000000000000000000000001111110000110000100001000001000010000110000011011100000000011000000000110000000001100000000011000
0000000000000000000000000011110000001111100000010001000000100110000001111100000000011000000000100000000001000000000010000
0000000000000000010000000111110000011000100000100001100011000110000110011100000111111000000000010000000000100000000001000
0000000000000000000000000001110000011111110001111111100001111111000000001110000000011000000001110000000011000000001110000
0000000000000000000000000111100000011011000000100010000001111110000000000100000000001000000000010000000000110000000000100
0000000000000000000000000001110000011111110001111111100001111111000000001110000000011000000001110000000011000000001110000
0000000000000000100000000111100000001111100000011111000000111110000000001100000000011000000000110000000001100000000011000
0000000000000000000000001111100000110011110011000001100011000111100111111011000011000110000000001100000000011000000000110
0000000000000000001000000001100000000100000000010011100000111110000000001000000000110000000011000000000100000000011000000
0000000000000000011000000011000000001100100000010011000001000110000011110100000000001000000000010000000000100000000001000
0000000000000000000000001111100000010001110000100001100001100111000001111100000000001000000000110000000001100000000011000
0000000000000000000000000011110010011100011100110011110001111111000000001100000000110000000011000000000110000000011000000
0000000000000000001000000011111000001000000000010001100000111110000000001000000000110000000011000000000100000000011000000
0000000000000000000000000011110000001111100000011011000000110110000001111100000011111000000000110000000001000000000010000
0000000000000000010000000011110000001100110000010001000000111110000000011000000000110000000001100000000010000000000100000
0000000000000000010000000111110000011000100000100001100011000110000110011100000111111000000000010000000000100000000001000
0000000000000000010000000011111000001110110000011001100001101110000011111100000111111000000000110000000001000000000110000
0000000000000000011000000011000000001100100000010011000001000110000011110100000000001000000000010000000000100000000001000
0000000000000000001000000011111100001100001000110000100001000011000011111100000011111000000001100000000011000000001100000
0000000000000001111000001111110000111101110001100001100011111111000011111011000000000110000000011000001111110000011111000
0000000000000000001000000011111100001100001000110000100001000011000011111100000011111000000001100000000011000000001100000
0000000000000000001000000001111000000110100000001011000000111110000001111000000001110000000011000000000110000000011000000
0000000000000001000000000111000000001011000000010010000000111100000000111000000000010000000000110000000001100000000011000
0000000000000000010000000001110000000101100000010011000000101110000000101100000000011000000000100000000001000000000010000
0000000000000000000000000000110000000110100000011011000001111110000001101000000000010000000000100000000011000000000100000
0000000000000000001000000001100000000100000000010011100000111110000000001000000000110000000011000000000100000000011000000
0000000000000001100000000111100000001101100000110011000000111110000001111100000000011000000000110000000001100000000011000
0000000000000011100000001111100000110001111001100001100011000011000011001110000011111000000000110000000001110000000011100
0000000000000000000000000011100001001100100010100001000001000010000001110100000000001000000000010000000000100000000001000
0000000000000000100000000011110000001100000000011001000000110110000000111100000000110000000001100000000110000000001110000
0000000000000000001000000001100000000100000000010011100000111110000000001000000000110000000011000000000100000000011000000
0000000000000000010000000011110000001100110000010011100001111110000001101100000000010000000000100000000011000000000100000
0000000000000001110000000110000000011000110000110001100000111111000001111100000000011000000000110000000011100000000110000
0000000000000000010000000011110000000100100000011000000000011100000000001000000000110000000001100000000010000000000100000
0000000000000000100000000011100000001111000000010110000000110100000000001000000000010000000001100000000011000000000100000
0000000000000000111000000011111000001100010000010001100001100110000010011100000111011000001000110000000001100000000001000
0000000000000001100000000111110000011000110001100001100011000011000110001110000111111100000000001000000000011000000000110
0000000000000000000000000011100000001101100000111111000011110110000000001100000000011000000000110000000001100000000010000
0000000000000000000000001111100000010001110000100001100001111110000000001100000000010000000001100000000010000000001100000
0000000000000000011000000001111000000100010000010001100001101110000011110100000000010000000000100000000010000000001100000
0000000000000000000000000000000000000000000000000000000000000000000000000000000000000000000000000000000000000000000000000
1111111111111111111111111111111111111111111111111111111111111111111111111111111111111111111111111111111111111111111111111
