0000000010000000011100000001111000000111110000011111100000110011000011001100000110011000001111100000011110000000010000000
0000000000000001111000000011111000001100010000010000100000100001100011000001000110000010001100001000001111110000001100000
0000000000000001110000000111100000011111100000110011100001100011000011000111000110001100000111111000001111100000001100000
0000000100000000111100000011111000000110010000011000100000110011000011000110000110011100001111110000011111000000011000000
0000000000000000011100000011111100001111111000111000111011100001110110000011001100000110011111111100011111100000001000000
0000000000000000010000000001111100000111111100011111011001100000110111000011001100001100011001110000111110000000000000000
0000000000000000111100000111101100001110001000110000010011000000100110000001011000000110010000011000111011100000011100000
0000010000000001110000000011110000001110100000011001000000110011000001000110000110001100001100110000011111000000000000000
0000000000000000010000000001111110000110001100011000001001100000010010000001001000001100011111100000011100000000000000000
0000000000000000111100000011111100001100001000110000010011000000100110000001101100000010011111111100000111100000000000000
0000000000000001111000000111111000011000011001100000010011000000110110000001000100000110001110111000001111100000000100000
0000000000000000100100000011111100001111111000111111110011110011100111001111001101111100011111110000111110000000000000000
0000000000000000000000000001111000000111111000111000011011100001100100000110011000011000110001100000111100000000000000000
0000000000000000100000000001111000001111111000111100011001101000010110000000101110001111011111111100000000000000000000000
0000001110000000000110000001100100000110001000011000010001100001000010000110001100011000011011100000111100000000000000000
0000000000000001111000000011111000001111110000011101100000110011000011100110000110001100001100011000011111100000001111000
0000000000000011111000001110011000110000011001000000110010000000100100000011001000000110010000001000110000100000111110000
0000000000000000000000000111111000011111111101110000111011000000110110000011101110000110001111111100001111110000000000000
0000000000000000110000000011111000001111111000111000110011100001110110000011101110111110011111111000000110000000000000000
0000000000000000111100000111111100011110001101100000001011000000110110000001101100000110001100011000011111110000011110000
0000010000000000111000000010000000000100010000010000100000100001000001000010000010000100000100010000000101100000000100000
0000000000000000111110000011111100001111111000111000110011100011100110000110001100011100011111110000011111100000001100000
0000000000000000010000000011111100001111111100111100001001110000010010000001101100000110001000011000010001100000111110000
0000000100000000111110000011000100001100001000110000010011000001100110000010001000001100010000110000111111000000111000000
0000000000000000011100000011111100001100011000010000110001000001000010000010001100001100011000110000011111000000111100000
0000000000000000011000000011110000000110110000011001100000100011000011000110000110001000001100110000001111000000011100000
0000000000000000111000000001110000000110110000011001100000110011000001000110000010011000000101110000001111000000001000000
0000000000000001111000000111010000001000110000110001100001000001000010000010000100001100001000010000001001100000011110000
0000010000000001111000000011110000000110110000011001100000110011000001000110000010001100000100111000001111100000001110000
0000000000000000011100000011111100001111111000110011110011000000101100000011011000000100110000011000111111100000111100000
0000010000000001111100000110011100001100011000110000010011000000100110000011001100001110011001111000111111000000011000000
0000000000000001111110001111011100111000001001100000010010000000100100000011001100000110011100011000011111110000000110000
0000000100000000011100000001111100000110011000011000110001100001100110000011001100001100011000111000111111100000001100000
0000000000000001110000000000110000000100100000011000100000100001000001000010000010001100000110010000000111100000000010000
0000000100000000011100000011111100001111111000111100011001110000110111000011001100111100011111110000011110000000000000000
0000000000000000011110000001111100000111011000011100110001100011000111000110001100111100011111100000111110000000000000000
0000000000000010111000001111111000011110011000110000110001100000100011000011000110000110001100001000001111110000001111000
0001100000000110000110001000000100010000001001100000011011000000010110000000101100000011000110011100001111100000000000000
0000010000000001100100000111001100001100011000110000110001100001100010000011000100011100001111111000011111000000001000000
0000000000000001111000000110011000011001110000100000010001000000100010000001000100000010000100001100001101110000001111000
0000000000000000011100000001100100000110001100011000011001100000110110000001001000000100110000110000111110000000000000000
0000000000000000011100000001101100000110001000001000010000100000100011000001000100000100001000011000010011100000111100000
0000001000000000111000000011111000001111110000111001110001110001100011000011001110001110011101111000011111000000011000000
0000000100000000111100000011111100001100111000010001110001100011100010000110001100001100011000110000111111000000110000000
0000000000000000110000000011111100001111111100110000011001100000110110000011101100001110011000110000011110000000000000000
0000011000000011111100001100001100010000001000100000010001000000100010000001000110000010000110001100001111110000000110000
0000000000000001111100000111001100011000001100100000001010000000010100000001101000001110011111111000011110000000000000000
0000011000000001111000000111111000001100111000111000110001100001100011000011000110001110001111111000001111100000000100000
0000000000000000110000000010010000001100110000010000100001100000100010000001000110000010000100000000001100010000001101000
0000000000000001110000001111111000011111111001110000111011000000110110000001101100000111011100011100111111110000111110000
0000000000000001111100000110001100001000001000110000010001000000100110000001001100000010001000011000011111100000001100000
0000100000000011110000000100011000001000010000010000010000100000100001000000000010000010000100001100001101100000000100000
0000110000000011100100000110001000011100011000111000110001100001100111000011001110011110001111111000001111000000000000000
0000000000000000111100000001111100000110011000011000010000110001100011000011000110001100011001110000111111000000011000000
0000000000000001111000000111111000011000011001110000011011000000110110000001101100000011001100011100001111110000000000000
0000000000000000111100000011101100001110001100111000011001100001110110000111001100111100111111100000111100000000000000000
0000000100000000011000000011111000000110110000011001110001100011100011000110001100001100011000111000011111100000011110000
0000000000000000000000000111111000011111111001100100011010001000010100010001101000000010011000011000011111100000000000000
0000000000000000001110000011110110001110001100111000011011100000110110000001001100001110011100111000011111000000000000000
0000001100000001111100000111001100011100001000111000010001110000100011100001000111000110000111111000000111100000000000000
0000000000000000000000000111110000011111111000111100111001110000110110000011101100001110011111110000011111000000000000000
0000000000000011000000001101111100011100001100110000001001100000110010000011100100001110001100111000011111000000011000000
0000000000001110001100000001111100000110011000110000010001000000100110000001001000000110011000011000011111000000010000000
0000000000000000111100000011001000001100011000010000110000100001100011000010000110001100001100110000001111000000001000000
0000000010000000011111000001100110001111001100011100011001110001100011000111001100011100011011110000111110000000011000000
0000010000000001111110000111111100011110001100110000001011000000010100000001101111111110011111111100001111100000000000000
0000000000000110000000001011111100110000011101100000001011000000010110000000101100000011011000001100011111110000000000000
0000000100000000111000000001110000000110110000011001100000100011000011000110000110001000001100110000011111000000011000000
0000000100000000111100000111111000011111111001111111110011110011100111101111001111111110011111111100011111110000000000000
0001110000000111111000001100111000110000110001100000110011000001100110000011001100000110001110011100011111110000000110000
0000000000000000111110000011100110001100000100110000011011000000100110000011001000001100011000110000011111000000000000000
0000000000000000001110000001111100000111001000011000010001100000100010000011001100001100011001110000011111000000011000000
0000000100000000011000000001111000000111111000011110110001100001100011000010001100001100011001110000111111000000110000000
0000000000000001111000001111111000011111110001110001110011100001100011000011000110000110001110011100011111110000011111000
0000000000000001100000000011111000001111111000011000110001100001100011000110000110011100001101110000011110000000011000000
0000000000000000011110000001110100000011001000001100010000110001100011000010001100001100011000110000100110000001110000000
0000000000000000111000000011111000001111110000011000100000110001000011000010000110001100001100110000001111100000011110000
0000001000000001111000000111111000011111111000111000110001100001100111000001001110000110001111111100011111110000001110000
0000010000000001100000000011100000001101100000010001100001100001000010000010000100000100001000011000011111100000001100000
0000010000000001110000000011100000000101100000011001100000110001000001000010000010001100000100010000001111000000001000000
0000001000000001111000000011110000001111110000111001100011100001100110000011001100000110011000011000011111110000001100000
0000001100000001111100000111111100011110001001110000011011100000110110000011001100000110011101111000011111100000011000000
0000000000000000111110000011111110001111011100111000011011100000110110000011011100001110111001111000111111100000111100000
0000000000000000011100000001111100000110011000011100011001110000110110000011011100011100111111110000111100000000000000000
0000000100000000011000000001101000000110010000001100100000110001000001100010000010000100000100011000001111100000000100000
0000000000000000000000000001111000000111111000011100011001101100110110000001101100000110011111111000011111000000000000000
0000000100000000011100000001111000000111111000011101110001110000110011000001101100000110011000011000111111100000011000000
0000000000000000111100000111111000001111111000111101110011100011100110000111001100111110011111111000111111100000111000000
0000001100000001111100000111101100001111011000111000010001110000100110000001001000000010011000001100111111110000001110000
0000000000000001110000000110110000001000100000010001100000100001000001000010000010000100000100011000000111100000000100000
0000000000000000011100000001111000000110011000111100010001100000100110000011011000001110011111110000011110000000000000000
0000000000000001111000000011110000001101100000010011100001100001000010000010000100000100001000011000011001100000011110000
0000000000000001111000000111011000001000010000110000110001000000100010000001000110000010000100001000001100110000001111000
0000110000000001111000000011011000001100010000010000100000100001000011000011000110000100001100011000001111100000001100000
0000000000000000110000000011111000001110111000010000110001100000100010000011000100001100001100110000011111000000001000000
0000000010000000000100000000111100000111110000011101100000110011000011000100000110011000001101100000011110000000010000000
0000000000000000001110000011110100001111011000011100110001110001100011100110001110111100011111110000011110000000100000000
0000000000000001111000000111111000011000110000110000100001000000100010000001000100000010001000111100011111110000001000000
0001000000000111110000001101110000010000100000100001100001000001000011000010000110000110000110001100000111110000000000000
0000000000000000111000000111111000011001011000100000110011000000100110000011001000000110010000011000110001100000111110000
