0000100000000001111000000000011000000000100000000011000000001100000000010000000001000000000100000000011111000000000000000
0000000000000000000000011001100000000001000000000010000000000100000000010000000001000000000011000000000000000000000000000
0000000000000011111000000000011000000000110000000001100000000111000011111100011111110000111100111000000000011000000000000
0001001000000111111000000000110000000001000000000110000000001000000000110000000001000000000010000010001111111100001000000
0000000000000000011100000011111000000100010000000001100000011111000011100111001101110010011111000100110000000000000000000
0000100000000111111000001000010000000000100000000011000000000100000000010000000001100000000110000000001111111000000000000
0000000000000001100000000011110000001110100000010001000000000100000001111110100111111111001101000000001110000000000000000
0000000100000001111100000110011000011001110000000011000000001100000000110000000011000000001110110000011111110000000000000
0001100000000011111000000111111000000011110000001111000000111100000001100000000111000011000111111110001111111000000010000
0000111100000011001100000000001100000000001000000000010000000001100111111110010000001110110011100100111100000000000000000
0000000000000001111110001111111110011001111000000111100000011100000001110000000110000000011111111110011110000000000000000
0000001100000001111100000111111000001110010000010000100000000011000000000100001111111000011111111000111100000000000000000
0000000000000001100000000011110000001110100000010001000000000100000001111110100111111111001101000000001110000000000000000
0000000000000001111000011111111100000000011000000000010000011101100011111110001111111100110011001101111000000000000000000
0000011100000011001000000100011000001000110000000001100000000010000000001100000111111000001011111100011100000000000000000
0000110000000000110000000000100000000000100000000001000000010010000001111100000000011000000100100000000110000000000000000
0000000000000001111100000111111000000000011000000000110001111111000110000111001100011011011001100000011100000000000000000
0000000100000001111100000110011000011001110000000011000000001100000000110000000011000000001110110000011111110000000000000
0000010000000011111000000110110000001000100000000011000000000110000000011000000001100000000110000000001111110000000111000
0000001100000000111100000111011000011100011000000000100000001011000001111100000110110000001111110000011000100000000000000
0000100000000011100000000100100000000101000000000110000000001000000000010000000001000000000010000100000111110000000110000
0000001111000001111010000010000100000000001000000000100000000011000011111100001111111000111110001001110000010000000000000
0000011000000011111000000110110000000001100000000110000000001100000000010000000001100000000111111100011111000000000000000
0001100000001111110000000001100000000011000000000110000000011000000001110000000111111111001111111100011100000000000000000
0000000110000000111110000001001100000000010000000001100000000110000011111100001111111000111110010000110001100000000000000
0000011100000001111100000010011000000000010000000001100000000110000000011100000011110000011111111000111001100000000000000
0000000000000000111000000111011000001100110000001001100000000110000001111000000111100000001111100000000001000000000011000
0000000000000000011100000011111000000100010000000001100000011111000011100111001101110010011111000100110000000000000000000
0000000000000111000000000111100000000001100000000010000000001100000001111000100111111111001110000000000000000000000000000
0000000110000001111110000000001000000000110000000011000000001100000000110000000011001110001111111001110000000010000000000
0000000000000001110000000010110000000100100000000001000000000110000000001000000001110000000010110000000110000000000100000
0000011000000011111000000111110000000001100000000011000000001110000000111000000111111000001111111000011000110000000000100
0000111100000011111100000100011000000000110000000011000000001110000000111000000011100000001111111100011111110000000000000
0000111000000001111000000000010000000000100000000001000000000110000000001100000011110000001011000000011100000000000000000
0000000000000111111000001100010000000000100000000001000000000010000001111100000011111100001100111000011111000000001000000
0000000000000011110000000111111000000000110000000001100000000111000111111100001111111110011111011100000000000000000000000
0000000000000011100000011101100000010001000000000110000000001000000000110000000001000000000010000110000011111000000000000
0000000000000000110000000111110000000000100000000001000000000110000000011111100111110000011110000000000000000000000000000
0001100000000011111110000000001100000000111000000011000000011100000001100000000110000000011000001100111111100000111000000
0000000000000001100000001111110000011100110000000000100000000011000001111100001111111100011111011110011000000000000000000
0011111000000100001000000000011000000001110000000011000000001100000000110000000011000000001100011110011111111000000000000
0000001100000000001000000000010000000000100000000001000000000000000001101000000100100000001010110000000000000000000000000
0000000000000111000000001011100000000001000000000100000000010000000001000000000011111111000001110110000000000000000000000
0001000000000111111100011111111100000000111100000000110011110001100111111111001111111110011111111000111111000000000000000
0000000000000011100000011101100000010001000000000110000000001000000000110000000001000000000010000110000011111000000000000
0000111000000000011000000000010000000000100000000001000000000010000001111100000111111000000111110000000000100000000000000
0000000000000000000000000011110000001111100000000011000000111110000111111100001111111110011100011100000000000000000000000
0000000000000000000000000011110000001111100000000011000000111110000111111100001111111110011100011100000000000000000000000
0000110000000000110000000000100000000000100000000001000000010010000001111100000000011000000100100000000110000000000000000
0000111100000011111100000100011000000000110000000011000000001110000000111000000011100000001111111100011111110000000000000
0000000000100011000000000111000000000110000000001100001000011000010001110000000111111110001111111100010000000000000000000
0001100000000001100000000000100000000000100000000001000000000010000000001000000011111100001111111100010000000000000000000
0000000000000001111100000111111000000000011000000000110001111111000110000111001100011011011001100000011100000000000000000
0000000000000001111100000110001000001000100000000011000000000100000000010000000001101100000011110000001100000000110000000
0000111000000000011000000000010000000000100000000001000000000010000001111100000111111000000111110000000000100000000000000
0000000000000011110000000111111000000000110000000001100000000111000111111100001111111110011111011100000000000000000000000
0000011100000001111100000010011000000000010000000001100000000110000000011100000011110000011111111000111001100000000000000
0011111000000100001000000000011000000001110000000011000000001100000000110000000011000000001100011110011111111000000000000
0000000000000001111100000110001000001000100000000011000000000100000000010000000001101100000011110000001100000000110000000
0000000000000001110000001111100000011001000000000010000000001100000000110000000011111111001111111000000000000000000000000
0000000000001111110000011001110000100000110000000011000000000110000000011000000001100000000111001100001111110000000000000
0000001100000001111100000001011000000000110000000011000000001100000000110000000011001100011111111100111110000000000000000
0000000000000111111000011000010000000001100000000011000000001100000000010000000001100000000010000000000111111100000000000
0000000100000001111100000110011000011001110000000011000000001100000000110000000011000000001110110000011111110000000000000
0000000000100011000000000111000000000110000000001100001000011000010001110000000111111110001111111100010000000000000000000
0000100000000001111000000000011000000000100000000011000000001100000000010000000001000000000100000000011111000000000000000
0000000000000001111110001111111110011001111000000111100000011100000001110000000110000000011111111110011110000000000000000
0000000000000011111000000000011000000000110000000001100000000111000011111100011111110000111100111000000000011000000000000
0000111100000011111100000000001100000000010000000000100000000010000000001100001111110000111111111001110000011000000000000
0000010000000011111000000110110000001000100000000011000000000110000000011000000001100000000110000000001111110000000111000
0000111100000011001100000000001100000000001000000000010000000001100111111110010000001110110011100100111100000000000000000
0000000000000011111000011111111000000001100000000011000000001100000000110000000001100000000011000000000111111100000111100
0000111000000001111000000000010000000000100000000001000000000110000000001100000011110000001011000000011100000000000000000
0000000000000011110000000111111000000000110000000001100000000111000111111100001111111110011111011100000000000000000000000
0000001000000001110000000010100000001111000000000110000000001100000000010000000001100000000111110000011000110000000000000
0001100000000011111110000000001100000000111000000011000000011100000001100000000110000000011000001100111111100000111000000
0000000000000001111000011111111100000000011000000000010000011101100011111110001111111100110011001101111000000000000000000
0000011000000001111000000111010000001100100000110011000000001100000001111000000111000000001111111100001111111000000000000
0001111000000111111000001100110000000001100000000111000000111100000011110000000111000001001111111110000111111000000000000
0000000000000001111110001111111110011001111000000111100000011100000001110000000110000000011111111110011110000000000000000
0001110000000110100000001000100000000001000000000001000000000010000000111100000001111110000011110000000011000000000000000
0000001000000001111000000110110000000001100000000110000000011100000000110000000011000110001111111100011111100000000000000
0000000000000001111100000110001000001000100000000011000000000100000000010000000001101100000011110000001100000000110000000
0000000000000011111000001110110000000001100000000110000000001100000000110011100111101111011111111000110000000000000000000
0000010000000011111000001110011000011000010000000001100000000110000000111000000011100000001111100100001111111000000000010
0000011000000001110000000000100000000001000000000010000000000100000000001000000110110000001111111000001110000000000000000
0000001100000001111100000000001100000000110000000011000000000100000000111000000111011100011100000001110000000000000000000
0000000000000000111000000111011000001100110000001001100000000110000001111000000111100000001111100000000001000000000011000
0000111100000011001100000000001100000000001000000000010000000001100111111110010000001110110011100100111100000000000000000
0000111100000011111100000000001100000000010000000000100000000010000000001100001111110000111111111001110000011000000000000
0000000000000001110000000010110000000100100000000001000000000110000000001000000001110000000010110000000110000000000100000
0000001100000000001000000000010000000000100000000001000000000000000001101000000100100000001010110000000000000000000000000
0000001100000001111100000001011000000000110000000011000000001100000000110000000011001100011111111100111110000000000000000
0000001100000000001000000000001000000000010000000000100000000010000000011000011111111000000000001000000000000000000000000
0000111000000000011000000000010000000000100000000001000000000010000001111100000111111000000111110000000000100000000000000
0001111000000111111000001100110000000001100000000111000000111100000011110000000111000001001111111110000111111000000000000
0000000000000011111000000000011000000000110000000001100000000111000011111100011111110000111100111000000000011000000000000
0000000000000000000000011001100000000001000000000010000000000100000000010000000001000000000011000000000000000000000000000
0000100000000001110000000001100000000001100000000011000000001100000011111000000111110000000111100000000001110000000001000
0000000000000001111100001111011000110000100000000010000000001100000000110000000001000000000010000000000111111100001111000
0000000000000000000000000000000000000000000000000000000000000000000000000000000000000000000000000000000000000000000000000
1111111111111111111111111111111111111111111111111111111111111111111111111111111111111111111111111111111111111111111111111
