0000000000000000000000011111111000111111111001000000110000000011100000001110000000111000000011100000001110000000011000000
0000000000000000010000000111110000001100100000000001000000000110000000001100000000110000000011100000000110000000011000000
0000000000000000000000111110110001111111100000000011000000000110000000001100000000111000000000110000000001100000000011000
0000000000000000000000011111111100111111111001100000100011000011000110000110000110001100000000110000000001100000000011000
0000000000000000000000001111111000000011110000000001000000000110000000001000000000100000000001000000000100000000001000000
0000000000000000000000000110111000000000010000000000100000000010000000001000000000110000000011000000001100000000110000000
0000000000000000000000000000001100011111111000110001100000000011000000001100000000110000000001100000000110000000001100000
0000000000000000000000000011111000000110010000011000100000000010000000001100000000110000000011100000000110000000011000000
0000000000000000000000000000111000011111111000110001100000000011000000001100000000011000000001100000000110000000011000000
0000000000000000000000000111110000111000100000000001000000000010000000000100000000011000000000100000000001000000000110000
0000000000000000000000000011111110111111111000000001100000000110000000011000000001100000000111000000001100000000110000000
0000000000000000000000000001110000000111110000001101000000110010000000001100000000110000000001000000000110000000001100000
0000000000000000000000000111000100011111111001100011100010000011000100001100000000011000000001100000000011000000000100000
0000000000000000000000000111110000001101100000001010000000000100000000011100000000111000000000100000000001000000000011000
0000000000000000000000000000111000000010010000001001000000110010000000001000000000110000000011000000000100000000010000000
0000000000000000000000000011111000001111110000011101100000000110000000011100000000110000000011000000001100000000111000000
0000000000000000000000001110111100011111111000000001100000000111000000011100000000110000000011000000001100000000010000000
0000000000000000000000000000001000011111010000100000100001000001000010000010000100000100001000001000000000010000000000100
0000000000000000000000000111110000111100110000000000100000000011000000000100000000010000000001100000000010000000001000000
0000000000000000000000011111111001111111111001000001110000000011000000001110000000111000000011110000000111000000011100000
0000000000000000000000000110001000011111110001111111000000000110000000011100000000110000000001100000000011000000001110000
0000000000000000000000001111100000010001100000000001000000000010000000001100000000011000000000100000000011000000000100000
0000000000000000000000000000000000001100011100111111110011111111000100001100000000110000000001100000000110000000010000000
0000000000000000000000000000000000101111100001000001000010000010000000001111000000111000000000010000000000100000000001000
0000000000000000000000000001110000011111100000000011000000000100000000001000000000010000000001100000000011000000000110000
0000000000000000000000011111100000000011000000000010000000000100000000001000000000010000000000100000000001100000000011000
0000000000000000000000000000000001110000000000111111000000000001100000000001000000000010000000011000000001100000000000000
0000000000000000000000000111111000000110100000000001000000000110000000001000000000110000000001000000000110000000011000000
0000000000010000000000111111000000111111100000000001100000000001000000000110000000001100000000110000000001100000000011100
0000000000000000000000010000000000011111110000001111000000000010000000001100000000010000000000100000000011000000000100000
0000000000000000000000000111001000011111110000100001000000000010000000001000000000110000000001000000000110000000001000000
0000000000000000000000000111100000001001100000010010000000000100000000001000000000010000000000100000000001000000000010000
0000000000000000000000000110001100011111110000110001100001000010000000001100000000010000000001100000000011000000000100000
0000000000000000000000000111110000111000010000000001100000000010000000000100000000010000000000100000000010000000001100000
0000000000001000000000011111000000000111100000000011000000000010000000001100000000011000000000110000000001000000000110000
0000000000000000000000011111110000111111111100000000111000000011100000011110000001110000000111000000011100000001110000000
0000000000000000000000000000000000001111100000000011000000000100000000001000000000100000000001000000000010000000000100000
0000000000000000000000001111110000001111110000000011000000011111100001111111000001100000000011000000001100000000011000000
0000000000000000000000000000000000110000011001111111110011000001100100000011011000001100000000111000000001100000000000000
0000000000000000000000000001111000001111110000111001100001100110000000011100000000110000000011000000001100000000011000000
0000000000000000011000001111111000000001100000000011000000000110000011111110000111110000000001100000000011000000000110000
0000000000000000000000000111100000001111100000000011000000000110000000001100000000010000000001100000000011000000000110000
0000000000000000001000000011111000000111100000000011000000000110000000011100000011111000000011000000000110000000001100000
0000000000000000000000001111110000011100100000000001000000000110000000001100000000010000000001100000000011000000000100000
0000000000000000000000000111111000001110110000010001100000000010000000001100000000110000000011000000000100000000011000000
0000000000000000000000000001110000001111100000010011000001100100000010001000000000010000000001100000000010000000000100000
0000000000000000000000000111111000000000110000000011000000001100000000010000000001100000000011000000000110000000001100000
0000000000000000000000001111100000001111100000000011000000000010000000001100000000011000000000110000000011000000000110000
0000000000000000000000000001111000011111110000010001100000000010000000001100000000010000000001100000000110000000011000000
0000000000000000000000000011110000000001000000000111100000011110000000110000000001100000000010000000000100000000001000000
0000000000000000000000000111111000000010110000000001000000000110000000011000000001100000000110000000001000000000110000000
0000000000000001000000000010110000001111110000111001100001000010000000001100000000011000000001100000000011000000000110000
0000000000000000000000000111111000011001110000000001100000000110000000011100000000110000000011000000001100000000011000000
0000000000000000000000000111100000011101100000000001000000000010000000000100000000010000000000100000000010000000000100000
0000000000000100000000001111111000000000010000000001000000000010000000001000000000010000000001100000000010000000000101000
0000000000000000000000011110000000011111000000000011000000111111100000111111000000011000000000110000000001000000000110000
0000000000000000000000000000111100000111111000011101100000001100000000110000000011000000001100000000110000000001100000000
0000000000000000000000000000100001111111110000000000100000000011000000001100000000110000000001000000000110000000001000000
0000000000000000000000000111110000011111110000110001000000000110000000001000000000110000000001100000000010000000001100000
0000000000000000000000010000000000111111110000011111100000000001000000000110000000001000000000110000000001000000000110000
0000000000000000000000111111110001111111110010000001110000000011000000001110000000011000000001110000000011000000000110000
0000000000000000000000011111111000111111111000000001110000000011000000001100000000110000000001100000000110000000011100000
0000000000000000000000001111000000111111100000100011000000000110000000001100000000011000000011111000000001100000000001000
0000000000000000000000001001111000011111110000111111100000000111000000011110000001111000000111100000001110000000110000000
0000000000000000000000000000011100111111111101111111110000001011000000001110000000111000000011100000001111000000001100000
0000000000000000000000000001100000000100111000010000100001000010000000001000000000100000000010000000000100000000010000000
0000000000000000000000000001111000011110110000100001000000000110000000001000000000110000000001000000000110000000001000000
0000000000000000000000000001111100001110011000110001100001000010000000001000000000110000000011000000000100000000011000000
0000000000000000000000010000000000111111111000000000110000000011000000001100000000110000000001100000000110000000001100000
0000000000000011000000000111100000011001100000110001000000100110000000001100000000011000000000100000000011000000000110000
0000000000000000000000000001111100111111110000100001100000000110000000011000000000110000000001000000000110000000001100000
0000000000000000000000001111111100000000001000000000110000000011000000001100000000110000000010000000001000000000100000000
0000000000000000000000001111110000111111100000000011000000000110000000001100000000011000000000100000000001000000000010000
0000000000000000000000001111100000000001100000000011000000001100000000010110000001100001000110000000001000000000000000000
0000000000000000000000011111110000011111110000000001100000000010000000000100000000011000000001110000000011000000001100000
0000000000000000000000001111111000000110110000000011000000000110000000001000000000110000000001000000000110000000001100000
0000000000000000000000000011111000011111011011000001100000000011000000001100000000110000000001100000001110000000011000000
0000000000000000000000000000110000111111100000000001000000000110000000001100000000011000000000100000000001000000000010000
0000000000000000000000000001110000001111100000111111000001100110000000011100000000110000000001100000000010000000001100000
0000000000000000001100000011111000000000110000000011000000000100000000011000000001100000000110000000011000000000110000000
0000000000000000000000000001111000001110010000011001100000000010000000001100000000110000000011000000000100000000011000000
0000000000000000000000111111111101111111111010000001110000000111000000001100000000111000000001110000000111000000011100000
0000000000000000110000000111110000000001100000000010000000000100000000011000000000100000000011000000000110000000001100000
0000000000000000000000000001110000000111110000111111100011110110000010001100000000011000000000110000000011000000000110000
0000000000000000000000000000111000111111110000001101100000000110000000001100000000110000000001100000000011000000000100000
0000000000000001100100000011111100000000010000000001100000000110000000011000000001100000000011000000011100000001110000000
0000000000000000000000000011111000000011110000000011000000001100000001111110000011110000000010000000001100000000011000000
0000000000000000000000000001111000000111111000011011100001100110000000011000000000110000000001000000000110000000011000000
0000000000000000000000001111111100001111111000000001100000000110000000011000000001100000000010000000001100000000110000000
0000000000000000000000000000010000000111110001111001100001000011000000001100000000010000000001000000000010000000000100000
0000000000000000000000011000000000111111100000000111100000000011000000000100000000001000000000110000000001100000000011000
0000000000000010000000011111000000001111000000000011000000000110000000001100000000011000000000110000000001100000000111000
0000000000000000000000000000111100111111111011100000110000000001100000000110000000011000000001100000000110000000001100000
0000000000000000000000000001111100011111110000000001100000000110000000001000000000110000000011000000000100000000011000000
0000000000000000010000000011110000001101100000000010000000000100000000011000000000100000000011000000000100000000011000000
0000000000000010000000001111000000011111000000001110000000001110000000011100000000111000000001110000000011000000000110000
0000000000000000000000000000000001111111110000000000100000000011000000000100000000001000000000110000000001000000000010000
0000000000000011000000000001110000000000100000000001000000000110000000001000000000110000000001000000000110000000001000000
0000000000000000000000000000111000011111110000110001100000000010000000001100000000010000000001000000000110000000001000000
0000000000000010000000001111110000000001111000000000011000000001100000001110000000111000000111000000011000000001100000000
