0000000000000000000000000000011110000111111000011100000001111100000001001100001000011000011101110000001111000000000000000
0000000000000000000000000011111110000100111100011000000000111100000001111000000000010000000001100000011110000000111000000
0000000000000001111000001111111000011000000000110000000001111100000011111110000000000110000000011000000111110000001111000
0000000000000000001100000011111000001110000000011000000000111110000001111100000000001000000000110000000111100000001110000
0000001100000000111000000010000000000100000000001000000000011100000000001100000000001000000000010000001111100000001100000
0000000000000000000000000000000000000011111100011000000000110000000000010000000000100000001110000000000000000000000000000
0000000010000001111110000110011000011000000000100001000001111111000000000010000000000110001100001100011111110000011110000
0000000000000000000000000000000110000001110000001010000000010000000000010000000000100000001111000000000000000000000000000
0000000000000000000000000000001110000111101000010000000000100000000000111000000000110000000011000000110000000000000000000
0000000000000000110000000111100000001100000000011100000000011000000000001000000000011000000000110000000001100000001100000
0000000000000000111100000001111100000010000000000100000000001000000000011000001100110000001001100000011111000000011100000
0000000010000000011100000011110000000110000000001100000000001110000000001100000000011000000111110000001110000000000000000
0000000000000000101111000001111110000111000000001110000000000110000000001100000110011000001101100000111111000000111100000
0000000000000000000000000000001110000111100000011000000000110000000000110000000100100000001001100000001110000000000000000
0000000000000000111000000001111100000110000000001000000000110000000001110000000000110000000001100000001011000000011100000
0000000000000000000000000000000000000000001100011111110001000000000010000000000110000000000110000000000100000000001000000
0000000000000001111110000111111000001111000000011111100000001111000000000111000000000110011000001101111111110001111111000
0000000000000000000011000011111110001111110000011000000000111100000000011100000000011000001100110000011111000000011100000
0000000000000000000000000000111110011011111000100000000001100000000001111000000000011000001000010000011101100000001100000
0000000000000000000111000011111110001111100000011000000001100000000010000000001111110000011100111000000010111000001000110
0000000100000000011100000011100000001100000000010011000001111111000011100011000000000110000000011000111111100000000000000
0000000000000001111110000111111100001111100000011111000000111110000011100110000000001100000100110000011111100000111110000
0000000000000000000000000010111110011111110000100000000001100000000001111000000000111000001001110000011111000000000000000
0000000000000000000011000000011110000011110000001100000000111000000000010000000100110000011111000000011100000000000000000
0000000000000000000000000001111100000110000000011110000000100010000000000110001000011000011111100000000000000000000000000
0000000000001111111100001111110000010000000000111111000001111111100000000011100000000011000000001100001111111000111111100
0000000000000000111110000010011100001100000000001110000000000100000000001100001000011000010000110000011111000000001100000
0000000000000000000000000000001110000011111100000100000000011000000000110000000001000000011110000000000000000000000000000
0001000000000011011110000100000000001000000000011110000000100110000000000010001000000100011000111000011111100000000000000
0000000000000011111100000111111000001100000000011000000001111110000001101110000000001110000000111000000111100000011100000
0000000000000000001111000001111000000110000000001000000000110000000001111000000000011000000000110000011111000000011000000
0000000000000000011100001011100000010110000000100000000001101110000001100010000000000110000010001100000111110000000011000
0000000000000000000110000001111110011111111000111100000001100000000001111000000000111000000000110000001011100000011110000
0000000000000111111000001110100000011100000000011100000000111111100000100011000000001111000001111000011111000000011100000
0000000000000000000000000000000000000111111100001111110000011000000000010000001111110000001111100000000000000000000000000
0000000000000000000100000000111000000110000000011000000000110000000000110000000000010000000000110000000001000000000100000
0000000000000000000000000001001110000110000000011100000000101110000100000100001100001000001111100000000000000000000000000
0000111110000011111100000111000000011000000000100001000001111111100011100001000110000010001111011100001111110000000110000
0000000000000011111000000100000000000100000000001000000000010111000000110010000000000100000000010000001111000000000100000
0000000000000000011000000011100000000110000000001000000000010000000000010000000000010000000000100000000001000000001100000
0000000000000000111110000111111000001100000000110000000000111100000000001100000000011000000000010000000000100001111110000
0000000000000000011111000001111110000111000000011100000000111100000000011000000000110000001001100000011110000000111000000
0000000000000000000010000000111110000011000000001100000000111000000011111000001100011000001111100000000000000000000000000
0000000000000000000000000000000000000111111100011111100000111000000000110000000000110000011011100000011110000000000000000
0000000000000000000000000000000110000111111100011000000000111000000001011000000100010000001111100000000110000000000000000
0000000000000000111100000011100000001000000000111000000000111110000000000100000000001000000000010000011001100000011110000
0000000000000000000000000001111110000100000000011000000000110000000001110000000000110000000001100000010110000000111000000
0000000000000000011110000001100000001110000000110000000001110000000000111100000000001000000000010000000011000000001100000
0000000000000000000011000001111100000110000000001100000000111100000000001100000000011000011000100000011011000000011000000
0000000000000000001110000011111000001100000000011000000000111000000000011000000000011000000000110000000011000000011100000
0000000000000000101110000001111000000110000000001100000000001100000000001000000000110000000111000000111100000000000000000
0000000000000000000011000001111110001111000000111000000001100000000011111000000000010000000001100000111110000000111000000
0000000000000000000001000011111110001100000000011000000000111100000000001000000000010000010000100000111110000000001000000
0000000000000000011110000011000000000100000000000000000000010000000000000000000000100000000000100000000001000000001110000
0000000000000000000000000001111110000111100000011000000001100000000011100000000011111000000000110000000111000000000000000
0000000000000111111100001111111000011000000000111111100001111111100000000001000000000010000000001100011111110000111110000
0000000000000000000000000000111110000011000000001110000000110010000000001000000110110000001110000000000000000000000000000
0000000000000000010000000001111110000101110000011000000000111100000000001000000000010000000001100000011110000000000000000
0000000000000000001111000011110000011110000000110000000001110000000000111000000000111000000000110000000011100000011110000
0000000000000000000000000111110000001111111100011111011000111000000000100000000001100000000011000000000110000000111100000
0000000000000000111110000010110000001000000000011111000000000001000000000010001000000100011000001000011111110000000100000
0000000000100000010011000001111100000011100000001100000000001100000000000100000001111000001111110000011111000000011000000
0000000000000000000000000000000000000000011100001111000001100000000001110000000000100000001111000000000000000000000000000
0000000000000000000000000000000000000011111100001111110000111000000000001000000100010000001111000000000000000000000000000
0000000000000000000000000011111110001000000000100000000010000000000001111110000000000100001000001000001111100000000000000
0000000000000000000001000000011110001111111000111000000001100000000011000000000001100000000001100000001111000000011100000
0000000000000000000000000110000000001000110000011111000000111100000000111100000000001000000000010000000000100000000011000
0000000000000000000000000111111000011110000000111110000001111110000000000110000000001100000100010000001101100000001110000
0000000000000001111100000010000000001000000000011110000000000110000000000100000000001000000000010000010001000000011100000
0000000000001111111000001111000000010000000000110000000001111111000001100011000000000011000110001110001111111000000111000
0000000000000000000000000011111110001000000000010000000001100000000001110000000000100000000001100000000011000000010100000
0000001000000001111000000010000000000110000000000110000000000100000000000100000000001000000010110000000111000000000100000
0000000000000000111110000011011000001100000000010000000000111110000000000010000000001100000000110000000011000001111000000
0000000000000000000000000011111000000110000000011000000000111110000000100100000000001000000000010000000000100000000110000
0000001111000001111100000010000000001100000000001110000000000011000000000010000000000100111110011000111111100000000000000
0000000000000000000000000000000000000011111100001000000000111110000000000100000000110000001111000000000000000000000000000
0000000000000000000000000000000000000111111100011111111001000000000011110000000000010000000101100000001110000000000000000
0000000000000000000000000000011110000111111000011100000000011000000000011000001000010000011111100000001110000000000000000
0000000000000000011100000001100000000100000000001000000000011100000000101000000000001000000000100000000010000000011000000
0000100000000011111100000110000000001000000000111110000001111111000000000011000011000110000100001100001100110000001111000
0000000000000000010000000011111100001111100000011000000000111000000000001000000000001000000000010000000011100000111110000
0000000000000000000000000000101110001111111100111110000000111000000000011000000000110000001011100000011110000000000000000
0000000000000000000100000011111000011000000000111100000000100100000000000100000000001100000000011000000001100000011100000
0000000000000000011110000001110000000110000000011000000001110000000001110000000000110000011101110000001111100000000010000
0000000000000000000100000011110000000110000000011110000000111110000000000100000000001000000000010000001011000000011100000
0000000000000000011100000111110000001110000000011000000000011000000000011000000000011000000010110000001111100000000010000
0000000000000001111000001111000000010000000001111110000010000111000000000001001100000001001111000110000001111000000000000
0000001100000001111000000111000000001100000000010000000000111100000001111110000000001100000111111000000111000000000000000
0000000000000000011100000011110000001100000000010000000000111110000001000100000000001100000100011000001001100000001110000
0000000010000000111100000010000000001000000000110000000001111100000000000100000000001100000000110000000111000000110000000
0000000000000000000011000000111100000011100000001000000000110000000001110000000000100000000001000000000110000000011000000
0000000000000011110000000111000000001100000000011101100000111111000000111110000010001100000111111000000111110000000010000
0000100000000001111100000100000000001000000000010110000000110010000000000010000000000100000000001000011111110000000100000
0000000000000000111111000011111000000110000000011000000000111111000001111110000010001100000100110000001111100000001110000
0000000000000000000000000000001110000111110000011000000000111110000001100100000000011000000001100000011110000000000000000
0000000000000000011111000111111110001100000000010000000000100000000001111100000000011000000000110000010011000001111100000
0000000000100000000011000000011100000101100000011000000001111100000001001100000000011000001000110000011111000000011000000
0000000000000001111111000011111110001100000000110000000011111111100111100001000000000110000000111000011111000000110000000
0000000000000000000000000000111110000010110000001000000000010000000001110000000000000000011111000000011100000000000000000
0000000100000011111000001111000000010000000001111111100011111101100000000001000000000010000100011100001111110000000100000
