0000000000000000111100001110010000000001000000001100000000100111000011100001100000000001000000001100000001100000011100000
0000000000000011111000001000011000010001100000000110000000111110000001000110000000000100000000001000001001110000011110000
0000000000000000000000001111110000111011110000000011000000001110000001111110000001001100000000111000000111100000001110000
0001100000000010110000000000100000000011000000011100000000111100000000000100000000000100000000011000001111100000000000000
0001000000000111111000000000011000000000110000111111100001111110000000000110000000001100001000011000001111100000001100000
0000010000000000110000000000110000000001100000000111000000001100000000001000000000011000000100110000001111000000000100000
0000000000001111110000011111110000000000110000000111000000111110000011111110000000000110000000001100001001111000011111000
0000001000000001111100000011111000000011100000011111000000111111000000000110000000011100001111110000011111000000010000000
0000000000000000000000000111111000000011100000011111100001110011100000000011000000001100110000111000111111000000010000000
0000000000001111100000111001100001000011000000000110000000011100000000111110000000000110000000001100000111111000000111100
0001000000000111111000000000011000000000110000111111100001111110000000000110000000001100001000011000001111100000001100000
0000000000000001110000000100110000001000100000011011000000011010000000000100000000001000000000010000000101100000001110000
0000111100000011111100001111111000000001110000000111000000011111000000110111000000001110010000111001111111100000010100000
0000000000000011110000001111111000000100111000000011100000001110000001111000000111100000000111100000000011000000001110000
0000000000000001111110000011111100000000011000000011100000111110000001100110000000001100010000110000101111000001111000000
0000000000000111111100011111111000000001110000000111000011111100000111111110000000001100000000001100010111111000111111000
0000000000000000110000001111111000000000011000000011000000001100000000000110000000000100000000010000000001000011111100000
0000010000000011110000001101100000011011000000001100000000011000000000011000000000011000000000011000000111100000000010000
0000001000000001101000000100010000000001000000001111000000110001000000000010000000000100000000011000011001100000001100000
0000010000000010011100000000001000000001100000001100000000111100000000000110000000000100000000011000001111000001111000000
0000000000000001110000000000110000000001100000001110000000111110000001111110000000001100000000010000000001100000011110000
0000000000000000000000001111110000011111110000000001100000000111000001111100000111100000000011100000000001100000000001000
0000100000000011110000000000110000000001100000011111100001111011000001000011000000001100010000111000111111100000001100000
0000000000000011111000001100111000000000110000000011000000011100000000111000000000111000000000111000111111110000111000000
0000100000000011110000000000110000000001100000011111100001111011000001000011000000001100010000111000111111100000001100000
0000000000000001111000000011111000000011100000000110000000000110000000001100000000011000000001110000111111000000111100000
0000111100000000001000000000010000000000100000000111000000011110000000000100000100001000001100110000011111000000000000000
0000000000000011110000001100110000000001100000000011000000011110000000000100000000001000000000110000111011000000011100000
0000000000000000110000000000010000000001000000001100000000110011000000000010000000001100000000100000011100000011000000000
0000000000000011110000001100110000000001100000000011000000011110000000000100000000001000000000110000111011000000011100000
0000000100000011111110000100001100000000011000000011100000111110000001101100000000001100010000011000111111100000011100000
0000000000000011110000001111111000000100111000000011100000001110000001111000000111100000000111100000000011000000001110000
0000000000001111100000011111100000000010000000001100000000110000000000111110000000001110000000000100000000011000000011100
0000111000000011111100000001111000000011000000000111000000000110000000000110000000001100111000111000111111100000011000000
0001111000000111011000000000010000000001100000011111000000000011000000000010001000000110011111111000001111100000000000000
0000110000000000000000000000100000000000000000000000000000000000000000001000000000010000000001100000001110000000000000000
0000001000000001101000000100010000000001000000001111000000110001000000000010000000000100000000011000011001100000001100000
0000000000000001111110000011111100000000011000000011100000111110000001100110000000001100010000110000101111000001111000000
0001111000000111011000000000010000000001100000011111000000000011000000000010001000000110011111111000001111100000000000000
0000001000000000110000000111110000001111100000011010000000000110000000001100000000111100000111110000001111000000000000000
0000000000000011110000001111111000000100111000000011100000001110000001111000000111100000000111100000000011000000001110000
0000000000000001111110000111111100000000011000000011100000001110000000111000000000111000011001100000111111000000111000000
0000111100000000001000000000010000000000100000000111000000011110000000000100000100001000001100110000011111000000000000000
0000000000000001111000000111110000001111100000001111000000111100000001111000000001011000000000110000000111100000001110000
0000001100000001111100000111001000000000110000011111000000111100000000001000000000011000000110110000011111100000100011000
0000000000000011111000001100110000000001100000001110000000010100000000000100000000001000000100110000001001000000011100000
0000000000000111110000001111110000000000110000000111000000011111000000000110000000001100000000111000000111100001111100000
0000000000000000000000001111110000011111110000000001100000000111000001111100000111100000000011100000000001100000000001000
0000110000000111110000001000110000000001100000011111000000110011000000000011011100000010001100001100001111110000000000000
0000000000000001110000000000110000000001100000001110000000111110000001111110000000001100000000010000000001100000011110000
0001000000000111110000000000100000000011000000001110000000000110000000000110000000000100000110111000001111100000000000000
0000000000000001111000000010111000000000110000000011000000011100000000111100000000011000000011110000011110000000000000000
0000000000000000000000000000111100000000001000000111100010011101001100000010001111001000001111100000000000000000000000000
0000000000000011110000001111111000000100111000000011100000001110000001111000000111100000000111100000000011000000001110000
0000000000000011110000000001100000001110000000011111000000001111000000000110000000000100000000111000001111100000011000000
0000010000000111110000000000110000000111000000011110000000000111000000000110000000000100001000011000001111100000000000000
0001110000000111111000001111110000000111100000011111100000011111100100000111001100011110011111111000011111100000001000000
0000000000000001111000000011110000000000110000000011000000001100000000011000000000010000000000110000011111000000011100000
0000000000000011100000000001100000000001000000000100000000010000000000110000000000100000000000100000000001000000000110000
0000000000000011110000011111110000000000100000000111000000011111000000000010000000000100001000001000001111110000001110000
0000110000000000000000000000100000000000000000000000000000000000000000001000000000010000000001100000001110000000000000000
0000011000000000111100000000110000000011000000000110000000001000000000011000000000011000000000110000111111000000011000000
0001100000000010110000000000100000000011000000011100000000111100000000000100000000000100000000011000001111100000000000000
0000000000000011110000000000100000000011000000001100000000000100000000000100000000000100000000001000000000100000001111000
0001000000000111110000000000100000000001000000000110000000111100000001111100000000001100000010001000000111110000000010000
0000000100000000111100000001111000000000110000001111000000111110000000000100000000001000100000110001111111000000111000000
0000000000000001111000000111110000001111100000001111000000111100000001111000000001011000000000110000000111100000001110000
0000000000000000110000000000010000000001000000001100000000110011000000000010000000001100000000100000011100000011000000000
0000000000000011110000011111110000110000100000000111000000011110000000000110000000000111000001111110001111110000110000000
0000000000000011111000001100110000000001100000001110000000010100000000000100000000001000000100110000001001000000011100000
0000000000000111110000000111110000000001110000000111000000111110000000110110000000001100001000011000011111100000011111000
0000000000000011111000001100110000000001100000001110000000010100000000000100000000001000000100110000001001000000011100000
0000000000000000000000001111110000111011110000000011000000001110000001111110000001001100000000111000000111100000001110000
0000000000000111111110011111111100111000011001000011100000011111000001111110000001001100011100011000011111110000001111000
0000000000000011111000001100110000000001100000001110000000010100000000000100000000001000000100110000001001000000011100000
0000000000000011110000001100110000000001100000000010000000011100000001111100000000001000000000110000000001000000011100000
0001100000000111111100000000011100000000011000000111110000011110000000011000000000011000011001110000011111100000001100000
0000000100000011111110000100001100000000011000000011100000111110000001101100000000001100010000011000111111100000011100000
0000000000000011111000001100110000000001100000001110000000010100000000000100000000001000000100110000001001000000011100000
0000000000000000010000000011100000001101000000011011000000101111000010110110000000001100000000010000000001000000000100000
0000000100000000111100000001111000000000110000001111000000111110000000000100000000001000100000110001111111000000111000000
0000000000000000000000001111110000011111110000000001100000000111000001111100000111100000000011100000000001100000000001000
0000010000001111111000000000010000000000100000000011000000011100000000111100000000001000000100010000001111100000001110000
0001000000000111111000000000011000000000110000111111100001111110000000000110000000001100001000011000001111100000001100000
0000000000000111110000000000110000000001000000001100000001111110000000000111000000000010000100001100001100110000001111000
0000000000000111111000000000010000000001000000001000000000111000000000001100000000000100000100001000001001100000001100000
0000000000000111111000000000010000000001000000001000000000111000000000001100000000000100000100001000001001100000001100000
0000000000000011111100000111111100000000111000000011100000111110000001111100000000011000010000011000111111110000111111000
0000000000000001110000000110100000001001000000000010000000011000000000001000000000010000000000010000001001000000001110000
0000000000000011100000011111110000100000110000000011100000001110000000001110000000000110000000011100001111100001110000000
0000001100000001111100000111001000000000110000011111000000111100000000001000000000011000000110110000011111100000100011000
0000000000000011110000001100110000000001100000000011000000011110000000000100000000001000000000110000111011000000011100000
0000001000000001111100000011111000000011100000011111000000111111000000000110000000011100001111110000011111000000010000000
0000000000000000110000001111111000000000011000000011000000001100000000000110000000000100000000010000000001000011111100000
0000000000001111110000000000100000000011000000000100000000001000000000011100000000001100000000111000001111000000100000000
0000000000001111110000000000100000000011000000000100000000001000000000011100000000001100000000111000001111000000100000000
0000010000000010011100000000001000000001100000001100000000111100000000000110000000000100000000011000001111000001111000000
0000001100000001111100000111001000000000110000011111000000111100000000001000000000011000000110110000011111100000100011000
0000000000001111100000011111100000000010000000001100000000110000000000111110000000001110000000000100000000011000000011100
0000000000000011111000001000011000010001100000000110000000111110000001000110000000000100000000001000001001110000011110000
0000000000000000000000000000000000000000000000000000000000000000000000000000000000000000000000000000000000000000000000000
1111111111111111111111111111111111111111111111111111111111111111111111111111111111111111111111111111111111111111111111111
