0000001100000000010000000001100000000010000000001100000000010110000000111100000011111000000111100000001110000000000000000
0000001000000000110000000011000000000110000000001100000000011100000000111100000001101000000011110000000011100000000000000
0000001100000000111000000011100000000110000000011100000001111111000011111110000111111100000111111000000111100000000000000
0000011000000001110000000111000000011100000000110001110001100111110011111001100011111111000111111100001000000000000000000
0000011000000001000000000110000000001000000000010000000000100000000001000110000011011100000011111000000000000000000000000
0000010000000001010000000010000000001000000000010000000000100111000001001010000001010010000011001000000011100000000000000
0000000000000000001100000001110000000110000000001100000000111000000001111000000110011000001000110000001111000000001100000
0000001100000000111000000011000000001110011000011011110001101110100011110011000111111100001111100000001100000000000000000
0000001100000000011000000001100000000110000000001101000000011111000001111110000011111000000111110000000110000000000000000
0000001000000000110000000001000000000110000000001100000000011100000000100100000001001000000011110000000011000000000000000
0000110000000001000000000110000000001000000000010000000000100111000001011001000011110110000011111000000000000000000000000
0000000011100000011110000001110000000011000000001100000000110100000001111100000011001000001111100000001110000000000000000
0000010000000001000000000110000000001000000000110000000001100011000001001110000011001100000011111000000000000000000000000
0001100000000011000000001110000000011100000000110011110001101111110011011111000111111110001111111000000111100000000000000
0000001110000000111100000111000000001100000000110000000001111000000011111110000110001110001111111100000111110000000000000
0000000100000000011000000000100000000010000000001000000000110000100011000111000100011100001111100000000000000000000000000
0000000011100000001100000000110000000011000000001100000000111100000001111000000011110000001111000000001110000000000000000
0000000110000000001000000000100000000011000000001100000000110000000001000100000110111100000111110000000110000000000000000
0000000111000000011000000001000000000100000000001000000000100000000001000000000010111100001111111100010011100000000000000
0000100000000001000000000110000000001100000000011001100000111111100001110001000011100100000011111000000011100000000000000
0000001100000000010000000001100000000010000000001100000000011000000000101000000001010000000010100000000111000000000000000
0000010000000000100000000010000000000100000000001000000000010001000001001101000011100100000011110000000000000000000000000
0000000110000000011000000001100000000110000000011000010001110011100011001111000100111100001111110000001000000000000000000
0000000100000000010000000011000000000100000000010000000001100001000010001101000101100110000111111000000110000000000000000
0000110000000001000000000110000000001000011000110001110001100110100011001110000110011100000111111110000100000000000000000
0000000100000000011000000001100000000010000000001100000000010000000000111100000011001000000110110000000111000000000000000
0000001100000000111000000011010000001100000000111111100001111111100111110001101110000110001111111000011111100000000000000
0000110000000011000000000110000000011000000000110000100011000111100011011101000011111110000011111000000000110000000000000
0000001100000000110000000011000000000100000000011000000000100001000001111111000011111110000011110000000000000000000000000
0000011000000000100000000011000000001100000000010000000000100111000001011110000011101100000011110000000110000000000000000
0000100000000001000000000010000000000100000000001000000000010111000000111010000001100100000011111000000011000000000000000
0001100000000011000000001100000000011001111001110111011011001100010011110000100110111011000111111100000111100000000000000
0000000100000000010000000001000000000010000000001000000000010011000000111010000001100100000010110000000110000000000000000
0000011000000001100000000110000000001000000000110000000001111111100011111101000110000110000111111000000111100000000000000
0000000100000000010000000001100000000010000000001000000000010000000001111110000011101100000011110000000010000000000000000
0000001100000000110000000001000000000110000000001100000000111111000001100110000011001000000111100000000110000000000000000
0000001100000000010000000001000000000110000000001000000000010000000001101100000011111000000111100000000110000000000000000
0000001000000000110000000011000000001100000000110001111001101111110010110000100101100010001111111000000110000000000000000
0000001100000000110000000001100000000011000000000110000000011111000000111110000001111000000111100000001110000000000000000
0000110000000001000000000110000000011000111000110011010001000101100010011011000100101100001101110000001111000000000000000
0000001100000000100000000010000000000100000000011010000000101110000001100010000011000100000110001000000111100000000000000
0000110000000001000000000100000000001000000000110001110001000111100010011010000110111100000111110000000110000000000000000
0000011000000000100000000011000000000100000000011000000000110111000001000011000010000110000111011000000011000000000000000
0000001000000000110000000011000000000100011000011001111000100101100011011110000111111000001111100000001110000000000000000
0000001000000000100000000010000000000100000000010001100000100110000011011010000100101100000111100000001110000000000000000
0000001000000000110000000011100000000110000000011101110000111111100011111110000111111100001111110000001111000000000000000
0000110000000001100000000011000000000110000000001000000000010000000000111100000000111100000000111000000000000000000000000
0000000100000000011000000001100000000110000000011000000001100011100010011111001111100110011111110000001000000000000000000
0001100000000011000000000110000000011001110000110111110001101001100011110011000111100110000111111000000111100000000000000
0000001100000001110000000110000000001100000000110011111001111101110011100001100111111110000111111000001111100000000000000
0000011000000000100000000011000000001100000000010000000001100011100011011111100111100011001111001100000000000000000000000
0000000001000000001100000000110000000011000000001100000000011100000001101100000010010000001101100000011110000000010000000
0000001000000000100000000110000000001000000000100000111001000110010110011001000101000100001111110000001000000000000000000
0000010000000001100000000010000000001100010000010011110001100101100011011010000110111100000111110000000000100000000000000
0000001100000000100000000001000000000110000000001000000000010100000000111100000011001000000010010000000111000000000000000
0000010000000000100000000010000000000100000000011000000000100000000001001110000011100100000011110000000000000000000000000
0001100000000010000000001100000000010000001000100000111011000011010110001101100110011110001111111000000110000000000000000
0000011100000001111100000111000000011000000001100000000011000011100110011111001111111110000111111100000111100000000000000
0000000000000111100000001100000000110000000001100001110011000111110110001100100110011010000111111000000000000000000000000
0000000100000000010000000001100000000110000000001000000000100110000001111110000011001100000011110000000000000000000000000
0000000110000000011000000001100000000110000000011000000000110000000011111110000111111100001111110000001111000000000000000
0000001100000000111000000011000000001110000000111000000001110111110110001111001100111110001111110000000111000000000000000
0000000110000000001000000000110000000011000000001100000000011110000001111100000011011000000111100000000110000000000000000
0000000110000000011100000001100000000110000000011110000000111111000011000110000110001000001111110000001110000000000000000
0001100000000010000000000100000000011000000000110000000001100011100001001101100001110011000001111100000000000000000000000
0000000011000000001100000000110000000011000000001100000000111111000011100011000110001100011101111000001111000000000000000
0000001100000001100000000110000000001000000000100000000001000000000010111111100100000011000110111000000111000000000000000
0000000110000000111100000001100000000110000000011000000000111110000001101110000011001100000111111000000111100000000000000
0000011000000000100000000011000000000100000000001001000000110011000001101110000010111100000111110000000000000000000000000
0000110000000010100000000100000000001000000000010000000000100000000001001110000001110010000011001000000001100000000000000
0000000010000000001100000000110000000001000000001110000000111100000001111000000001010000000111100000000110000000000000000
0010000000000100000000001000000000010000110000100011110011000110100110001001000100011110000111111000000000000000000000000
0000011100000001111000000010010000001100000000110000000001011111100110100011000100000010001110011000001111000000000000000
0000000100000000011000000000100000000010000000000100000000010000000000111000000011111000000100110000000001000000000000000
0000001100000000110000000001000000000110000000001000000000110111000001011010000010101000000111100000000110000000000000000
0000000111000000011000000000100000000010000000001000000000110000000001111100000011011000000111110000000010000000000000000
0000001100000000110000000001100000000110000000011000000001110000000011000111000110111110001111111000001110000000000000000
0000011000000001110000000011000000000100000000011000000000111111000011111110000011011100000111110000000110000000000000000
0000000110000000110000000011000000001110000000111000000001100011100111011111001111100110001111111000001111100000000000000
0000000000000000000100000000110000000000000000000100000000010000000000111000000010010000000000000000010010000000010000000
0000110000000001000000000100000000001000000000110001000001001111000010010011000110100110000111111000000111000000000000000
0000011000000000100000000010000000001100000000010000000001101111000010100011000111001110000111110000000000000000000000000
0000000011000000001000000000110000000011000000000100000000011100000001100100000010001000000100100000001110000000000000000
0000001100000000110000000011100000001110000000011111110000111001100011000011000110001100001111110000011110000000000000000
0000010000000000100000000011000000000110000000001011100000011111000001110110000011111000000111100000000110000000000000000
0000011000000000110000000011000000001100000000110000000001100001100011001111100110011110001111111000001110000000000000000
0000011000000001110000000011000000001110000000011000100000110111100011101111000111111100001111110000001110000000000000000
0000100000000001000000000110000000001000011000110011111001101100010011011001100110110110001101111000001111100000000000000
0000110000000011100000000110000000001100000000011000000000010110000000101110000001110100000011110000000011000000000000000
0000000110000000011000000000100000000010000000001100000000010100000001111100000011001000000100110000001111000000000000000
0000001100000000111000000001000000000110000000001000000000010000000000111000000001111000000011110000000011000000000000000
0000000110000000011000000000100000000011000000001100000000011111000001111110000110111000001111100000001000000000000000000
0000000000000001110000000111000000011000000001100001110011000111110110001101101110110110001111111100001111100000000000000
0000001000000000110000000011000000001100000000010001111001101100010110110001101101000110011111111000001110000000000000000
0000001110000001111000000111000000011000000000100000110001000111100000011011000100100110001111111100011111100000000000000
0000011000000001100000000010000000000100000000001000000000010011000000101000000001100100000011000000000011000000000000000
0000100000000001000000000100000000001000000000110011000001101101100001010001000010100010000011111100000000100000000000000
0000000110000000010000000001000000000100000000011000000000100011000001011010000111000100000110110000001110000000000000000
0000001000000000010000000001100000000110000000011001110001100111110011011001101111111110001111110000000100000000000000000
0000000011000000001100000001110000000111000000111001110011101111111110110011001001000110011111111000011111000000000000000
