0000000000000000111000000111001000011000000000111000110000011111000000011100000001101000000110110000001011000000011000000
0000000000000000000000000001111110000110011100001111110000011100000001110000000100100000001001000000010010000000011100000
0000000000000001111100001111000000110000011000100001110001111110000000111000000001111000000111010000000100100000001111000
0000010000000001110010000110000000001000010000010011000000011100100001110001000110100000001100100000001111000000000100000
0000000100000000011000000001111000000100010000001001100000010010000000011000000000110000000111100000011110000000011000000
0000000000000001110000000110010000011001110000110010000000111100000000011000000001111000000010110000000101100000001110000
0000010000000001111000000110110000001111000000001100000000011100000000111000000011011000000110010000001111100000000110000
0000000000000000011111000001100100000110010000001101000000011100000000110000000011100000001111000000011110000000111000000
0000000000000000111000000000101100000010001100000100111000011111000011010000001100100000010001000000100100000000110000000
0000000000000000000010000011111110001111111000111111000001001110000011111110000011111100001100110000011111000000111000000
0000000000000001100000000111100000011011000000110110000001111111000011110011000001100110000001000100000011011000000011100
0000001000000000111000000001111000000100110000001011000000111100000001111000000110111000001100110000001111000000000100000
0000000000000000001100000011111000011101100000111110000000011100000000111000000001011000000010100000000111000000001100000
0000000000000000111100000011111000001101100000011111000000011100000000111000000001110000000111100000001111000000011100000
0000000000000000000010000111101110001111011000001111100000001110000001111000001111110000011011000000111110000000111000000
0000000000000000011110000001111110001110110000011011000000011100000000111000000001110000000111110000011111000000111000000
0000000000000001111000000111111000001010110000011011100000111100000000111000000011111000000110110000001110110000001111100
0000000000000000011100000001111000000100110000011111000000011000000000111100000011101100001100010000011011100000011100000
0000000000000000110000001111111100011000011000110001100001111110000001111000000001111000000111110000001111100000001110000
0000000000000000111100000110011000001001000000001110000000001100000000100000000011001000000100010000001001000000001100000
0000000000000000011110000011101100001100011000010001100000110110000001111000000001100000000100100000011011000000111100000
0000011000000000111000000100010000001000101000011010000000011100000000110000000001100000000101000000001110000000010000000
0000000000000000011110000111111100011100011001111001100000111110000000111100000001111000000110010000011101100000011110000
0000000000000000000010000111111100111111110001100001000011100100000011111100000001111100000010011000001110100000001111000
0000001000000000111000000010011000000101100000001100000000011100000000111000000010010000001100010000001111000000010000000
0000000000000000111000000011011000001100100000011011000000111110000001101100000010011000000100110000001111000000001100000
0000000000000000110000000110000100011000010000110001000000011100000000011000000001010000000010100000000111000000001000000
0000000000000000011100000001111000000100110000011111000000011000000000111100000011101100001100010000011011100000011100000
0000000000000000111100000011101000001100010000011000100000110010000000110000000001111100000110100000001101000000001110000
0000000000000011000100000100010000000101000000001110000000001000000000110000000001010000000010100000000011000000000110000
0000001100000001111100000110001000001100010000011111000001111110000011100010000100000100001000001000011011110000011110000
0000000000000000111000000111001000011000000000111000110000011111000000011100000001101000000110110000001011000000011000000
0000000000000000110000000110000100011000010000110001000000011100000000011000000001010000000010100000000111000000001000000
0000000000000000011110000001111110001110110000011011000000011100000000111000000001110000000111110000011111000000111000000
0000000000000000011100000001111000000100110000011111000000011000000000111100000011101100001100010000011011100000011100000
0000000010000000011100000011100100000110011000001001100000011110000000011000000001110000001100100000011111000000011000000
0000000000000000001100000000111000000111010000011001000000010110000000011000000001110000000110100000001011000000011100000
0000000000000000011100000001110000000111100000001110000000011100000000111000000001010000000010100000000101000000001100000
0000000000000000010000000011100000001111000000011110000000111110000000111100000001111000000011110000000111000000000000000
0000000000000000111000000011011000001100100000011011000000111110000001101100000010011000000100110000001111000000001100000
0000010000000001110000000100010000001000100000011111000000011110000000100010000001000100000110010000001101100000001100000
0000000001000000000010000001000100000100010000001001100000011100000000110000000110100000001001100000011111000000000000000
0000000000000000111100000110000000011000000000111111000000111000000011111000000100001000000100001000000111110000000000000
0000000000000111110000001100110000010001100000010011000000011100000000011100000000111100000010001000000100010000001111100
0000000000000000111110000011111000000100110000001111000000011100000000111000000011010000001100100000011110000000011000000
0000000000000000111110000011111000000100110000001111000000011100000000111000000011010000001100100000011110000000011000000
0000000001000000000010000001000100000100010000001001100000011100000000110000000110100000001001100000011111000000000000000
0000000000000001000000000110111000011001000000100110000001111100000011111100000000101100000001011000000011110000000011100
0000000000000000011000000001110000001111100000010010000000111100000000110000000001110000000010100000000111000000001100000
0000100000000011100000000100010000010000100000111111100000111001100011000001000100000010001000001000011111100000000000000
0000000000000000011110000011101100001100011000010001100000110110000001111000000001100000000100100000011011000000111100000
0000010000000000011000000010110000000111000000001110000000011100000000111000000001101000000010110000000111000000000100000
0000000000000001111100000010000000000100100000000101000000001100000000011000000001000000000100000000001011000000011000000
0000000000000000011110000001111110001110110000011011000000011100000000111000000001110000000111110000011111000000111000000
0000000000000000011100000001001000000101100000000110000000011100000000101000000010010000000100100000001001000000001100000
0000000000000000011110000011101100001100011000010001100000110110000001111000000001100000000100100000011011000000111100000
0000000000000000111100000110011000001001000000001110000000001100000000100000000011001000000100010000001001000000001100000
0000001000000000111000000001111000000100110000001011000000111100000001111000000110111000001100110000001111000000000100000
0000000000000000111110000011101100000110011000001111100000001110000001111000000111010000011101100000111110000000111000000
0000000000000000010000000011100000001111000000011110000000111110000000111100000001111000000011110000000111000000000000000
0000010000000001110010000110000000001000010000010011000000011100100001110001000110100000001100100000001111000000000100000
0000000000000000111000000011111110000100011100001101110000011110000001111000000011100000001101000000011110000000011100000
0000000000000000111000000111110000001001000000011110000000011100000000011100000000101000000011010000000111000000001100000
0000000000000001111100001111000000110000011000100001110001111110000000111000000001111000000111010000000100100000001111000
0000000000000000111000000011011000001100100000011011000000111110000001101100000010011000000100110000001111000000001100000
0000000000000000000100000001111000001110000000011111110000001110000000111000000011010000000100100000010010000000111000000
0000000000000001110000000110010000011001110000110010000000111100000000011000000001111000000010110000000101100000001110000
0000000000000000001100000000111000000111010000011001000000010110000000011000000001110000000110100000001011000000011100000
0000001000000000111000000001111000000100110000001011000000111100000001111000000110111000001100110000001111000000000100000
0000000000000000110000000011111000001110010000010011100000111111100000110011000001000100000100010000011011000000011100000
0000000000000000111000000111001000011000000000111000110000011111000000011100000001101000000110110000001011000000011000000
0000000000000000111000000111110000001001000000011110000000011100000000011100000000101000000011010000000111000000001100000
0000000010000000011110000001100100000110011000001101100000001110000001111000000110110000001001100000011111000000001000000
0000000000000000011111000001100100000110010000001101000000011100000000110000000011100000001111000000011110000000111000000
0000000000000000011000000001110000001111100000010010000000111100000000110000000001110000000010100000000111000000001100000
0000000000000001111000000011010000001100100000011111000000111101000000110001000001100010000110000000001100110000001111000
0000000000000001111000000111111000001001110000011001100000011110000000011000000000111000000011110000000111100000001110000
0000000000000001111100001111111100011111111101111101110001111110000000111100000011011100000100011000011111110000011111000
0000000000000000011100000001111000000100110000011111000000011000000000111100000011101100001100010000011011100000011100000
0000000000000000111000000111001110011000011000111001100000111110000000011000000001110000000011110000000111000000001110000
0000001000000001111000000110110000001101100000001111000000001110000000111100000011111000000110100000001111000000001000000
0000000000000000001100000011111000001100110000001111000000001110000000111100000001001000000110110000001101100000001110000
0000000000000000000000001101100001110011110001100011100001111100000001111000000010011000000100001100000000001000000001110
0000000000000001000000000111110000011001100000110110000000111110000000111110000001001100000010010000000101000000001110000
0000010000000001110000000100010000001000100000011111000000011110000000100010000001000100000110010000001101100000001100000
0000000000000000011000000001110000000111110000011111100000111110000000111100000011011000000100100000001011000000011100000
0000000001000000000010000001000100000100010000001001100000011100000000110000000110100000001001100000011111000000000000000
0000000000000000110000000001101000000101100000001110000000011000000000110000000000100000000000100000000111000000001110000
0000000000000001111100000010000000000100100000000101000000001100000000011000000001000000000100000000001011000000011000000
0000000000000000111000000011111110000100011100001101110000011110000001111000000011100000001101000000011110000000011100000
0000000000000000011000000001110000001111100000010010000000111100000000110000000001110000000010100000000111000000001100000
0000000000000001110000000110010000011001110000110010000000111100000000011000000001111000000010110000000101100000001110000
0000011000000000111000000100010000001000101000011010000000011100000000110000000001100000000101000000001110000000010000000
0000000000000000000100000001111000001110000000011111110000001110000000111000000011010000000100100000010010000000111000000
0000000000000011000000001001010000010001100000011010000000001100000000111000000001001000000010010000000100100000000111000
0000000000000000111100000110000000011000000000111111000000111000000011111000000100001000000100001000000111110000000000000
0000000000000000111000000011010000000100100000011001000000110110000000111100000001101100000010010000000101100000001110000
0000001000000000111000000010011000000101100000001100000000011100000000111000000010010000001100010000001111000000010000000
0000010000000000011000000010110000000111000000001110000000011100000000111000000001101000000010110000000111000000000100000
0000000000000000001100000011111000001100110000001111000000001110000000111100000001001000000110110000001101100000001110000
0000000000000000000000000000000000000000000000000000000000000000000000000000000000000000000000000000000000000000000000000
1111111111111111111111111111111111111111111111111111111111111111111111111111111111111111111111111111111111111111111111111
