0000000000000000000000011111111100111111111000110001100000100011000001001100000000011000000000110000000011000000000110000
0000000000000000100000000111110000111000110001100001100000000010000000001100000000011000000001100000000011000000001100000
0000000000000011000000000011110000000000100000000010000000000100000000010000000000100000000011000000000100000000001000000
0000000000000000000000011111100001110011100000000011000000000011000000001100000000011000000001110000000011000000001100000
0000000000000000000000001000000000011111110000010011000000000100000000001000000000111000000000100000000001000000000010000
0000000000000011000000000011110000000000100000000010000000000100000000010000000000100000000011000000000100000000001000000
0000000000000000011000000111110000001001100000000010000000000100000000011000000000100000000011000000000110000000001100000
0000000000000000000000000110000000001111110000111001100001000011000000001100000000011000000001100000000011000000001100000
0000000000000000000000000011100000011111100000000011000000000111000000111100000001110000000001100000000011000000000110000
0000000000001000000000011111100000000011110000000011000000000110000000001100000000110000000001100000000011000000000110000
0000000000000000000000000111110000000011000000000010000000111111000000010000000000100000000001000000000100000000001000000
0000000000000011000000000011110000000000100000000010000000000100000000010000000000100000000011000000000100000000001000000
0000000000000000000000011111111000111111110000000001100000000011000000000110000000011000000000110000000011000000001110000
0000000000000000000000000110000000001111110000111001100001000011000000001100000000011000000001100000000011000000001100000
0000000000000000000000000011001100000111110000011001100000100110000001001000000000110000000011000000000100000000011000000
0000000000000000000000000111111000000000010000000000100000000010000000000100000000010000000001000000000110000000011000000
0000000000000000000000000100000000001111110000010001100000000010000000001100000000010000000000100000000011000000000100000
0000000000000000000000000000001000011111110000111111100000000110000000001100000000110000000001000000000110000000001000000
0000000000000000000000000011011000011111110000111011100001100110000000001100000000110000000001100000000110000000001100000
0000000000000000000000000111110000011111110000011001000000000110000000001000000000110000000001000000000110000000001100000
0000000000000000000000011111110000000001100000000001000000000010000000001000000000010000000001000000000010000000000100000
0000000000000000000000000011100000001111100000010001000000000010000000000100000000010000000000100000000011000000000100000
0000000000000011000000000011110000000000100000000010000000000100000000010000000000100000000011000000000100000000001000000
0000000000000000000000000111111000011111110000111001100001000011000000000110000000011000000001100000000111000000011100000
0000000000000000000000001011110000011111100000000011000000000110010001111110000000110000000001000000000110000000001100000
0000000000000000001000001111110000000000100000000010000000000100000000001000000000100000000001000000000100000000001000000
0000000000000000000000001111111100011111111000000000100000000011000000001100000000110000000011000000001100000000110000000
0000000000000000000000011111111100111111111000110001100000100011000001001100000000011000000000110000000011000000000110000
0000000000000000000000000011100000011111100000000011000000000111000000111100000001110000000001100000000011000000000110000
0000000000000011000000000011110000000000100000000010000000000100000000010000000000100000000011000000000100000000001000000
0000000000000000000000000110000000001111110000111001100001000011000000001100000000011000000001100000000011000000001100000
0000000000000000000000001111100000000001000000000110000000001110000001111000000000110000000001100000000001000000000010000
0000000000000000000000000000010000111111110001100001000000000010000000000100000000011000000000100000000001000000000010000
0000000000000000000000000011100000001100100000011001000000000110000000001000000000010000000001100000000010000000001000000
0000000000000000000000000011000000001111110000011001100000100010000000001100000000010000000001100000000110000000001000000
0000000000000000000000011111110000000001100000000001000000000010000000001000000000010000000001000000000010000000000100000
0000000000000000000000000111110000001001100000000010000000001100000001111100000000100000000011000000000110000000001100000
0000000000000000000000011111110000000001100000000001000000000010000000001000000000010000000001000000000010000000000100000
0000000000000000000000011111110000000000100000000001000000000010000000000100000000011000000000110000000001000000000011000
0000000000000000000000000111111000011111110000111001100001000011000000000110000000011000000001100000000111000000011100000
0000000000000000000000000011111000001000011000000000100000000010000000001000000000100000000010000000001000000000100000000
0000000000000000000000001110100000000111000000000010000000000100000000001000000000010000000001100000000011000000000110000
0000000000000001000000000011111000000111111000000001110000000111000000011100000001110000000111000000011100000000110000000
0000000000000000000000001111100000000001000000000110000000001110000001111000000000110000000001100000000001000000000010000
0000000000000000000000001111111100011111111000000000100000000011000000001100000000110000000011000000001100000000110000000
0000000000000000000000000000110000000011000000011010000001000100000000001000000001111000000001000000000010000000000100000
0000000000000000100000000111110000111000110001100001100000000010000000001100000000011000000001100000000011000000001100000
0000000000000000000000000111110000001001100000000010000000001100000001111100000000100000000011000000000110000000001100000
0000000000000000000000001111000000011111000000110011000011000010000000000100000000001000000000011000000000110000000001100
0000000000000000000000000001111000011110110001100001100000000010000000000100000000011000000000110000000011000000000110000
0000000000000000100000001111111000000000110000000001100000000010000000001100000000110000000011000000001100000000110000000
0000000000000000000000000000110001111110100000000001000000000010000000001000000000010000000000100000000001000000000010000
0000000000000000000000000000111000000111100000001111000000001100000000010000000000100000000011000000000100000000011000000
0000000000000000000000000011100000001111100000010001000000000010000000000100000000010000000000100000000011000000000100000
0000000000000000000000000011100000111111100011000001100000000011000000000110000000001100000000011000000000110000000001100
0000000000000000000000000000001000111111111001111111110000000011000000011100000000110000000011100000001110000000011000000
0000000000001000000000011111100000000011110000000011000000000110000000001100000000110000000001100000000011000000000110000
0000000000000000000000000111111000011111110000111001100001000011000000000110000000011000000001100000000111000000011100000
0000000000000000000000011100000000111111110001000001100000000011000000000100000000011000000000110000000011000000000110000
0000000000000000000000001111111000111111110000000001100000000011000000001100000000110000000011000000001110000000011000000
0000000000000000000000011111110000000000100000000001000000000010000000000100000000011000000000110000000001000000000011000
0000000000000000000000000011100000011111100000000011000000000111000000111100000001110000000001100000000011000000000110000
0000000000000000000000000111110000000011000000000010000000111111000000010000000000100000000001000000000100000000001000000
0000000000000000000000000111100110011111111001111000110011000011000000001100000000110000000011000000001100000000111000000
0000000000000000000000000011100000001111100000011001000000110110000000001000000000110000000001000000000010000000000100000
0000000000000000000000000111111000001101111000000000100000000010000000001000000000110000000011000000001100000000010000000
0000000000000000000000000011001100001111111000110001100001000110000000011000000000110000000011000000001100000000110000000
0000000000000010000000000111111000001111110000000001100000000011000000001110000000111000000011100000001110000000011000000
0000000000000000000000111111000000000011110000000000100000000010000000000100000000011000000000100000000001000000000010000
0000000000000000000000011111110000111111110000000001100000000011000000001100000000011000000001100000000111000000011100000
0000000000000000010000000001110000000111100000111011000011100110000000001000000000010000000000100000000001000000000110000
0000000000000000001000000001111000011111110000111011100000000110000000001100000000110000000011100000000110000000011100000
0000000000000000000000000111111100111111111000000000110000000011000000001100000000110000000011000000001100000000110000000
0000000000000011110000001111110000000001100000000011000000000100000000001000000000110000000001000000000110000000001000000
0000000000000000000000001111110000001111110000000001100000000110000000001100000000110000000001100000000010000000001100000
0000000000000000000000000111100110011111111001111000110011000011000000001100000000110000000011000000001100000000111000000
0000000000000000000000001000000000011111110000010011000000000100000000001000000000111000000000100000000001000000000010000
0000000000000000000000001111111100011111111000000000100000000011000000001100000000110000000011000000001100000000110000000
0000000000000000000000001011110000011111100000000011000000000110010001111110000000110000000001000000000110000000001100000
0000000000000000000000000001110000011111110000000011000000000110000000011000000000110000000011000000000110000000011000000
0000000000000000000000000000110000000011000000011010000001000100000000001000000001111000000001000000000010000000000100000
0000000000000000000000111111110000000000100000000001000000000010000000001100000000011000000000100000000001100000000010000
0000000000000000000000001000000000011111110000010011000000000100000000001000000000111000000000100000000001000000000010000
0000000000000000000000001000000001111111110011111001100011000001000000000111000000001100000000011000000000110000000001000
0000000000000000000000011111000000110001110000000001000000000110000000001100000000010000000000100000000011000000000110000
0000000000000000000000000111111000011111110000111001100001000011000000000110000000011000000001100000000111000000011100000
0000000000000000000000000011000000001111110000010001100001100010000000001100000000010000000001100000000011000000001100000
0000000000000010000000000111000000001001100000010011000000000100000000111000000001111000000001100000000011000000000010000
0000000000000000000000001000000001111111110011111001100011000001000000000111000000001100000000011000000000110000000001000
0000000000000000000000011100000000111111110001000001100000000011000000000100000000011000000000110000000011000000000110000
0000000000000001000000000011111000000111111000000001110000000111000000011100000001110000000111000000011100000000110000000
0000000000000000000000000001111000011111110001110001000000000110000000001000000000110000000001100000000110000000001100000
0000000000000000000000000111100000001001000000010011000000000110000001111110000000011000000000110000000001100000000011000
0000000000000000000000000111111000001101111000000000100000000010000000001000000000110000000011000000001100000000010000000
0000000000000000000000000011100000011111100000000011000000000111000000111100000001110000000001100000000011000000000110000
0000000000000000000000000011011000011111110000111011100001100110000000001100000000110000000001100000000110000000001100000
0000000000000000000000000000111000000111100000001111000000001100000000010000000000100000000011000000000100000000011000000
0000000000000000000000001111110000001111110000000001100000000110000000001100000000110000000001100000000010000000001100000
0000000000000000000000000111111100111111111000000000110000000011000000001100000000110000000011000000001100000000110000000
0000000000000000000000000111111000011111110000111001100001000011000000000110000000011000000001100000000111000000011100000
0000000000000000000000000000000000000000000000000000000000000000000000000000000000000000000000000000000000000000000000000
1111111111111111111111111111111111111111111111111111111111111111111111111111111111111111111111111111111111111111111111111
