0000000000000000010000000000100000001101100000010011000000100110000001111100000000110000000000100000000001100000000010000
0000000000000000000001000000000110000100011000010001100000100110000001011000000011100000000010000000001000000000110000000
0000000000000000000010000000001000000000110000001001000000100111000011111000000001100000000110000000001000000000000000000
0000000000000000000001000000000100000110110000001011000000111100000000111000000011000000001100000000010000000000100000000
0000000000000001000110000110001100001100010000011001100001111111000011111110000111111000000000110000000001100000000010000
0000000000000000100000000011001100000110010000011001100001100111100111111110001110011000000001100000000011000000000111000
0000000000000000000010000011001100000100010000011001100001100110000011111100000000110000000001000000000100000000011000000
0000000000000000001000000000110000011001100000110011000001100010000011111100000010011000000000110000000001100000000010000
0000000000000000100000000010010000001100100000110001000011111110000011001100000000011000000000110000000001100000000010000
0000000000000010000000001100100000011001100000110011100001101110000011111100000011111000000000010000000000100000000001000
0000000000000000100000000001000000000110110000001001000000010110000001111000000011110000000000100000000011000000000100000
0000000000000000000010000000000100000010010000001000100000100010000011111100000100100000000010000000000100000000010000000
0000000100000000011000000010110000000101100000011011000000110110000001001100000111111100000001100000000011000000000010000
0000000000000001100000000010000000001100110000010001100001111110000000011100000000110000000001100000000011000000000100000
0000000000000000000001000000000100000010011000001000100000100010000011111100001100100000000011000000000100000000000000000
0000000000000000000010000001001100000110010000011000100001111111000011111110000000011100000000100000000011000000000100000
0000000000000010000000001110000110001100011000010000100001100011000011111110000111001000000000110000000001000000000011000
0000000000000000001000000100110000001001100000110011000001100110000001001100000011110000000010100000000001000000000010000
0000000000000000000000010000010000100000100001000001000011111111110111111110000000011000000000100000000001000000000010000
0000000001000000000110000010001000001100110000011011000001100110000011111110000001110000000011000000000110000000000000000
0000000000000000001000000100011000001000110000100001000001000110000011011100000011001000000000010000000000100000000001000
0000000000000010001100000100011000001000100000110001000001100010000011111111100111111110011000010000000000100000000000000
0000000000000000000010000010001100001100010000110001100001100110000011111110000000100000000011000000000100000000001000000
0000000000000000000001001000000110110000011001100001100011001110000111111100000010010000000001000000000110000000000000000
0000000000000000010000000000100000000011100000000101000000010110000001001000000011111000000001000000000010000000000100000
0000000000000000000000000010001000001100110000011001100000111110000000011000000000100000000001000000000100000000011000000
0000000000000000000100000000001000000100110000010001000001100010000111111100000000111000000001100000000010000000000000000
0000000000000000000000000010010000001001100000010010000000011100000000001000000000010000000000100000000001000000000010000
0000000000000000001000001100011000011000110000110001000011100110010111111111100000111000000000110000000001100000000010000
0000000000000000001000000000010000001000100000100011000011100110000011111110000000010000000000100000000001000000000010000
0000000000000001001000000100010000001000100000010001000000100010000001111100000000010000000000100000000001000000000011000
0000000000000000001000000000010000001001100000010011000001111111000001111000000000110000000001100000000011000000000100000
0000000000000000100000000011011000000100110000011001000000110110000011111000000000010000000000100000000001000000000110000
0000000000000000000100000011011000001100110000011001000001100110000001111100000000111000000001100000000011000000000110000
0000000000000000000000000011001100001100010000010001100001100010000001111100000000010000000000100000000011000000000110000
0000000000000000001000000100010000001001100000010011000000111110000000011000000000110000000001100000000011000000000110000
0000000000000000000000011000011000110000100001100001000011111110000001111100000000011000000000010000000000100000000001000
0000000000000010000100001100001000011000010000100001100011000011100011111111000001111000000000110000000001100000000010000
0000000000000000000001000000000110001000001000110000100011000110000011111000000000100000000011000000001100000000000000000
0000000000000000001000000000010000001000100000000010000001100100000001111100000000010000000000100000000001000000000000000
0000000000000000010000000000100000000101000000001110000000111100000001111100000000101100000001000000000110000000000000000
0000000000000001000011000110000110011000001000100000110011000011000110000100000111111000000001100000000111000000001100000
0000000000000001100000000110011000001100110000010001100001100011000011000110000011111100000011110000000001100000000011000
0000000000000000000000000011000110001110011000111101100011111110000010011100000000110000000011000000001100000000011000000
0000000000000010000010001100001100010000010001100001100010000010001111111111000111111110000000100000000011000000000000000
0000000000000001000000000010001000001100010000011111100001111110000010001100000000010000000001100000000011000000000110000
0001100000000011000000000110011000011000110000110001100001000011000111111111000111111111000000011000000000100000000000000
0000000000000000000010000000001100001000010000110001100011000010000111001100000011111100000001100000000110000000001000000
0000000000000000000010000010000100001100010000111000100001111111000001111100000000010000000001100000000010000000001100000
0000000000000000000100000100011000001000100000100001000001100110000011111100000000011000000000100000000001000000000010000
0000000000000000000100000010001000001100010000110001100011111111000111110110001100001100000000010000000000100000000001000
0000000000000001010000000010100000001101000000010010000000100100000001001000000011111000000000100000000001100000000001000
0000000000000000000000000010001100001100010000010001100001100011000011101100000011111000000000110000000001000000000110000
0000000000000000000110001000001000010000110000100001100001100010000011111100000000011000000000100000000001000000000110000
0000000000000000001000001000110000010001100000110011000001100100000001111000000000010000000000100000000001000000000010000
0000000001000000000110000000011000011001100000110011000011001100000111111111001111111110000100000000010000000000000000000
0000000000000000000000000000110000000010100000011011000001111111000001101000000000010000000000100000000010000000000100000
0000000000000111000000011110000000111110111001111111110011111111100011111111000011111110000001011100000000111100000000110
0000000000000010000000000100000000001000110000010001100001000011000010001110000011101100000000010000000000100000000000000
0000000000000000001000000000010000001100100000010001000001101111000111111100000000011000000000110000000001100000000000000
0000000000000000000011000010001100001100110000010011000001111100000111111100001101101110000110000000001000000000000000000
0000000000000000000010000110001100001000011000110001100001101111000111111100001100010000000001100000000011000000000110000
0000000000000000000000000100000110011000001000100000110011111101000011111110000000001000000000110000000001000000000100000
0000000000000000000010000010001100001100010000011001100000111111000000011000000000110000000001000000000110000000001100000
0000000000000000000000001000100000010001000000100011000001111111100001111111000000110000000001100000000010000000000100000
0000000000000000000110000000001000000000100000001011000001111100100011111110000001000000000100000000010000000001100000000
0000000000000000000000000110000010001100001100111000110011111011000000111110000000011100000001100000000110000000001000000
0000000000000000000010000110001100011100011001100001100011101111110111111111100111110000000011100000000110000000000000000
0000000000000000001100000010011000001100100000011011000001111111100011111110000000110000000011000000000110000000011000000
0000000000000010000000001100000000001001100000010011000000110110000000111100000000010000000000100000000001000000000011000
0000000000000000100000000011000000001110010000011001100000110011000000111100000000111000000001100000000010000000000100000
0000000000000010000000000100000000001000010000100000100001000011000111111111000000000000000000001000000000010000000000100
0000000000000011000000000100000000001000010000100000110001000111100111111110000110001100000000010000000000100000000001000
0000000000000000000010000001001000000100110000010001000000111100000000011000000000100000000011000000000100000000010000000
0000000000000000100000000011001000001100010000010001100001111111000111101110001100010000000001100000000011000000000100000
0000000000000000001000000000010000000000100000010011000001110100000000111100000000110000000001000000000010000000000100000
0000000000000000000110000000001000000000110000010001000001100110000111111100001111111110000001000000000100000000000000000
0000000000000000000010000100001000011000110001100011000011111110000111111111100001110000000010000000001100000000000000000
0000000000000000000000001100001000011000110000110001100011111111001111111110000000001100000000011000000000110000000001100
0000000000000000111000000011110000001101100000110010000001100100100011011011000111111100000011110000000010000000000100000
0000000000000000001100000000010000001100100000010001000001100110000001111100000000010000000000100000000011000000000110000
0000000010011000000110111000001100110000011001100000110011000001100111111111001111111110001100111110000000001000000000000
0000000000000000000010000000000100001100010000110000100001000011000010111110000110011000000000100000000001000000000010000
0000000000000000000100000000010000001000100000100010000010000100000111111111100000100000000001000000000110000000001000000
0000000000000000010011000000101110000011011000001101100000111111000001111000000001100000000110000000001100000000110000000
0000000000000000000010000000001000000100010000011001000000100110000001111000000000100000000001000000000100000000001000000
0000000000000011000000001110001110011000011000110001100011000110000111111111100111111100000001110000000011000000001100000
0000000000000000010000000001100000000010010000001001100000100010000010001110001111110000000000100000000001000000000000000
0000000000000000100001000011000100001100011000010001100001111110000011111100000000110000000011000000000100000000010000000
0000000000000000010010000001100100000010010000001001100000100110000011111110000000100000000010000000001100000000010000000
0000000000000000000000000110011000001100110000011001000001100111100111111100000010010000000001100000000011000000000100000
0000000000000000000000000001100000000011000000001010000000100100000001001000000001110000000000100000000001000000000010000
0000000000000000001000000010011000001100110000111011100001111111000001111100000000011000000001100000000011000000000110000
0000000000000000000100000010001100001100110000111001100001100111110111111111000110111000000001100000000110000000001100000
0000000000000000000010000110001110011000011001100000110011000011100110011110001111111000000001110000000011000000000110000
0000000000000010000000000100001000001000010000010000100000100011000010111100000111001000001100010000000000100000000000000
0000000000000100000000001000011000010000110001100001100011000011000110001110000111111000000000011000000000110000000000100
0000000000000000100000000011000000000100000000011000100000100011000011111100000000011000000000110000000001000000000000000
0000000000000000010000000100100000001001000000110011000000100110000000111100000000011000000000100000000001000000000010000
0000000000000000010000000000100000000011000000001110000000011110000001001100000000010000000001100000000011000000000110000
