0000000000000000100000000001111100000010000000001110000000011111000001000010000000001000001000010000010001000000111100000
0000000000000011111110001100000110011000000000010000000000010000000000010000000000010000000000110000000001100000111110000
0000000000000000111111000011111110001110000000011110000000111100000000001100000100011000001100110000011111100000011110000
0000000000000000010000000011111100000110000000001100000000001000000000110000000011110000000100010000000000100000001110000
0000000000000001111000000011000000000110000000000100000000001000000000011000000000010000000000110000000011000000011000000
0000000000000000111111000011100000001100000000011000000000011100000000001000000000011000001000110000011111000000011100000
0000000000000000000111000011111000001100000000111000000000111000000000011000000000110000001001100000011111000000011100000
0001111000000111111000001110110000011000000000111100000000111110000000000111000100000111011111111110011111111000000000000
0000000000000000001111000001111110000111011000011100000000111100000000011000001000110000011011000000111110000000111000000
0000000000000000100000000111111110001000000000110000000000110000000000111100000000001000000000110000001110000000110000000
0000000000000011111110001100000110011000000000010000000000010000000000010000000000010000000000110000000001100000111110000
0000000000000001000000000110001110001111110000110000000001100000000001110000000000111000000000011000000000100000101110000
0000000000000000100000000001111100000010000000001110000000011111000001000010000000001000001000010000010001000000111100000
0000000000000001111100000011100000001000000000011110000000100110000000000010000000000100000100001000011000110000011110000
0000000000000000110000000011100000000100000000001101000000010001000000000010000000000100000000001000010000100000011110000
0000000000000000010000000001111110000110000000010000000000111100000000001100000000001000010001100000011110000000000000000
0000000000000001111110000011110000000110000000001110000000011111000000000110000000001100000000110000100111000001111000000
0000000000000001111100000010010000001100000000011110000001110010000000000010000000000100000000001000001101100000001100000
0000000000000000001111000001111110000111011000011100000000111100000000011000001000110000011011000000111110000000111000000
0000000000000001111111000011111110001110000000011100000000111110000001111100000000001100001111111000111111100000110000000
0000000000000000000000000010111000001100000000100000000001111100000000000100000000001000001000110000001110000000000000000
0000000000000000000000000000011110000111111000001000000000011110000000000100001000001000011111100000000000000000000000000
0000000000000000100000000001111100000010000000001110000000011111000001000010000000001000001000010000010001000000111100000
0001111000000011111000001100000000001110000000000111100000000001100000000001000000000110001110011100011111100000000100000
0000000000000000001110000000111000000000000000001000000000010000000000111000000000010000000011100000111110000000000000000
0000010000000000111000000011000000000110000000001100000000011100000000011000000000011000000000110000001111000000000100000
0000000000000000000000000011111100001100100000010000000000100000000001100000000001100000000011100000000011100000001110000
0000000000000000100000000111111110001000000000110000000000110000000000111100000000001000000000110000001110000000110000000
0000000000000000010000000011111100000110000000001100000000001000000000110000000011110000000100010000000000100000001110000
0000000000000000011111000001111110000010000000001000000000110000000000110000000000110000000000100000110111000000111000000
0000000000000000111100000111110000011110000001111110000011100110000000000110000011001100000110011000001111110000001110000
0000000000000000001110000001110000000110000000011110000000111110000000000110001000001100010000011000111111100000010000000
0000000000000000100000000001111100000010000000001110000000011111000001000010000000001000001000010000010001000000111100000
0000000000000001111110000011110000000110000000001110000000011111000000000110000000001100000000110000100111000001111000000
0000000000000000000000000000011110000011111100011110000000111100000001101000001100110000011111100000011000000000000000000
0000000010000000111110000011110000000100000000011000000000111110000001100010000000001100000100011000011111100000001100000
0000000010000000111100000011000000001100000000001111000000000011000000000100000000011000001001100000011110000000110000000
0000000100000000111111000001000000000010000000000100000000001110000000001110001100001100011000110000111111000000110000000
0000000000000000000000000000001110000011110000111000000011111100000000001000000000010000000001100000001110000000000000000
0000100000000001100000000011111100000111111000001000000000011000000000011000000000010000010001110000111111000000111000000
0000000000000000000110000001110000000010000000001000000000111110000000000100000000001000000000100000000010000000011000000
0000001000000011111100000100000000001000000000010110000000111001000000000001000000000110000000011100001111110000000000000
0000000000000000000011000001111100000111000000011001000000111000000000011000000000011000001111100000011110000000000000000
0000001110000000110000000011000000000111000000000111000000000010000000000100000000011000110001100000011110000000000000000
0000000010000000111110000011110000000100000000011000000000111110000001100010000000001100000100011000011111100000001100000
0000000000000000000000000000011110000011111000001110000000111100000011001000000000110000011110000000000000000000000000000
0000001110000000110000000011000000000111000000000111000000000010000000000100000000011000110001100000011110000000000000000
0000000000000001111100000111110000011000000001111100000001111110000000000110000000001100000100011000001111100000001111000
0000000000000000000000000000001100000001111100011000000000111000000100111000001110110000001111000000000000000000000000000
0000000000000000000110000001110000000010000000001000000000111110000000000100000000001000000000100000000010000000011000000
0000000000000000100000000001111100000010000000001110000000011111000001000010000000001000001000010000010001000000111100000
0000000000000000110000000011100000000100000000001101000000010001000000000010000000000100000000001000010000100000011110000
0000000000000000001111000011111000011110000001100000000011110000000000111100000000011100000000011000000100110000001111000
0000000000000000011000000011100000000100000000011000000000111100000000101100000000001100000000011000000101100000001110000
0000000000000001100000001100000000010000000000111111000001100011000000000010000000000100000010011000000111100000000010000
0000000100000001111100000110000000001000000000001100000000001100000000000100000000000100001000001000001111100000000010000
0000000000000011111110011111110000011000000000111100000001111110000000000110000000000110001000000100011100111100000111110
0000000000000000000000000000001110000011110000001100000000010000000000110000000000100000010011000000011000000000000000000
0000000000000000000111000001111110000110000000011100000000111100000000011000000000110000011101100000111110000000010000000
0000000000000011111000001111100000011110000000011111100000000011100000000001000000000110001000111100001111110000001110000
0000000000000000000000000000111100000011111000001111000000110011000011000110001000011000011111100000011100000000000000000
0000000000000000000000000000001110000011110000111000000011111100000000001000000000010000000001100000001110000000000000000
0000000000000000000000000001011100000111100000001000000000100000000001000000000011000000000001000000000010000000011000000
0001111000000011111000001100000000001110000000000111100000000001100000000001000000000110001110011100011111100000000100000
0000000000000001111000000011000000000110000000000100000000001000000000011000000000010000000000110000000011000000011000000
0000000000000000000000000000001100000111100000001100000000100000000001100000000000000000000010000000000100000000011000000
0000000000000000010000000011111100000110000000001100000000001000000000110000000011110000000100010000000000100000001110000
0000000000000000000111000001111110000110000000011100000000111100000000011000000000110000011101100000111110000000010000000
0000000000000001111111000011111110001111000000011111000000110010000110000110001000001000011000110000011111000000011100000
0000000100000000111111000001000000000010000000000100000000001110000000001110001100001100011000110000111111000000110000000
0000000000000000110000001111111100111111111000110000000001111100000011111111000001111110000000001100000011111000001111100
0000000000000001111100000010010000001100000000011110000001110010000000000010000000000100000000001000001101100000001100000
0000000000000000000000000000111100000011100000001000000000100000000001110000000000110000000001100000001100000000000000000
0000000000000000010000000001100000000010111000001110000000100000000010000000000111100000000001100000001110000000000000000
0000100000000001100000000011111100000111111000001000000000011000000000011000000000010000010001110000111111000000111000000
0000000000000000000011000001111100000111000000011001000000111000000000011000000000011000001111100000011110000000000000000
0000000000000011111000001111100000011110000000011111100000000011100000000001000000000110001000111100001111110000001110000
0000000000000000000000000011001100001111100000010000000000100000000001000000000001000000000001110000000000100000000001000
0000000000000000000000000001111100000111111000111000000011110000001111111100000011011100000011111000000001110000000000000
0001111000000111111000001110110000011000000000111100000000111110000000000111000100000111011111111110011111111000000000000
0000000000000000000000000011111100001100100000010000000000100000000001100000000001100000000011100000000011100000001110000
0000000000000000111100000111110000011110000001111110000011100110000000000110000011001100000110011000001111110000001110000
0000000000000000000000000011111000000100000000001000000000111100000000001100000000011000000000110000000001000000001100000
0000000000000000000000000000001110000011110000111000000011111100000000001000000000010000000001100000001110000000000000000
0000000000000000000111000001111110011111000000111100000000111100000000011100000000011000000001110000111111000000111000000
0000000000000000000011000001111100000111000000011001000000111000000000011000000000011000001111100000011110000000000000000
0000000000000001111000000011000000000110000000000100000000001000000000011000000000010000000000110000000011000000011000000
0000000000000000011111000001111110000010000000001000000000110000000000110000000000110000000000100000110111000000111000000
0000000000000000000000000001011100000111100000001000000000100000000001000000000011000000000001000000000010000000011000000
0000000000000000111111000011111110001110000000011110000000111100000000001100000100011000001100110000011111100000011110000
0000000000000000000000000000011110000011111000001110000000111100000011001000000000110000011110000000000000000000000000000
0000000000000000111111000011100000001100000000011000000000011100000000001000000000011000001000110000011111000000011100000
0000000010000000111100000011000000001100000000001111000000000011000000000100000000011000001001100000011110000000110000000
0000000000000000000110000001111100000111000000000100000000001100000000001000000000010000000001100000111110000000111000000
0000000000000000000000000000001110000011110000001100000000010000000000110000000000100000010011000000011000000000000000000
0000000010000000111100000011000000001100000000001111000000000011000000000100000000011000001001100000011110000000110000000
0000000000000001111111000011111110001110000000011100000000111110000001111100000000001100001111111000111111100000110000000
0000000000000001111100000011100000001000000000011110000000100110000000000010000000000100000100001000011000110000011110000
0000000100000001111100000110000000001000000000001100000000001100000000000100000000000100001000001000001111100000000010000
0000000000000000000111000011111110001111100000111000000001100000000011110000000011110000000001100000001111000000011100000
0000000000000000000000000000000000000000000000000000000000000000000000000000000000000000000000000000000000000000000000000
1111111111111111111111111111111111111111111111111111111111111111111111111111111111111111111111111111111111111111111111111
