0000000000000000001000011000010000110000100001100001000011000011000011101110000011111100000000001000000000010000000000100
0000000000000010000000000100011000011000110000110001100001100011000011111110000110001100000000011000000000110000000000100
0000000000000000000010000010001100011000110000100001100011000111100011111110000000110000000011000000000110000000001000000
0000000000000000000100000000001000000100110000011001000000111110000000111110000001100000000110000000011000000000100000000
0000000000000000000010000110001100011000110000110011000001100111110011011110000111110000000001100000000010000000000100000
0000000000000010000000000100000000011000110000110001100001000111000011111110000011101100000000011000000000110000000001100
0000000000000000011000000001110000000110100000011001000001100010000111111111011100011000000000100000000000000000000000000
0000000000000000000010000110001100011000110000110011000001100111110011011110000111110000000001100000000010000000000100000
0000000000000000001000000000011000110001110000100011000001111110000001111100000000011000000000110000000001100000000011000
0000000000000011000001000010000110001100001100010000010001100011100111111111001111111100001100011000000001100000000001000
0000000000000000001100000000010001000000100010000001100110111011001111111110000000001100000000011000000000010000000000100
0000000000100000000011000000001100000000010000001001000000110110000011111100000101100000000110000000001000000000010000000
0000000000000000010000000001100000000111000000001110000000010100000000111111000011111000000001000000000010000000000100000
0000000000000011001000000110010000001100100000011011000000110110000001111100000011111000000000010000000000100000000001000
0000000000000000000010000000000100000100010000011001100000100010000001111000000000110000000011000000000100000000000000000
0000000000000000000000000000010001100000110001000000100001111111100011100001000100000010001000000110000000000100000000000
0000000000000000011000000001110000000111100000011010000001101100100111111111100001100000000011000000001100000000011000000
0000000000000000000000000111000100011110011000111001110001110111000000111100000001100000000110000000001000000000100000000
0000000000000000001100000000011000001100110000011011000001110110000011111100000000111000000001100000000011000000000100000
0000000000000011001000000110010000001100100000011011000000110110000001111100000011111000000000010000000000100000000001000
0000000000000000001100000001001000000110010000011001100001100110000011111111000000110000000011000000000100000000011000000
0000000000000000000000000100000100011000011100110001110001100111000011111100000001100000000010000000001000000000010000000
0000000000000010000000000100000000011000110000110001100001000111000011111110000011101100000000011000000000110000000001100
0000000000000000000001000000000110000000011000000101100000110100000111111100000001100000000100000000000000000000000000000
0000000000000010001000000100010000011000100000100001000001100110100001111100000000010000000000100000000001000000000001000
0000000000000010000010001100001100011000110001100001100011111111000111111110000000011000000001100000000011000000000100000
0000000000000000001100000000010001000000100010000001100110111011001111111110000000001100000000011000000000010000000000100
0000000000000100001000001000110000010000100000100001000001100010000011111111000111111110000000011000000000110000000001100
0000000000000000000010000000001000000000000000001001000000010110000001111100000100100000000001000000000100000000000000000
0000000000000000000010000010001100011000110000100001100011000111100011111110000000110000000011000000000110000000001000000
0000000000000000000011000000001100000010110000001101000000110110000001111000000001000000000100000000011000000000100000000
0000000000000110000000001000001100010000011001100001100011000011000110000110000111111000000111110000000000110000000000100
0000000000000010001000000100010000011000100000100001000001100110100001111100000000010000000000100000000001000000000001000
0000000000100000000011000000001100000000010000001001000000110110000011111100000101100000000110000000001000000000010000000
0000000000000000001100001000011000110000110011000000100111111001101111111111001000001110000000001100000000011000000000010
0000000000000000000100010000001101100000011011000000110010000011000110001110000011000100000000011000000000110000000000000
0000100000000001000000000110011000001100110000110001100001100011000011111110000111111000000000110000000001000000000010000
0000000000000000010011000001100100000110011000011001100001100110000111011111101111111000000111000000001100000000010000000
0000000000000010000000001100001100011000011001111111110011111011000110000110000000011100000000110000000011100000000110000
0000000000000000011000000100110000011001100000110011000001100110000011111100000011111000000000110000000011100000000010000
0000000000000100011000001000110000010001100000100011000001111111000001111100000000011000000000110000000001100000000011000
0000000000000000000010000000000100000100010000011001100000100010000001111000000000110000000011000000000100000000000000000
0000000000000000000000000001010000000110100000001001000001110100000011011000000000011000000000100000000000000000000000000
0000000000000000011000000001110000000110100000011001000001100010000111111111011100011000000000100000000000000000000000000
0000000000000100000000011000000100110000011001100000100011100011000011111110000000001100000000011000000000110000000001100
0000000000000000010000000011100000001110001000111000110011111011000000011100000000111000000011100000001110000000011000000
0000000000000000010000000001100000000011000000001110000001111111100111111000000000010000000000100000000001000000000010000
0000000000000011000100000110001000001000010000110001100001100011000111111110001111001100000000011000000000100000000001000
0000000000000000010000000001100000000011000000001110000001111111100111111000000000010000000000100000000001000000000010000
0000000000000000010000000001100000000011000000001010000000110100000011111100000000111000000000100000000011000000000010000
0000000000000000000000001100000100011000011001110001100011111111000000001110000000010000000001100000000011000000000100000
0000000000000000100110000011001000001100110000110001100011110110000001111111100000110000000011000000000110000000011000000
0000000000000000000000000001010000000110100000001001000001110100000011011000000000011000000000100000000000000000000000000
0000000000000000100000000011000110001110011000011001100001111111000011111110000000011000000001100000000110000000001100000
0000000000000000001100000000011000001100110000011011000001110110000011111100000000111000000001100000000011000000000100000
0000000000000000001000000000010000001000100000110001000001000010000011111100000001111000000000100000000001100000000011000
0000000000000000000000000000010001100000110001000000100001111111100011100001000100000010001000000110000000000100000000000
0000000011000000000110000011001100001110011000011000110001100011000110000110011111111100011000011000000000010000000000000
0000000000000000000000000111000100011110011000111001110001110111000000111100000001100000000110000000001000000000100000000
0000000000000000100000000011000110001110011000011001100001111111000011111110000000011000000001100000000110000000001100000
0000000000000000000011000000001100000010110000001101000000110110000001111000000001000000000100000000011000000000100000000
0000000000000000100110000011001000001100110000110001100011110110000001111111100000110000000011000000000110000000011000000
0000000000000000000100000000010000000100100000010011000000100100000011111100000001110000000001000000000010000000000000000
0000000000000011000100000110001000001000010000110001100001100011000111111110001111001100000000011000000000100000000001000
0000000000000000000000000111000100011110011000111001110001110111000000111100000001100000000110000000001000000000100000000
0000000000000000010000000001100000000011000000001110000001111111100111111000000000010000000000100000000001000000000010000
0000000010000000000100000100011000001000100000110011000001100111100011111110000000110000000001100000000011000000000100000
0000000000000000000001000010000110001100011000010001100000100010000001101000000001111000000001000000000110000000001000000
0000000000000000000100000000001000000100100000001001000000110010000001111100000000010000000000100000000001000000000100000
0000000100000000001000000000100000000001000000010010000000101001000011010100000011100000000010000000000100000000000000000
0000000000000000001000000100010000011000100000100001000001000010000001100100000001111100000000001000000000010000000000100
0000000000000000001000000100010000011000100000100001000001000010000001100100000001111100000000001000000000010000000000100
0000000000000000000000000010001000001100010000010001100001110010000000111110000000010000000001100000000010000000000100000
0000000000000000100110000011001000001100110000110001100011110110000001111111100000110000000011000000000110000000011000000
0000000000000001100000000011000000000111000000001011000000110010000001111110000000001000000000010000000000100000000000000
0000000000000000001000000001110000000111100000111111000011000111000111111111000000110000000001100000000011000000000110000
0000000000000000000000000000011100100000111101111111111011111111000011111100000000111000000001100000000011000000000100000
0000000000000000000000000001010000000110100000001001000001110100000011011000000000011000000000100000000000000000000000000
0000000000000000000001000010000110001100011000010001100000100010000001101000000001111000000001000000000110000000001000000
0000000000000000000000000001000100000110001000011000110001111001000111111110000000001100000000010000000000100000000001000
0000000000000010000000000100011000011000110000110001100001100011000011111110000110001100000000011000000000110000000000100
0000000000000000000100000000001000000100110000010001000000100010000010001100000111111000000000100000000001000000000000000
0000000000000000011000000001110000000111100000011111000001110110000111111110000111111000000000100000000001000000000011000
0000000000000000001000000001110000000110100000011001000001100110000111111111000111110000000011000000000110000000001000000
0000000000000000001000011000010000110000100001100001000011000011000011101110000011111100000000001000000000010000000000100
0000000000000000000010000000000100000100010000011001100000100010000001111000000000110000000011000000000100000000000000000
0000000000000000001000000000011000110001110000100011000001111110000001111100000000011000000000110000000001100000000011000
0000000000000000000000000000010001100000110001000000100001111111100011100001000100000010001000000110000000000100000000000
0000000000000000001000000000010000001000100000110001000001000010000011111100000001111000000000100000000001100000000011000
0000000000000000001000000001110000000110100000011001000001100110000111111111000111110000000011000000000110000000001000000
0000000000000000001000000000010000000110100000001001100000100111000011111000000000110000000001000000000010000000001000000
0000000000000000001000000001110000000110100000011001000001100110000111111111000111110000000011000000000110000000001000000
0000000000000000001100000001001000000110010000011001100001100110000011111111000000110000000011000000000100000000011000000
0000000000000010000000000100011000011000110000110001100001100011000011111110000110001100000000011000000000110000000000100
0000000000000000000011000000001100000010110000001101000000110110000001111000000001000000000100000000011000000000100000000
0000000000000000100010000010001000001100100000010011000000100100000001011001000001111100000001000000000100000000001000000
0000000000000000001000000000010000001000100000110001000001000010000011111100000001111000000000100000000001100000000011000
0000000000000000001000011000010000110000100001100001000011000011000011101110000011111100000000001000000000010000000000100
0000000000000000001100000001001000000110010000011001100001100110000011111111000000110000000011000000000100000000011000000
0000000000000011000000000110000000001101000000110010000001101111000011111111000111011100000000110000000001100000000000000
0000000000000000000000000000000000000000000000000000000000000000000000000000000000000000000000000000000000000000000000000
1111111111111111111111111111111111111111111111111111111111111111111111111111111111111111111111111111111111111111111111111
