0001110000000010000000001100000000010000000000100111100001111111100011100001100011111111000011111100000000000000000000000
0000000011100000001100000001110000000011000000001100000000110000000011000000000110000011001111111000011110000000000000000
0000000100000000011000000001100000000011000000001101000000010111000001111110000011001000000011110000000100000000000000000
0000000011100000001100000001110000000011000000001100000000110000000011000000000110000011001111111000011110000000000000000
0000010000000000100000000001000000000100000000001110000000111110000001100100000001011000000011100000000000000000000000000
0000001000000000110000000011000000000100000000001000000000011110000000111110000001111000000011110000000001000000000000000
0000010000000001100000000111000000001100110000011011110001111111100011111110000111111100000111110000000111000000000000000
0001100000000010000000000100000000011000011000100011111001001100110010110001000111000110001110011000001111000000000000000
0000011000000000110000000011000000001110000000011001000000111111000011110110000010011100000111110000000110000000000000000
0000100000000011000000000100000000001000000000110000000001100111000011010010000010100100000111110000000010000000000000000
0000011000000001100000000010000000001100000000010000000001100111100011111001100011000010000111111000000111000000000000000
0000011000000001100000000110000000011000000000100000000011000001100110001111101100110011001111111100001111110000000000000
0000001100000000110000000001000000000110000000001000000000011000000000111000000001011000000010100000000110000000000000000
0000000011000000011110000011100000001100000000010000000001000000000010001110000100111100001111111000001111100000000000000
0000000110000000011000000001100000000110000000011000000001100111100010011011000111111100001111110000001000000000000000000
0000011000000001100000000110000000001100000000010000000000100010000001001110000011010100000011001000000011100000000000000
0000000110000000011000000001110000000011000000001101000000111111000011110110000111111100001111110000000100000000000000000
0000001000000000110000000011000000001110000000011111100000111111000001110010000011000100001110011000001011100000000000000
0000110000000001000000000010000000001100000000011000000000110011100001111110000001111100000011110000000010000000000000000
0000100000000001000000000010000000000101110000010010100000101101000001010010000010111000000111100000000000000000000000000
0000010000000001110000001111100000001111000000011101100000111111100001111111000011111100000111110000000111000000000100000
0000110000000001100000000011000000000100000000011011000000111111000001100110000011001100000111110000000010000000000000000
0000100000000001000000000100000000011000000000100000100001000011100010001111000111011100000111110000000000000000000000000
0000001100000000110000000011000000001100000000111000000001100111100010011111000111101110001111111000001111000000000000000
0000010000000001000000000010000000001001100000010100100000101001000001000010000010001100000110110000000110000000000000000
0000001000000000110000000011000000000111000000001111000000011110000001100100000001011000000010110000000111000000000100000
0000000100000000011000000001100000000011000000001101000000010111000001111110000011001000000011110000000100000000000000000
0000001000000000110000000001000000000100011000011001010000100100100011001010000100010100001000110000001110110000000000000
0000011000000001010000000110100000001001000000010000000000100011000011001110000010110100000111110000000111000000000000000
0000011100000001110000000011000000001100000000110000000001100111100011011111000111100010001111111100000011000000000000000
0000001100000000111000000011010000001100000000010000100001100111100010001001000100000100001101111000001111000000000000000
0000001000000000110000000001000000000110000000001001000000110111000001111010000011111100000011110000000000000000000000000
0000001000000000100000000010000000001100010000010011110001101000100010100010000111011000001111100000000000000000000000000
0001100000000110000000001100000000010000000001100001110001001111110011010000100011111001000001111110000000000000000000000
0000010000000001100000000111000000001100110000011011110001111111100011111110000111111100000111110000000111000000000000000
0000000110000000010000000001000000000100000000011000000000100000000001001100000010000100000010011000000011100000000000000
0000110000000011000000000110000000011000000000110011110001101100100011011001000011000110000011111000000000000000000000000
0000000010000000001100000000110000000111000000011100000001110111000011011110000101111100001111100000001110000000000000000
0000010000000001100000000110000000001100000000110001111001000110010110011001101101100110001111111000000000000000000000000
0000000110000000011000000001100000000110000000001000000000110110000001111110000010001100000111110000000110000000000000000
0000001100000000111000000011010000001100000000010000100001100111100010001001000100000100001101111000001111000000000000000
0000011000000001100000000010000000001100000000010000000001100111100011111001100011000010000111111000000111000000000000000
0000011000000001100000000110000000001100000000110001100001101111100011111011100111111110001111111000000010000000000000000
0000001000000000110000000001100000000011000000001100000000011100000001111100000001001100000011110000000011100000000000000
0001100000000110000000001100000000010000000001100001110001001111110011010000100011111001000001111110000000000000000000000
0000011000000001100000000110000000011000000000100000000011000001100110001111101100110011001111111100001111110000000000000
0000010000000001100000000010000000001100000000010000000001100011100011001111000110111100000111110000000100000000000000000
0000000110000000010000000001000000000100000000011000000000100000000001001100000010000100000010011000000011100000000000000
0000111000000011110000000111000000001110000000011100000000111000000001111111000011111110000011111100000011110000000000000
0001000000000010000000000100000000001000000000010000000000100011100001001101000011010100000011110000000000000000000000000
0000001100000000110000000011000000000110000000001000000000111110000001111110000010000100000110111000000111000000000000000
0000000110000000011100000001100000000110000000011000000001100111000110111110001101111100001111110000000000000000000000000
0000110000000011000000000110000000011000000000110011110001101100100011011001000011000110000011111000000000000000000000000
0000000100000000111000000001100000000110000000011000000000110110000001111110000011001100000111111000000111100000000000000
0000110000000001000000000010000000001100000000011000000000110011100001111110000001111100000011110000000010000000000000000
0000001000000000110000000001000000000110000000001001100000111111000011011110000110111000001111100000001100000000000000000
0000001100000000111000000011010000001100000000010000100001100111100010001001000100000100001101111000001111000000000000000
0000000100000000011000000001100000000011000000001101000000010111000001111110000011001000000011110000000100000000000000000
0000001000000000110000000011000000000100000000001000000000011110000000111110000001111000000011110000000001000000000000000
0000011000000001100000000110000000011000000000100000000011000001100110001111101100110011001111111100001111110000000000000
0000100000000011000000001110000000110000000001100011110010001110110110010001101111100111001111111100000111100000000000000
0000000010000000011000000000100000000010000000001000000000110000000001001110000110111000001111100000001100000000000000000
0000000100000000011000000001100000000011000000001101000000010111000001111110000011001000000011110000000100000000000000000
0000011000000000110000000011000000000110000000011100000000111111000001111111000011100110000011111000000011100000000000000
0000010000000000100000000010000000000100000000001000000000010000000000100100000001010100000001110000000001000000000000000
0000100000000001000000000010000000000100000000011000000000010110000000110100000001101000000011110000000011000000000000000
0000011000000001100000000110000000011000000000110000000001111111100011100001100111000001000111111110000001110000000000000
0000000011100000001100000001110000000011000000001100000000110000000011000000000110000011001111111000011110000000000000000
0000001000000000110000000011000000000111000000001111000000011110000001100100000001011000000010110000000111000000000100000
0000001100000000110000000001000000000110000000001000000000011000000000111000000001011000000010100000000110000000000000000
0000011000000000110000000011000000000110000000011100000000111111000001111111000011100110000011111000000011100000000000000
0000010000000001100000000010000000001100000000010000000001100011100011001111000110111100000111110000000100000000000000000
0000000110000000010000000001000000000100000000011000000000100000000001001100000010000100000010011000000011100000000000000
0000001000000000110000000011000000000111000000001111000000011110000001100100000001011000000010110000000111000000000100000
0000110000000001100000000011000000000110000000001111000000011111000000111110000001111100000011110000000001000000000000000
0000001000000000100000000010000000001100010000010011110001101000100010100010000111011000001111100000000000000000000000000
0000110000000001000000000010000000001100000000011000000000110011100001111110000001111100000011110000000010000000000000000
0000011000000001110000000011000000001100000000011011000000111111000001110110000011001100000011111000000011100000000000000
0000111000000011110000001100100000010001000001100001111011000111110110011000101110110111001111111100000011100000000000000
0000110000000011000000000100000000001000000000010000000000100111100001101111000001111110000001111000000000010000000000000
0000001000000000110000000011000000000100000000010001100000100111100011011110000111111000001111100000001110000000000000000
0000011000000001100000000011000000001100000000010001100000101111100001111111000011101110000111111000000011000000000000000
0000110000000011000000000110000000011000000000110011110001101100100011011001000011000110000011111000000000000000000000000
0000011000000000110000000011000000001110000000011001000000111111000011110110000010011100000111110000000110000000000000000
0000001000000000110000000001000000000110000000001001000000110111000001111010000011111100000011110000000000000000000000000
0000110000000001100000000011000000000110000000001111000000011111000000111110000001111100000011110000000001000000000000000
0000001000000000110000000001000000000100011000011001010000100100100011001010000100010100001000110000001110110000000000000
0001000000000000000000001000000000010000000000100111100001011000100010100001000011000110000011110000000000000000000000000
0000110000000011100000000111000000011000000000111111000001111111000011111110000111111110000111111100000001110000000000000
0000110000000001000000000010000000001100000000011000000000110011100001111110000001111100000011110000000010000000000000000
0000111000000011100000000110000000011000000000110110000001101111000011001111000011000110000111111100000011110000000000000
0000010000000001100000000011000000001110000000011001110000110111000001111110000011111000000111100000000110000000000000000
0000110000000001000000000100000000010000000000100001110011000111110110010001101110100110001111111000000000000000000000000
0001000000000000000000001000000000010000000000100111100001011000100010100001000011000110000011110000000000000000000000000
0000011000000001100000000110000000011000000000110000000001111111100011100001100111000001000111111110000001110000000000000
0000001100000000111000000011010000001100000000010000100001100111100010001001000100000100001101111000001111000000000000000
0000001000000000110000000011000000000111000000001111000000011110000001100100000001011000000010110000000111000000000100000
0000011000000001100000000011000000001100000000010001100000101111100001111111000011101110000111111000000011000000000000000
0000000010000000001000000000110000000011000000001100100000110111100011011110000111111000001111100000000100000000000000000
0000000011000000011110000011100000001100000000010000000001000000000010001110000100111100001111111000001111100000000000000
0000000000000000000000000000000000000000000000000000000000000000000000000000000000000000000000000000000000000000000000000
1111111111111111111111111111111111111111111111111111111111111111111111111111111111111111111111111111111111111111111111111
