0000000000000001110000000100100000001000110000000011000000001100000000011000000001100000000010100000000101000000001100000
0000000000000001110000001100111000110001100001000010000011101100000001111110000000100110000000100100000001111000000001100
0000000000000000110000000000100000001100100000100010000000111100000000011100000000101000000010010000000100100000001001000
0000000110000001111110001110000000011000000000011111000000011110000000111100000011001000000110010000001111100000001110000
0000001000000000110000000011100000000101000000001110000000001000000000011000000001110000000011100000000011000000000100000
0000000000000000001100000001101000000110010000001001000000010110000000110000000010000100000100010000011001000000011100000
0000000000000000001110000011111110001110001100111001100001100110000001111000000011110000001100100000011110000000110000000
0000000000000001111000001000010000011100100000001110000000001110000001000110000100001100001000001000011001110000001110000
0000000000000001111110000111111100001110110000001101000000011100000000111000000001110000000111100000011111000000011100000
0000000000000000111100000011111000001100110000011011000000011110000000111000000011110000000111100000001110000000011000000
0000000000000000011110000000100110000100000100001000011001111111100011111000000101100000001011000000011110000000011000000
0000000000000000001100000001111000000111111000011111100000111110000000011100000001110000000111100000011110000000011000000
0000000000000000011100000011111110001100111100011000110000011110000000011100000001110000001111100000111111000001111000000
0000000000000011111000001100011000011000010000010000000000110000000000111000000001110000000011010000000011110000000001100
0000001000000001111000000111000000001000000000110000000000111111000000111110000001110100000110011000000111110000000110000
0000111000000001110000000110000000001100000000001111100000011100000000101100000010001000000111111000000111100000000000000
0000001000000000111000000011010000000100100000001010000000001100000000111000000001010000000100100000001111000000000000000
0000000000000001111100000111001000001000010000011000100000010010000000011000000001100000000111100000001011000000001100000
0000000000000000000000000000110010000011001100000101100000001110000000110000000011100000001110000000011100000000100000000
0000000000000000111000011111111000011000011000110000110000110111000000111100000001110000000111100000001101100000001111000
0000000000000000011000000011111000000100000000001101100000001110000000011000000001110000000110100000000111000000001110000
0000000100000000011100000001001000000010010000000101100000001110000000011000000011100000001001100000011010000000000000000
0000000000000000011100000011111000001101110000010111000000111100000000110000000001110000000011100000000111000000001110000
0000000000000000011100000011111110001111001100110011110001101111000001111000000011100000001101100000011001100000011110000
0000000000000001111100000111001000001100000000001100111000001111100000111100000111111000001100110000011111000000001110000
0000010000000011111000001111011000011001111000111111000000111100000001111100000011011100000110011000000111110000000111000
0000000000000011111100001111111100011000001000010000110000110011100000111110000001110000001111000000011110000000111100000
0000000000000000000000000001100000001111000100110000010001000011000001111000000001111000000011110000000110000000000000000
0000000100000000111100000011111000001100111000001111110000011100000001111000000111011000001100110000011111100000011000000
0000000000000000111000000011111100001100011000011001100000011110000000111000000001110000000110100000011011000000011100000
0000000000000001110000000111110000011100100000011111100000011111000000111001000010000010000100001000001111110000011110000
0000000000000000011110000001111100000010011000000101100000001100000000110000000010100000001001000000010110000000110000000
0000000000000001110000000100010000001000100000010010000000011000000000010000000001011000000010010000001000100000001110000
0000000000000000011000000011111000001100110000001111000000001100000000011100000001001000000100010000001001100000011100000
0000010000000011110000001100110000110000100001100011000001101100000001111000000001111111000011110000000111000000000100000
0000011000000001110000000110100000001101000000001100000000011100000000100100000011000100000100011000001111100000000000000
0000000000000000110000000011111000001111111000011001100000111111000000111000000011110000001101100000011111000000011100000
0000000000000011111000000110011100001100011000011000110000011111000000111000000111110000001001100000110011000000111100000
0000000000000000111100000111111000001100110000001111000000001110000000111000000001101000000110010000001101100000001110000
0000000000000000110000000011110000000101000000001110000000001110000000010100000001001000000010110000000111000000000100000
0000000000000000110000000011000000001000001100110001110001111110000011111000000011111000000000100000001111000000011100000
0000000000000001111100000111111110001100111000110001100001100110000001111000000011110000000111111000001111110000011111000
0000000000000000011000001111111100011100011000110000110001100001110001111111100011111000000011000000000111000000001110000
0000001000000000100000000010100000000101000000001110000000001100000000010100000001001000000010010000000111000000000000000
0000000010000000001100000000100000000110011100011001100000101100000010100000000011110000001000010000011011000000001000000
0000000000000000100000000111110000011000110000110001100000111010000000111100000000111000000001011000000010110000000111000
0000000000000000111100000110000000001000000000010001000000011100000000011100000001111000000010100000000111000000001100000
0000000000000000011100000001111100000110011000001001100000011111000000111000000011110000001101100000011110000000111000000
0000000000000000101000000010000000000101000000000100000000001100000000101000000001010000000010100000000111000000000100000
0000000000000000000000000011110110001111101100011011110000111110000001111000000011100000001111000000011110000000011000000
0000000000000000011000000001000000000010000000000000000000000000000000110000000000000000000100000000001000000000001010000
0000000000000000000110000001111000000110110000011011000000010100000000110000000001110000000110100000001011000000011100000
0000000000000001111000000110010000001000100000011010000000011100000000101000000011010000000100110000000100100000000110000
0000010000000001111000000011001000000110000000000111100000011110000001111100000111010000001101100000001111000000001000000
0000000010000000011110000001111100000111011000011111100000011111000001111000000111110000001111100000011111100000001100000
0000000000000001111100000010011000000111100000001110000000111110000001100100000010001100000100011000001111100000001100000
0000001000000001111000000110001100001100011000001101100000011110000000111100000011001100001100111000011111100000001000000
0000000000000000001000000011111000001100110000011011000000011100000000111000000001011000000110010000001000100000011111000
0000000000000111000000001100110000001111000000001110000000110110000001100110000011000100000010001000000111110000000001000
0000000000000000110000000011110000001001100000110011000000110110000000111000000000111000000001011000000011100000000011000
0000000000000001111000000011111000001101100000011111000000011100000001111100000010001000000100010000001111100000001110000
0000000000000001000000000110000110001000011100110000111000100111100001111100000011100000001111000000001110000000000000000
0000000000000001111000000111101100001100110000011111100000011100000000111000000001111000000010110000000111100000001111000
0000110000000011110000001101111000110000011001000011110001111111100001100001100110000001001000000010011111111100000100000
0000000000000000111100000011001100001100011000011000110000110111000001111000000011100000001111000000011110000000011000000
0000000000000000110000000001111000000010000000000110110000001110000000101000000010010000000101100000001110000000011000000
0000000000000001111100000100000110001000000100011011100000011100000001111000000010010000001100100000010011000000011100000
0000000100000000111100000011101100001101100000011111000000111100000000111000000011110000000111100000011111000000011000000
0000000000000000010000000011110010001000000100010000111000010111000001111000000100100000001001000000010010000000101000000
0000000000000000000000000011111000001100010000011000111000111111100001111000000011100000001111100000001111000000000000000
0000000000000001001000000010001000000100000000001000000000001000000000111000000010010000001000100000001101000000000100000
0000000000000000001000000001100000000010001000001001100000100100000001010000000011000000000111000000000110000000000000000
0000000000000000111000000011110000000111100000011011000000110100000000111000000000111000000011011000000101100000001110000
0000000000000011110000000100100000001000000000001011000000001100000000010000000001010000000010010000000100100000000101000
0000000000000000111000000011110000000100100000011011000000011100000000111000000001110000000110110000001111000000011100000
0000000100000000111100001111101100110001111000111111100000011111000001111011000110000010011000001000111111100000111000000
0000000000000001111000000111110000011000100000110011000000111100000000111000000011011000000100010000001000110000001111000
0000000000000000011100000001101000000110010000000101000000001110000000011000000001110000000011100000000111000000001100000
0000000000000000011000000011110000000101000000001010000000001100000000011000000001011000000100010000001000100000001010000
0000000000000000000010000000001100000000010000001001000000101100000001110000000011000000000101000000001110000000000000000
0000000000000011100000000111100000001001011000011011110000011111000000111000000011110000000110110000001111100000001110000
0000000000000000000000000111111000011000111100011001111000111111000011111000001100110000011000100000010011000000111110000
0000000000000000111000000011111000001100010000011001100000010110000000111000000001100000000111000000001110000000011100000
0000000010000000011110000001101100001110110000110001000001111110000001111110000011000100001100011000011111100000010000000
0000000000000011011000000100110000001101000000001110000000001100000000011100000000101100000001011000000010100000000110000
0000000000000000111100000001111100000110001000001100110000011110000001111000001100100000010001100000100010000001111100000
0000000000000000111000000111111000001000010000011011000000011100000000011000000001111000000110010000001101100000001110000
0000000000000001110000000011001000000011100000000111000000001110000000101100000011011000000110100000001110000000001000000
0000000000000000111100000011111000000101100000001110000000011100000000110000000011110000000101100000001111000000011100000
0000000000000000111100000111111110001101111100011001111000111111000001111100000111100000001111000000011110000000111100000
0000000000000001110000000111100000001001100000001010000000011100000000011000000000110000000011100000000111000000000110000
0000000000000001111000000110011000001101110000001111000000011110000001101100000010001000001100010000011011100000011100000
0000000000000000110000000001110000000010110000000111000000001100000000101000000001010000000010100000000001000000000100000
0000000000000011111000001100010000010000100000100001000001000100000001111000000001110000000001010000000010110000000111000
0000000000000001110000001110000000011000000000011101110000011111110000011100000001111000000110110000000111000000001110000
0000000000000001110000000111100000001100110000011001100000011100000000011000000001111000000010011000000110110000000111000
0000000000000001110000000111110000011110111000111001110001111111000001111100000011110000000111100000001111100000001110000
0000000000000000000111000000111100000011011000001001000000111100000000110000000001100000001101000000010010000000111000000
0000000000000011110000001100010000010000100000110001000000110110000000011100000000100100000011001000000100100000001111000
0000000000000001110000000111110000001000010000010001100000111110000000111100000011001000000110010000001011100000001100000
