0000000000000010001110000110111110011111001100111100011011010000110110100011001101001110011011110000011111000000000000000
0000000000000011110000001100110000011000110000100000110001000001100011000011000110000100000110001000001110110000001111000
0000000000000001100000000111011100011111111100111100011011000000110110000011101100011110011111111000001110000000000000000
0000000000000000011010000001100100000110001000011000110001100001000011000110000100011000001011100000011110000000110000000
0000001100000000111100000011111000001110111000011101110001110011000011001110000110111100001111110000011111000000010000000
0000001100000000111100000011111000001110111000011101110001110011000011001110000110111100001111110000011111000000010000000
0000000000000001100000000111011100011111111100111100011011000000110110000011101100011110011111111000001110000000000000000
0000000100000000011100000001111000000111011000011100110001100001100110000011001100011100110011110000111110000000100000000
0000000100000000001100000001111000000110110000011001100000100011000011000110000100011000001111100000001110000000000000000
0000000000000111100000001001110000110000110001100000110011000000110110000001100100000011001100000110001111111000000011000
0000011000000000111000000011110000000100110000011001100000100001000010000010000100001100001001110000011110000000000000000
0000000000000001111100000111011100001100011100110000011011100000110110000011011100001110011001111000111111000000010000000
0000000000000000000000000000111100001111111000111000110011000001100100000111001111111000001111000000000000000000000000000
0000010000000011110000001111110000110000110001100000110011000000110110000001101100000011001100000100001111111000000011000
0000001100000000011000000000111000000011010000001001100000110011000001000100000110011000001111100000001110000000000000000
0001010000000110011000001100001000010000001000100000001001000000010010000000100110000001000100000100001101110000000110000
0000000000000000000000000011111000001111111000111110011001100000110110000011011000001100111001110000111110000000000000000
0000001000000000111000000001110000000110110000011000110000110001100011000011000110001100001101110000011111000000001000000
0001111100000000000000000001111100000111111000011111011001100000110111000001001100000110011000111000011111100000011000000
0000000000000001111000000110111000001000011000010000110001100001100011000111000010011100000111110000001111000000001000000
0000000000000000000000000000111100001111111000111000110011000001100100000111001111111000001111000000000000000000000000000
0000000000000011111100001111111100011110011001110000111011100001110110000111101110011110001100111100011111110000011111000
0000000000000000111000000011111000000110010000011000100000100001000001000010000010001100000100010000001011000000011100000
0000001000000000111000000001110000000111100000001101100000110010000011001100000110011000001101100000011110000000010000000
0000000000000000011000000111111100011000001001000000010110000000110100100001101111100011000111111100000000000000000000000
0000010000000001111000000000011000010000010000100000100001000001000010000010000100000100001000010000001111000000001000000
0000011000000001111000000100011000010000010001100000110010000000100100000001001000000110001000001000011111100000001100000
0000011110000000000010000000000010001000000100100000001010000000010100000001101100001110001111110000000000000000000000000
0000000000000000111000000011011000001100011000110000010011000000110110000001101100001110001111110000000000000000000000000
0000000000000000000110000001111110000111111100011100011001110001100111000110001100011000011111000000011100000000000000000
0000000100000000011100000001101100000111011000001100110000111001100011000010001100001100011000110000111111000000010000000
0000000000000000011000000111111100011000001001000000010110000000110100100001101111100011000111111100000000000000000000000
0000001000000000111100000000001000000100011000011000110000100001100001000010000010000100000100110000001111000000001000000
0000000000000000011000000111111100011000001001000000010110000000110100100001101111100011000111111100000000000000000000000
0000001000000000111100000011111100001111011000111000110011100001100110000011001100001100011101110000011111000000011000000
0000000000000000011000000001111000000111110000011000100000100001000011000010000100001100001001110000011110000000010000000
0000000000000000011000000001111000000111110000011000100000100001000011000010000100001100001001110000011110000000010000000
0000011110000000000010000000000010001000000100100000001010000000010100000001101100001110001111110000000000000000000000000
0000001000000000111000000001110000000111100000001101100000110010000011001100000110011000001101100000011110000000010000000
0000001000000000111000000001110000000110110000011000110000110001100011000011000110001100001101110000011111000000001000000
0000000100000001111110000111001100001100001000110000010001100001100010000011000100111100001111111000011110000000010000000
0000001100000000011000000000111000000011010000001001100000110011000001000100000110011000001111100000001110000000000000000
0000000000000000111000000011011000001111111000110000010001000001100010000011000100001100001100110000011011000000011000000
0000000100000000011100000001111000000111011000011100110001100001100110000011001100011100110011110000111110000000100000000
0000010000000011110000001111110000110000110001100000110011000000110110000001101100000011001100000100001111111000000011000
0000001000000000111100000000001000000100011000011000110000100001100001000010000010000100000100110000001111000000001000000
0000000000000000110000000011111000001111111000111100111001110000110111000011101111111110011111111000000101000000000000000
0001101000000011111000000100001000001000010000110000110001100001100010000011000110001100001111110000001111000000000000000
0000000000000001110000000110100000001000100000010001000000100010000001000100000010001000000100010000000101000000001110000
0000000000000000111000000011101000001000010000010000010001000000100010000001000100000100001000001000001000100000001110000
0000000000000000111000000011111000001100011000111000010001000000100110000011001100000100011000111000011111100000011100000
0000001000000000111100000011111100001111011000111000110011100001100110000011001100001100011101110000011111000000011000000
0000000000000111111000011111111000000000011000100000010001000000100011000011000110000110000110011000000111110000000111000
0000000011000000001010000000100100000010001000001100010000110001100011000110000100011000011011100000011100000000000000000
0000011110000000000010000000000010001000000100100000001010000000010100000001101100001110001111110000000000000000000000000
0000000000000000111000000011111000001100011000111000010001000000100110000011001100000100011000111000011111100000011100000
0000000000000010111000001111111000111100111001110000110011000001110110000011001100000110011100001100011100111000011111000
0000001000000000111000000011011000000110010000010000110000100001100011000011000100000100001000111000011111100000001000000
0000000000000000111000000011011000001100011000110000010011000000110110000001101100001110001111110000000000000000000000000
0000000000000000111000000011110000001111110000110100100011000000100110000001001100000010001100000100001111111000000100000
0000000010000000111110000011111100001111001100111100111001110000110111000001101100000110011001111000111111100000011100000
0000000000000001110000000111111000001000010000110000100001000001000010000010000100001100001100110000001111100000000000000
0000100000000011110000001111110000011101111000110000110001000000110010000001100110000111001111111100001111110000001110000
0000000000000111111000011111111000000000011000100000010001000000100011000011000110000110000110011000000111110000000111000
0000000000000001111000000111111000001110001000100000010001000000100110000001001100000100001000011000011111100000011110000
0000000100000001111110000111001100001100001000110000010001100001100010000011000100111100001111111000011110000000010000000
0000000000000000110000000011110000001100110000011000110001100000100011000001000100000110001000011100011111100000001110000
0000000000000000111110000011101110001110001100110000011011000000100110000011001000001100011011110000111111000000000000000
0000000000000000001100000011111100001110011000111100010001000000100110000011001000000100010000011000110111100001111100000
0001101000000011111000000100001000001000010000110000110001100001100010000011000110001100001111110000001111000000000000000
0000001000000000111000000001110000000110110000011000110000110001100011000011000110001100001101110000011111000000001000000
0000000000000000111000000011011000001100011000110000010011000000110110000001101100001110001111110000000000000000000000000
0000000000000110111000011111111000111000011001000000010010000000110100000001101100000011001111111100001111110000000000000
0000000100000000111100000011111100001110011000110000010011000000111100000001011000000110111000111000011111100000011000000
0000000000000001111000000100011000001000010000100000010001000000100010000001000100000010001000001100011111110000001100000
0000000100000000111100000011111100001110011000110000010011000000111100000001011000000110111000111000011111100000011000000
0000000000000000011110000001111110000110001100011000011001100000100011000011001100001100011000110000111111000000111000000
0000000000000010001110000110111110011111001100111100011011010000110110100011001101001110011011110000011111000000000000000
0000010000000001010000000100010000001000100000010001000001100001000010000010000100001000000100010000000101100000000100000
0000000000000000011000000111111100011000001001000000010110000000110100100001101111100011000111111100000000000000000000000
0000000000000000111000000011111000000110010000011000100000100001000001000010000010001100000100010000001011000000011100000
0000000000000111100000001001110000110000110001100000110011000000110110000001100100000011001100000110001111111000000011000
0000000100000000001100000001111000000110110000011001100000100011000011000110000100011000001111100000001110000000000000000
0000000000000000011100000001111100000111111100011000010001110001100011000111001100011100011011100001111110000001100000000
0000001000000000111000000011011000000110010000010000110000100001100011000011000100000100001000111000011111100000001000000
0000000000000000001100000001111100000111101000011000011001100000110010000001001100001100011111110000011100000000000000000
0000001100000011111100000111001100011000011000110000010011000000100110000001001000000110011000011000011111100000001000000
0000000100000000011100000001111100000111111000011000110001100001100110000111001100001100011100110000011111000000001000000
0000000000000000000000000000111100001111111000111000110011000001100100000111001111111000001111000000000000000000000000000
0000011000000001111000000100011000010000010001100000110010000000100100000001001000000110001000001000011111100000001100000
0000000000000000011100000001111100000111111100011000010001110001100011000111001100011100011011100001111110000001100000000
0000000011000000001010000000100100000010001000001100010000110001100011000110000100011000011011100000011100000000000000000
0000010000000001111000000000011000010000010000100000100001000001000010000010000100000100001000010000001111000000001000000
0000000000000000111000000011110000000110110000011001100001110011000011000110000110001100001001110000011111000000111000000
0000010000000011110000001111110000110000110001100000110011000000110110000001101100000011001100000100001111111000000011000
0000000100000000011100000001111100000111111000011000110001100001100110000111001100001100011100110000011111000000001000000
0000000000000000111000000011110000001111110000110100100011000000100110000001001100000010001100000100001111111000000100000
0000000000000000000000000111110000011000011000100000010010000000110100000001011000000110010001111000000000000000000000000
0000011000000001111000000111111000011100111001100000110011000001101110000011111110111110011111111100011111100000000000000
0000000000000000001100000001111100000111101000011000011001100000110010000001001100001100011111110000011100000000000000000
0000000000000000000000000000000000000000000000000000000000000000000000000000000000000000000000000000000000000000000000000
1111111111111111111111111111111111111111111111111111111111111111111111111111111111111111111111111111111111111111111111111
