0000000000000000111100000001000100001100010000001001000000011100000000110000000010110000001000100000010011000000011100000
0000000001000000001110000001111000000111110000001111000000011100000000111000000011110000001111100000011111000000011000000
0000000000000000111100000111111000011100111000110011100001111110000000111100000001111000000110110000001111100000001110000
0000000000000001110000000010100000000101000000001010000000011110000000110100000001001000000010010000000101000000000110000
0000000000000000111000000010011000000100100000000110000000001110000000111100000011011000000100100000010110000000110000000
0000000000000011110000001111100000110001000000111110000000111100000000011110000000100110000001000100000011011000000011100
0000000000000000111100000011111000001100110000011011000000011110000000111000000011110000000111100000001110000000011000000
0000000000000000111000000011110000000110100000001011000000011100000000110000000001100000000110100000000101000000001110000
0000000000000000011110000011111100000110011000001111100000011110000000111000000011110000001100100000010111000000111100000
0000000000000000001000000111111000011111011000110010110001100011100001111111000011111000001110000000001110000000011100000
0000000000000001110001000111001100001000110000010111100000111100000001111100000011011000000100110000001011000000011100000
0000000000000000111000001111111000111100010001110000110001111111100011111111000111000010001100000110011100111000011111100
0000000000000000111000000011111000000101010000001000100000011110000000111100000001011000000100110000001111000000011100000
0000000000000001111000000110010000001100100000001111000000011100000000100100000011001000000110010000000100100000001110000
0000000000000001111000000000110000000011000000001110000000011100000001101100000011001000000100001000001000110000000111000
0000000000000011110000000100100000001000010000011011100000011100000000111100000001001000000010010000000100100000000110000
0000000000000000011110000011100100001000010000010000100000010010000000111000000000110000000011100000001111000000011100000
0000000000000001111000000010010000001001100000110011000001101111000001110010000001000100000110011000001111100000001100000
0000000000000000111100000011110000000110000100000100111000001111100000111100000011110000001101100000011111000000111100000
0000000100000000000000000000010000000000100000000001000001110100000001010000000001000000000101000000000110000000000000000
0000000000000000011000000011000000001100010000011011000000011100000000111100000001001100000100001000001000110000010011000
0000000000000111110000001111110000001111100000001111000000011111000001100011000010000110000100001000001111110000011111000
0000000110000000111110000001001000000110000000001101100000011100000000110000000011110000001111100000011110000000010000000
0000000000000001111000000110001000001000000000010000100000011111000001111001000110000010001000000100110000001000100001100
0000000000000000011100000011111110001111001100110011110001101111000001111000000011100000001101100000011001100000011110000
0000000000000000000110000000110110000110011000011000100000100010000000111000000011100000001101100000010010000000011000000
0000000000000000011110000011111110001100011000011001000000111100000000111000000011110000001101100000011110000000111000000
0000000000000001100001000011000100000110110000001111000000011100000000110000000011100000001101100000011111000000000000000
0000001000000000111000000010010000000100100000001011000000001100000000011000000001001000000010010000000111100000000010000
0000000000000011100000000111100000011001100000100001000001100110000001111110000000100100000001001100000011110000000001000
0000001000000011110000000100010000001000000000011011000000011100000000110000000001110000000010100000000111100000000010000
0000000000000000000010000000110110000110001000111001100000001100000000010000000011100000001000100000100001000001000100000
0000000000000000111000000010001000000100110000001111000000001100000000111000000110010000001100110000001111100000000100000
0000001000000000001100000001001000000001011000000011100000011110000001100100001100011000011001100000111100000000000000000
0000000000000000011110000011111000000110110000011011100000111100000000111000000011110000000110100000001111000000011110000
0000000000000000111000000011010000001000100000000010000000011000000000110000000001010000000010010000000100100000000110000
0000000000000001111000000010011000000100100000001011000000011100000000110000000001100000000111100000001011000000011100000
0000000000000001111000000110011000001100110000000111000000011110000011100110000100000100001000001000011111100000011100000
0000000000000000011100000011101010000100011100001001100000011100000000111000000010110000001001100000111110000000110000000
0000000000000001110000000010110000000111100000011010000000011100000000110000000001110000000010100000000101100000000110000
0000000000001111100000111111111100100000110000111111000000011100000000111110000001100110000011000100000011111000000011110
0000000000000000001100000011111000001101110000110001000000110110000000111000000000110000000010100000001101000000001110000
0000000000000001100001000111100110011000111000100111000001111000000001100000000011110000000110110000000111100000000111000
0000000000000000111000000000001000001000100000011001000000011100000000101100000010001000000100000000001001000000011100000
0000001000000001111000000010010000000100100000001010000000001110000000011000000011010000000100100000001111000000001000000
0000000010000001111110000110000000000110000000000110100000001111100000111100000111001000001100110000011111000000011000000
0000000000000000011111000011101110000100001100001100110000011111000000111000000111110000011001000000100100000001110000000
0000000000000001111110001111101100011000011000111001110000111111000000111100000001111000000110011000001111110000001111000
0000000000000001111000000010111000000100110000001010000000011100000000110000000001110000000111100000001111000000001100000
0000000000000000000111000011110110001001001100000000010000100011100001111100000111000000011100000000011100000000011000000
0000000000000001110110000010111000000111100000001110000000011000000001111000000010010000000100100000001101000000001110000
0000000000000001111100000110001100001000001000010001000000111110000000111000000001111000000110010000001011000000011100000
0000000000000001110000000110110000011001100000011110000000011100000000101000000001001000000010001000000100010000000111000
0000000000000000111001000110000100001000011000110001100000111110000000011100000000111000000011110000001111000000111100000
0000000010000000001100000001111100000010110000000101100000001110000001111000000110010000011001100000011110000000001000000
0000000000000111110000001111110000001111100000001111000000011111000001100011000010000110000100001000001111110000011111000
0000000000000001111000000100011000001100100000001111000000001110000000110100000001001000000100010000001100100000001110000
0000000000000011111100001111111100011000001000010000110000110011100000111110000001110000001111000000011110000000111100000
0000000000000000011000000111111010001000111100011011100000011100000001110000000010100000001101000000001010000000011100000
0000000100000000011100000001011000000010110000000111000000001100000000111000000011011000000110110000001111000000001100000
0000000000000000011100000011000000000100000000001000000000011010000000011000000001100000000011000000001110000000001100000
0000000100000000111110000001000100000010011000000111100000001100000000111000000010110000001001100000011110000000010000000
0000000000000000011100000000110000000011011000000111110000111110000110000100001000001000100000110000111110000000000000000
0000000000000000111000000001111110000110000100001000110000010011000000111000000011100000001111000000110110000001111000000
0000000000000001100000001100000100110000111000111011000000011100000000111000000001011000000010010000000101100000001110000
0000000000000001110000001101100000100010000001100100000001111100000000100110000001000010000010000100000100011000001111100
0000000000000001111000000110010000001000011000011001110000011110000000111000000011110000000100110000001000100000001111000
0000000000000110010000011111110000111111110000111111000001111110000000111111000001111110000011111100000111111000000011100
0000000000000000000000000001100110011111111001110011100011111100000011110000000011000000000111110000000011111000000000010
0000000000000000011100000011101100000110110000001111000000011000000000110000000011100000001101000000011110000000011000000
0000000000000000011100000001111110000010110000000111000000011100000000111000000011110000001101100000001111000000011100000
0000000000000011110000001111110000010000110000110001000000111110000000011000000000111000000001011000000010010000000111000
0000000000000000010000000011100000001100111000011011000000011100000000011100000000111000000011110000000111000000001100000
0000000000000001000000011110001001110000110001111111000000011111000000110011000011000011000011111100000111100000000000000
0000000000000111110000001100110000010000100000110001000000111110000000011100000000111100000011001000000110110000000111000
0000000000000000011100000011111100000110111000001111000000011000000001110000000110100000001001000000011011000000011100000
0000000000000001000110001111101100010001110000100001100001100110000001111000000001110000000010110000001111100000011110000
0000000000000001100000000010100000000110000000000100000000001000000000011000000000100000000001010000000010100000000010000
0000000010000000001110000000001000000100010000011000100000100011000001101000000001100000000111000000001111000000000010000
0000000100000000110000000010000010001100001000001000100000001110000000011000000001110000000011100000001110000000001000000
0000000000000001111100000110001100001100110000001111000000001110000000111110000011001100001100011000011001100000011110000
0000000000000000001111000001110000000010001000001101100000001110000000110000000110110000001001000000110110000001111000000
0000000000000000000011000001001110001111111000111111100001101110000001111000000001111000000010110000000111100000001110000
0000000000000011100000011111110000110000110000111111000000011100000000111110000001000110000011000100000010011000000111110
0000000000000000111100000011111100001111011000011001110000111111000001111100000111111000001100110000011111100000011110000
0000000000000001111000000011010000000100100000011111000000111110000001000100000110000100001000011000011000100000001110000
0000000000000000001110000011111110001110001100111001100001100110000001111000000011110000001100100000011110000000110000000
0000000000000001111100000111100000011100000100111001110000111111000001111110000011001100001100110000011111000000011100000
0000000000000000001100000001111000001110111100011111110000111100000000111000000001110000000110100000001111000000011100000
0000000000000000011100000011111000011110110000111001100001111110000000111100000011011000000100110000001011100000011100000
0000000000000000111110000110001100001100011000001100100000001110000000011000000011011000011000100000100110000001111000000
0000000000000000011100000011111100001100011100011001110000011110000000111000000011010000001100100000110011000000111100000
0000000000000000111000000011110000000101100000001110000000011000000001110000000010110000000110110000000111100000000000000
0000000000000011111000001110111000001001100000011111000000011100000000111100000001101000000110110000001111000000011100000
0000000000000000111000000011101000000010100000000110000000001100000000111000000001010000000010100000000111000000001100000
0000000000000000011100000001101000000100100000001001000000011100000000011000000001110000000110100000001010000000011000000
0000000000000000011000000001110000000011110000000001100000000010000000011000000001100000000111000000011100000000010000000
0000000000000000011100000011111000001110111000011011110000111111000000011100000001111000001110110000011111100000111100000
0000000000000000111100000111000000001100100000011011000000011100000000111000000001110000000010100000001111000000011100000
0000001000000111111000001110111000011001100000011111000000111110000001111110000011001110000111111000001111100000001100000
0000000000000001111110000111111100001111111000001111110000011110000001111000000111110000001101100000011111000000111110000
0000000000000000000010000001111100001110110000010001000000101100000001110000000011110000001101100000010011000000111100000
0000000000000011011000000100110000001101000000001110000000001100000000011100000000101100000001011000000010100000000110000
0000000000001111100000111111111000111111111000111111110000011111000001111110000011111100001111111000011111110000011111000
0000000000000000111000000001100000000101000000001110000000001000000000111000000001011000000010010000000100100000000110000
0000000000000000111000000111111000001000110000011001100000011100000000110000000001110000000110100000000111000000001110000
0000001000000001111000000011110000000011100000000101000000001100000000111000000011110000000100110000001111000000001100000
0000000000000000011100000011001000000110010000001111000000011100000001110000000010110000001100100000001001000000011100000
0000000000000000110000000011111000000100010000001001100000001110000000011000000001001000000100010000001000100000011110000
0000000000000000001000000000100000000001000000011110000000101000000000111000000000010000000010010000000111000000000100000
0000000100000000110110000011000100001100011000011111100000011100000001111100000110001000001100110000011111000000011000000
0000000000000000001100000001111000000111110000001101100000010110000000111000000001100000000111000000001010000000011100000
0000000000000000000000000111111100001101111000011011100000011110000000111000000011010000000110110000001101100000001110000
0000000000000000001100000011111000001100110000001111000000001110000000111100000001001000000110110000001101100000001110000
0000000000000000001111000011111110000110111000001011000000111110000001111000000011110000000110110000001111100000011110000
0000000000000011010000000100110000001000000000010000100000111110000001001010000010000100000100001000000111100000000100000
0000000000000000111000000111011000001100010000011001100000111110000000111100000011011100000100011000001101110000001111000
0000000000000000100000000010111000001000010000010000100000110010000000111100000000110000000001100000000111000000000110000
0000000000000000011100000000100100000010001000001100110000010111000000111000000011000000001101000000010010000000111000000
0000000000000000111100000011001000000100011000001101100000011110000000011000000001110000000100100000011110000000111000000
0000000000000000001000000001101000001111010000010000100000100001000001000100000001010000000001100000000110000000001000000
0000000000000000111100000111111000011100111000110011100001111110000000111100000001111000000110110000001111100000001110000
0000001000000001111000000011110000000011100000000101000000001100000000111000000011110000000100110000001111000000001100000
0000001000000000110000000011011000001100110000001111000000011100000000111100000011001000000100110000001111000000001100000
0000000000000000110000000010100000000101100000000111000000001100000000110000000001010000000010100000000101000000001110000
0000000000000000111000000111001000011110010000010000100000010010000000011100000000110000000011010000000101100000001110000
0000000000000011111100011000000000100000011000111111000000001111000000010010000001100110000010001100000111110000000111000
0000000000000110110100011111111000011000010000011111100000011100000000111000000001111000000110011000000100110000001111100
0000011000000001111000000110110000001100001100011001110000011111000000111100000011110000001111110000001111100000001100000
0000000000000000111000000011001000000100110000001011000000011100000000110000000001100000000111000000001010000000011000000
0000000000000011110000001111100000110001000000111110000000111100000000011110000000100110000001000100000011011000000011100
0000000000000001111000000110010000001101100000001111000000001100000000111100000001001000000010010000000101100000001110000
0000000000000000011100000011111100001110011100011001110000111111000000111000000011111000001100110000011111000000111000000
0000000000000000000000000000000000000011000100001001100000011100000001110000000101000000001100000000000000000000000000000
0000000000000001100000000111000000001111000000110110000001011111000011111111000011100010000011001100000011111000000000000
0000000000000011111100001100001000011000011000011111110000111100110011000000101100000010011000011000111111100000011000000
0000000000000000011100000001001100000100010000001001000000010100000000010000000000100000000010100000001001000000011100000
0000000000000011111000001111111000011100110000001111000000011000000001011000000110011000000100011000001111110000001111000
0000000000000011110000000111110000001101100000001111000000001100000000011100000001101000000010010000000111100000001110000
0000000000000001110000000111110000001111110000011001100000111110000001111110000011001100000110011000001111100000001110000
0000000000000001111100001111111100011000011000110111110001111111100011111011000100000110001100001100011111110000011110000
0000000000000000011110000011000100001000011000010001100000110100000000110000000011100000001001000000010100000000111000000
0000001000000001111110000110000000001101100000001110000000001100000000111000000011001000000100010000001111100000011000000
0000000000000000111000000011111000001100110000011001100000111110000000111000000001111000000110110000001111100000001111000
0000000000000000110010000010001000001000010000010001000000010100000000011000000001110000000010100000001101000000001100000
0000000000000001111000000010011000000111110000011111000000111100000001001000000010001000000010010000000111100000000110000
0000000000000000011100000001111000000111100000001110000000111100000001111000000001111000000011110000000111000000001100000
0000100000000011111100000111011100000111111000001111100000111111000011110111000111001110001100111100011111100000000000000
0000000000000111110000111000011000111000011000011111100000011100000001100110000110000110000100000100000110001000000111100
0000000000000001111000000111110000011110110000111101000000111110000011111110000110000100000100001000001111110000001110000
0000000000000001111000000110010000001100100000001110000000001100000000110100000001000100000100001000001000110000001110000
0000000000000001000000000111111000001101110000001110000000011000000000110000000001110000000110110000001101100000001110000
0000000000000000000011000011111110001110001100011001110000111110000001111000000011011000001100100000010010000000111000000
0000000000000000011100000001100100000110010000001001000000001100000000010000000001100000000101000000010010000000111000000
0000000000000001111100000110001000001001110000011111100000011111000000110000000011110000000100100000001011000000011100000
0000000000000000000000000001111100000100001100001001110000011110000001111000000110110000011001100000011110000000000000000
0000000000000000111000000011111000000110110000011011000000011100000000111000000001110000000010110000000111100000001100000
0000000000000000011000000001100110000011011000000111100000001100000000110000000011100000000101000000011110000000111000000
0000000000000000110000000001111000000111110000011001100000011110000000111000000011110000000110100000001011000000011100000
0000000000000000000100000011110000001101000000011010000000011100000000111000000001000000000010100000001111000000001100000
0000000000000000011100000011111000000100010000001001000000010100000000111000000001110000000100110000001111100000001100000
0000000000000011110000000100110000000100100000001111111000011110000001110000000110100000001000100000010001000000011100000
0000000000000011100000000111100000001001110000011011100000011110000000011000000001110000000011100000001111000000001100000
0000000000000000011010000000110110000001011100000111110000001110000001111000000111100000011011000000111100000000110000000
0000000000000000001110000011111110001110001100111001100001100110000001111000000011110000001100100000011110000000110000000
0000000000000000100000000011100000000000000000010010000000010100000000010000000000110000000010010000000100000000000110000
0000000000000001111000000110001000001000010000010000100000011110000000111000000011001000000100010000001001100000001110000
0000000000000000001100000011111110001111000100110100010001100001100001001100000010110000000110000000001100000000111000000
0000000010000000010100000001001000000100100000001010000000001100000000110000000011010000001100100000010110000000110000000
0000000110000001111110001110000000011000000000011111000000011110000000111100000011001000000110010000001111100000001110000
0000000000000000111000000011011000000110110000001111100000011101000000111000000011010000000100100000001011000000011110000
0000000000000000111110000011111100001101110000011111000000011100000001111000000110011000001100110000011111000000011100000
0000000100000000011000000000100000000010000000000111100000001100000000111000000010010000000100100000001111000000001000000
0000000000000000111000000011011000001100110000001111000000011100000000011000000001110000000010100000000111000000001110000
0000000000000000111100000011101000001100110000011011000000011110000000111000000011001000000100010000010001000000111100000
0000000000000000001000000011110000001000000000110010000000011000000000011000000000001000000000010000000000000000010010000
0000000000000000111000000011111000000110110000011011000000011100000000111000000001110000000010110000000111100000001100000
0000001000000001111000000110100000000111000000000100000000011110000000100110000010000110000100011000001111100000001100000
0000000000000000011000000011110000001101100000011010000000011100000000111100000001001000000100110000001011000000001100000
0000000000000000000000000000111110000111011100011011100000111100000011110000001100100000011111000000011100000000000000000
0000000000000000000000000111111000011100111100111001100000111110000000111000000001110000000111100000011110000000111000000
0000000000000001110000000110010000001000100000100001000000101110000000111100000010001000000100010000001100100000001110000
0000000010000000110100000001000000000010100000000110000000001100000000111000000011000000001100100000011110000000011000000
0000010000000001111000000010110000011101100000000110000000011110000001110110000011000100000100001100001111110000000100000
0000000000000000011000000001000000000010000000000000000000000000000000110000000000000000000100000000001000000000001010000
0000000000000000111100000010001000001000110000001011000000001100000000111000000001010000000100100000001001000000011100000
0000000000000001001110000010001100000100001000001100100000001111000000111000000011011000001100110000011111100000001000000
0000000000000001111000000011110000001100010000010001000000110110000000111000000001100000000111100000001001000000011110000
0000000000000000011000000001110000000100100000001001000000011110000000011010000001100100000110001000001000000000011000000
0000000000000001111000000111111000001000110000011001100000111110000000111000000001110000000110100000001111000000011110000
0000000000000001110000000011111100000100111000001011100000011100000000111000000001110000000110100000001111000000011110000
0000001000000001111000000010001000001100010000001101100000011110000000111000000011010000001100100000001111000000001100000
0000000000000000111000000011000000001100110000001111000000011100000000111100000011001000000100110000001111100000001000000
0000010000000011010000001100100100010000110000110010000000011000000001101100000010001100000100001000000110110000000011000
0000001100000000111000000001000100000011110000000110000000011100000001001000000110011000001100100000001111000000000000000
0000001000000000111100000011001000000100011000001111000000011000000001011000000100010000001000100000011111000000011000000
0000000000000000011100000011111100001100011100011001110000011110000000111000000011010000001100100000110011000000111100000
0000000000000000110000000011110000001100110000011101100000111111000001111100000010001000000110010000000101100000001100000
0000000000000001000000000011111110000100000100001000010000010111000000111000000111000000011010000000100100000001110000000
0000000000000000110000000011111000001101110000010011000000111100000000110000000001100000000111100000001101000000001110000
0000000000000000011100000001111000000100001000011000010000011110000001111000000110001000010000010000100011000001111000000
0000000000000000011100000011100100001100011000010001100000100110000000110000000001100000000100100000001001000000010110000
0000000000000000011000000001110000000111100000001110000000011000000000110000000011010000000110100000000101100000000110000
0000000100000000111100000011110000000111110000001111000000001100000000111000000011011000000110110000000111100000000100000
0000001000000001111100000010001100000100001000001001110000011110000000111000000111100000011000100000111111000000011000000
0000000000000000111000000110001000001100010000011100100000001110000000011000000001110000000110100000001011000000011100000
0000000000000000111100000011111000001110110000011011100000011110000000111100000011111000001110110000011111000000011100000
0000000000000000011100000011111100000100011100011001110000011110000000111000000011110000001101100000011110000000111000000
0000000000000000011000000011111000011111110000111001000000111110000000111100000011001000000110110000001111100000011100000
0000000000000000111100000011111000000110110000001111000000011100000001111000000110010000001100100000011111000000011100000
0000000000000000011000000011100000001100011000011001100000011100000000111000000011010000000100110000001101100000001110000
0000000000000000110000000011000000000100111000001111000000111100000001001000000100010000001000100000001010000000011100000
0000000000000000111100000111001000001000000100010000011000010011000000111100000001100000001101000000111011000000011100000
0000000000000000111000000111111000001100110000001011100000011110000001111000000011010000000110010000001111100000001110000
0000000000000001111000000110011000001000010000010000100000010010000000111000000000111000000010010000000100100000000110000
0000000000000001110000000100010000001000100000001110000000001100000000010100000001000100000010001000000100100000001110000
0000000000000000111000000011110000000101100000001110000000011100000000111000000001001000000010110000000111000000001100000
0000001000000001100000000110000000001000100000110111000000111111000000100010000001000100000010011000000111100000000000000
0011000000000111000000001111000000000111100000001110000000011100000000100100000001001100000011001000000011110000000001000
0000000000000001000100000110001100001100011000011101100000011110000000111000000011110000000111100000001111000000001110000
0000000000000001110000000110001000001100110000011001000000011110000000111000000011111000000110110000001111000000001100000
0000000000000011101110001101110000010011000000100100000001011000000011110000000011111100000010011000000110110000000111000
0000000000000000000000000001111110001111001100011001110000011111000011110000000101100000011011000000111100000000110000000
0000000000000000111100000010000000001100010000010000100000100110000001111100000011001000000100010000001000100000011010000
0000000000000000111000000011111110001000001000010001100000110110000000111000000011010000001101100000011110000000010000000
0000000000000000111100000010001000000100000000001100000000001110000000111000000001010000000101100000001110000000010000000
0000000000000000110000000011110000001100110000011001000000011110000000011100000001101000000010110000001111000000011100000
0000000000000000110000000010100000000101010000001011000000011100000000110000000001100000000011000000000110000000000100000
0000000000000000011111000001111110000110011000011001100000110110000000111000000011100000000111100000011111000000111100000
0000000000000000111100000011111100000110011000001111100000111110000001110000000111100000001101000000011110000000011100000
0000000000000000001000000011110000001101000000110100000000011111000000100001000001000100000010001000000100100000001110000
0000000001000000000010000001000100000100010000001001100000011100000000110000000110100000001001100000011111000000000000000
0000000000000000111000000011100000001101000000010100000000111000000000111100000001000100000010001000000101100000000100000
0000000000000111110000111000011000111000011000011111100000011100000001100110000110000110000100000100000110001000000111100
0000000000000001110000000110000110001100111000011011100000011100000000011000000001110000000111100000001110000000011000000
0000001000000001111100000011001100001101110000111111000000111100000001111100000110011100001100011000001111100000000000000
0000010000000001110000000010001000001101100000010111100001111110100000110001000001000100000110110000001111000000001000000
0000000000000000111000000011111000000100110000001011000000011100000000111100000010001100001100010000011111000000011000000
0000000000000000111000000011001000000110110000000111000000001100000000111100000011011000000110110000001011000000011100000
0000001000000001111100000111111000001101110000011110000000111000000001111000000110011000001000011000011111110000001110000
0000000000000000011100000011111100001111011000011011110000011110000001111000000110011000001000110000011011000000011100000
0000000000000000001110000010110100000100000100011000001001111111110110110111001001100000011110000000011000000000000000000
0000001000000001111000000011011000000110100000001111000000001100000000111100000011001000000110110000001111100000001100000
0000000000000000011110000001101100000110110000001111000000011100000001111100000111011000001100100000011111000000111000000
0000000000000000111000000111011100011000010000110001000000111100000000111000000001101000000110010000001001100000001110000
0000111000000001110000000110000000001100000000001111100000011100000000101100000010001000000111111000000111100000000000000
0000000000000011111000001100011000011000011000011100000000011110000001110110000010000100001000001000011000110000011110000
0000000000000000000100000011111100001100001100110000110000110110000000111000000011100000000111100000001011000000011100000
0000000000000001110000000111111000001000110000011011000000011100000000111000000011011000000110010000001111100000000111000
0000000000000000111000001111111100010000010000100000010001100011100001111110000011110000000100100000001001000000011110000
0000000000000000001001001000011100011000010000011011000000011100000000110000000011110000000111100000000011000000000010000
0000000000000001111000000111111000001101110000011111100000011100000000111000000001111000000111110000001111100000011110000
0000000000000001110000000111110000001111100000001111000000001110000000011000000011010000000100100000001001000000001110000
0000000010000000011110000010001100000100011000001001100000011110000000111000000111100000001111000000011110000000010000000
0000000000000000011110000011100100001000010000010000100000010010000000111000000000110000000011100000001111000000011100000
0000000011000001000110000011000110000110001100001100110000011111100011111100001110110000001111100000001111000000000000000
0000000000000001100010000110011000001101000000001100000000011000000000101000000001011000000010010000000110100000000110000
0000000000000000011110000011101110001100011000010001100000011110000000110000000011110000001100100000011001000000011110000
0000010000000001111000000100010000001000100000001001000000011100000000011000000001111000000010001000000111110000000110000
0000000000000001110000000011100110000011111000000111000000011110000001111100000110010000001101100000011110000000111000000
0000000000000001100000001111111000011000110000110001000000111110000000011100000000011000000001110000000011100000000111000
0000000000000000111111000001111110000110011000001101100000011110000000111000000111110000011100110000111111000000111100000
0000000000000000110000000110111000001000010000011111000000111000000001011000000010011000000010011000000111110000000111000
0000000000000001110000000110010000010000100000010001000000111100000000100100000001000100000010001000000100000000001000100
0000000000000001110000000111110000001100100000011001000000011110000000011000000001111000000010010000000100110000000111100
0000000000000001100000000100100000001001000000000011000000111010000000010100000001001000000010010000000100100000001001000
0000111000000011111000000100000000001100000000001111000000011100000001101100000010001000000100011000001111100000000110000
0000000000000000000000000111111110000000000100010000110000010110000000110000000010100000001001000000000010000000111100000
0000000000000001111000000100011000001000010000010001000000010100000000011000000001110000000100100000001001000000011110000
0000001000000001111100000011001100001101110000111111000000111100000001111100000110011100001100011000001111100000000000000
0000000000000000110000000110010000011000100000010001000000011100000000110000000000010000000000010000000100110000000100100
0000000000000001110000001111111100011000010000011011100000011110000000111000000001111000000110010000000100110000001111000
0000000000000010000000001111110000001101110000001111110000011100000000111100000011011000000110011000000110100000001111000
0000000000000000111000000011110000000100100000001011000000011100000000010000000001110000000011100000000111000000001100000
0000000000000000110000000111111000011001100000100011000000110100000000111000000000111000000001011000000011010000000011100
0000001000000001110000000110000000011000001000100000110011000001000011111100000000011100000000101000000001110000000010000
0000000000000000000001000000001110000111111000001111000000011100000000110000000011000000001110000000011110000000011000000
0000000000000001110000000010100000000101000000001010000000011110000000110100000001001000000010010000000101000000000110000
0000000000000000000000000011111100001100001000010001100000111110000000111000000001010000000000100000001001000000011110000
0000000000000000011000000011110000001101100000011010000000011100000000010000000001110000000010100000000111000000001100000
0000000000000000001100000000111000000111000000001000011000110011100001111100000011100000001110000000111000000000000000000
0000000000000000011100000001111000000110110000011001100000110110000000111000000011100000000101000000001110000000011000000
0000000000000111011000001100110000110011000001101110000001111110000001111110000011000110000110000100000111111000000011000
0000000000000000011100000000111000000011110000000101000000001110000000011000000001100000000111000000001011000000011100000
0000001000000000101000000010000000000100010000001111000000011100000001111000000110010000001000100000011111000000011000000
0000000000000000011100000001110000000101100000001011000000010100000000011000000000110000000001100000000111000000001100000
0000000000000000011100000001111100000010001000000101100000001100000001110000000100110000001000000000010000000000111100000
0000000000000000011100000011111000001111110000011101100000011111000001111100000011110000000110100000001111000000000110000
0000000000000011111000000100111000011000011000011100110001111111100110000001001000000010010000001100111101110000000000000
0000000000000000111000000011010000000110100000001110000000001100000000010100000001001000000110110000001111000000001100000
0000000000000001111000000100001000001000100000011011000000011100000000011000000001101000000010010000000100110000001111000
0000000000000000111100000011111000000100011000001001100000011110000000111000000110011000001000100000011111000000011000000
0000000000000001110000000111110000001100111000011001110000010011100011111110000101100000001001000000011110000000011100000
0000010000000001111000000011001000000110000000000111100000011110000001111100000111010000001101100000001111000000001000000
0000000000000000110000000111011000001001100000010110000000111000000000111000000001011000000010110000000101000000001110000
0000000000000001100000000111000000011000100000011110000000001110000000010110000001101100000010011000000101100000000110000
0000000000000111100000011001010000011111100000001110000000011110000000100110000001000100000010000100000011111000000011100
0000000000000001110000000111010000001000100000010001000000110100000000011000000000110000000010110000000101000000001100000
0000000000000000011100000011111000000110110000001111111000011111000001110000000111100000001101000000011111000000011100000
0000000000000001100000000111000000001111000000110110000001011111000011111111000011100010000011001100000011111000000000000
0000000000000000111100000111101000011110010000100001100001100110000011111000000001111100000110001000001100010000001111100
0000000000000001111000000110111000001100110000001011000000011100000000111000000001110000000111100000001111000000011100000
0000000000000000111100000111111000001000110000011001100000110110000000111000000001110000000110110000001011000000011100000
0000000000000000111100000111001000001100110000011111000000001100000000011000000001010000000010100000000111000000001100000
0000000000000000000110000000100010000010001000001001000000011100000000110000000100100000010001000000100100000000100000000
0000000000000001111000001111110000011001110000111111100000111110000000011110000001101100000011001000000111110000000111000
0000000000000001111000000010011000001100010000001001000000011100000000111000000001010000000100100000001001000000001100000
0000000000000000001110000001100110000110011000001101000000001100000000111000000011100000001101000000110110000000111000000
0000000000000000111000000010010000000100100000010001000000100100000000111100000001001000000010010000000111100000000100000
0000000000000000111000000011111000001111110000000111100000011110000001101100000011011000000100110000011111000000111100000
0000001100000000110100000010000000000110001100000101110000001100000000111000000011010000001100100000011011000000011000000
0000000000000000111000000010010000001000000000001000000000001100000000011100000001000100000100001000000100100000001110000
0000000000000011110000000111110000001101110000111011000000111110000000011100000000111000000001011000000011110000000011000
0000000000000000111100000011000000000100110000001111000000011000000001110000000010100000000011100000000111000000000100000
0000000000000000000111000011110110001001001100000000010000100011100001111100000111000000011100000000011100000000011000000
0000000010000000011110000001100100000010011000001101100000011110000001110000000111100000011011000000111100000000010000000
0000000000000000111110000011110100000100000000001000110000011111100000111100000011100000001111000000011110000000011000000
0000001111000000110000000011011000000100100000001011000000011100000000111000000011011000001100110000011111100000000000000
0000000000000010010000001000110000010000100000011010000000001100000000011000000000101000000010001000000100010000000111000
0000011000000011110000001100110000010000110001100011110001111100010011100000100100000001001000001100011111100000000000000
0000000000000001111000000111111000001100110000001111100000001110000000111110000011001100001110111000001111100000000100000
0000000000000001100000000011100000000111100000000101000000001110000000011000000000110000000001100000000110000000000100000
0000000000000001100000000101100000001001000000011010000000001100000000011100000000101100000001001000000010010000000011000
0000000000000000011110000001111100000111111000011011100000111110000001111100000011111000001100110000011111100000111100000
0000000000000000000000000000000000000111100101111000010000001111000000011000000010010000000100100000001110000000000000000
0000000000000000100100000111111100011111111000111111000011101110000111111000000011110000000011110000000111100000001111000
0000001000000001100000000100001000000000001100010001110000111100000001111000000010011000000100010000001111100000000100000
0000000000000000111100000011111100000110001000001001000000011110000000111000000011110000000111100000001111000000011100000
0000000000000000000110000000111110000111111000001111000000011000000011110000001100110000011000100000001101000000000110000
0000000000000000011100000011111000000110110000001111000000011100000001111000000011011000000100110000001111000000011110000
0000000000000001111000000011010000000111100000000111000000011010000000110110000011001100000110110000000111100000000000000
0000000000000000111100000011001100001111110000001110000000011100000000111000000011011000000100110000001101100000011110000
0000000000000001111000000110000000011000000000011111110000001110000000110110000011000100000110011000001111100000001100000
0000000000000000111100000011111100000100000000001000000000011111100000111000000011100000000111000000011110000000011000000
0000000000000001110000000110011000001100010000001001100000001100000000011000000001010000000010010000000100100000000111000
0000000000000000010000000011111100000111110000001110000000011100000001111000000011110000000111000000001110000000011000000
0000000000000011111000001111111100010000111000110111000000111000000001111000000110011000001100011000011001100000011110000
0000000000000000001110000011100100001100011000010001100000110100000000111000000011110000001100110000110011000000111000000
0000000000000011111000001110011100010001100000100110000001111000000000111000000001011000000010011000000100010000000111100
0000000000000000000100000000111110000111001100001001100000011100000001110000000110100000010000100000111111000000000100000
0000000000000000110000000001100000000011000000000110000000001000000000010000000001100000000011100000000111000000001100000
0000000000000000011111000011000110001000011000010001000000111100000001111000000110011000010000010000100001100001111110000
0000000000000000000110000000011100000011110000001111000000011100000000110000000111100000001001000000011110000000011000000
0000000000000000011100000001101100000100010000010001000000010100000000111000000001110000000100100000011010000000011000000
0000000000000111100000001111100000011111110000011111100000111110000011101110000010000100000110001100000111110000000111100
0000000000000000000000000000000010001000001100010001100000111100000000100000000000000000001000000000010000000000011000000
0000000100000000111100000111001000011001111000111110000000011100000000111100000011001100000100011000001111110000001100000
0000000000100000001111000001111100001110010000111001100001111110000000111100000011101100001111111000111111000000000000000
0000000000000000111000000011111000001100010000110001100000010100000000010000000001110000000000100000000001000000001110000
0000000000000000000000000011111100001100011000010001100000111110000000110000000011100000000101100000011010000000111100000
0000000000000000000100000001111100001111110000010001100000100110000000111000000001100000000111100000011110000001111000000
0000000000000000111100000011111000001100100000011110000000001100000000111100000001011000000111100000001111000000011000000
0000000000000011111000001111111100110000011101100000010001111011100000111110000001111100001100001000110000011001100000110
0000000000000000001100000111111000111111100011001100000111111000000011111111000001100110000001111100000001110000000000000
0000000010000011001100001100110000110011100001100110000001111100000000111110000001101100000011011000000111100000000100000
0000000000000000001110000011111100001100111000110001100000110110000000111000000001110000000110100000011011000000111100000
0000000000000000011000000001001000000010110000000111000000001100000000010000000001100000000011000000001110000000001100000
0000001100000001111110000011010000000111100000001110000001110110000110000100001000001100010000011000011111100000011000000
0000000000000011010000001001100000100011000001100110000000111000000000011100000000101100000001101000000001011000000001100
0000000000000000000000000001111000000110011100001001111000011110000001111000000110100000001001000000011110000000000000000
0000000000000000110011000011111110001100110000011011000000011100000000111000000011011000001100110000011111100000011110000
0000000000000000011100000001111100000100001000001001100000011110000000110000000011100000001101000000010010000000111000000
0000000000000001111100000011111000000111100000001111000000110110000011000100000110001100001100010000001111100000010100000
0000011000000011110000001100110000010000110001100011110001111100010011100000100100000001001000001100011111100000000000000
0000000000000011110000001111101000111001111000111111000000011100000000111100000011001100000110011000001101110000011111000
0000000000000001111000000010001000000100010000001001100000011110000001110000000110110000000100100000001101000000000110000
0000000000000000111100000001111100000111111000011111110000111111000011111110000111011100001101110000011111000000111100000
0000000000000000000111000001111000000110000100010000010000110001100000101110000111110000011110000000110000000000000000000
0000000000000000011100000001111000000011110000001111100000001110000001111000000111100000001111000000011110000000011000000
0000011000000011111000000110010000000111100000000110000000111110000011100100000110001000001100011000001111100000000110000
0000000000000001111000000100011000001100100000001111000000001110000000110100000001001000000100010000001100100000001110000
0000000000000000100000000010111000001000010000010000100000110010000000111100000000110000000001100000000111000000000110000
0000110000000111110000001100000000001101100000001110000000011110000001100110000011000110000110001100000111110000000010000
0000000000000011111100001111111000011111110000111111000000111100000000111000000011111000000110110000000111100000001111000
0000000100000000011000000011110000001100100000011011000000111100000000011100000001001100000100011000001111100000001100000
0000000000000000011110000011111100000110110000001011000000011100000000111000000001110000000110100000001111000000011100000
0000000000000000111110000011111100000100011000011001100000011110000000111000000011110000001101100000011111000000111100000
0000000000000000011100000011001000001100010000011001000000011110000000011000000000110000000010100000001011000000011100000
0000000000000000111110001111100110110000111001100111100001111100000001111110000110001110011000011000110011100000111110000
0000000000000001110000001111111000010110111001100000110001001111000011111111000110000010001000000110011000011000011111100
0000000000000000001100000000110100000011011000000101100000001110000000111000000111000000011010000000100100000000110000000
0000000000000000000000000011111100011111111001110111100011111110000011111100000001100100000010001000000100010000001111000
0000000000000001111100000111111100001100011000011011100000011100000000111000000011110000001100100000011111000000111100000
0000001000000001111000000010010000000100100000001011000000011100000000110000000001110000000110100000000111000000000110000
0000000000000001110000001111111000010110111001100000110001001111000011111111000110000010001000000110011000011000011111100
0000000000000011100000011111110001100000111001110011000000111100000001111100000011001100000110000100000011111000000011100
0000000000000001111100000111011000011000110000110011000000111100000000111000000001111000000110110000001111100000011100000
0000000000000000011100000001111100000010111000000111100000011100000001111000000110010000011000110000111011100000011110000
0000001000000000111000000010010000000111100000000110000000001100000000101100000001001000000010010000000111000000000100000
0000000000000001110000000111111000011000010000110001110000111110000000111000000000110000000001110000000011100000000111000
0000000000000000110000000011111000000100010000001001100000010110000000111000000001100000000110000000011100000000011000000
0000000000000000001100000001100100000110000000011000100000100010000001001100000011101000000100010000001000100000100011000
0000000000000000111100000011111110000100011100001111100000001110000000111100000011011000001100100000011111000000111000000
0000000000000011110000001100000100011000010000011011000000011100000000011000000001111000000010010000000110110000000111000
0000000000000001110000000111100100001100011000011011100000111110000001111100000011011000000100110000001011000000011100000
0000010000000001111000000010110000011011000000001110000000011000000000111000000001011000000010110000000111000000000100000
0000000000000001110100000010001100000110011000000111100000001110000000111100000011011000001101110000110110000000110000000
0000000000000000110000000111111000011110110000100001000001100110000001111000000000111100000001001000000010010000000111100
0000000000000000111000000011101000000010100000000110000000001100000000111000000001010000000010100000000111000000001100000
0000001000000000110000000011100000001101100000011001000000011110000000111000000001110000000111100000001111000000001000000
0000000000000011110000000111111000011100111000011001100000111111000000011100000001111000000111110000001111100000001110000
0000000100000000111100000011111000001100111000001111110000011100000001111000000111011000001100110000011111100000011000000
0000000000000001111100001111111100011001111000110011100001111110000001111000000011111000000010011000000111110000000111000
0000000000000000011000000000110000000001100000000011000000001110000000011000000001100000000111000000001110000000001000000
0000000000000000111100000011101100001110000000011010000000111000000001110000000011100000000110100000000111000000001110000
0000000100000000111100000011001000001100010000011111100000011100000000111000000011010000001101100000011100000000010000000
0000000000000001111100000111010000001001110000111111000000111110000011000111000100000110001000001100011011110000011110000
0000000000000000011110000001111000000111000000011100000000110000000001100000000011100000000101110000000111100000000011000
0000001000000001110000000011100000001101100000001111100000011110000000111100000001101100000110011000001111100000000000000
0000000000000000000000000001000000000110111000000101110000011100000001110000000010100000000010000000010100000000011000000
0000000000000011111000001110011000011110110000000111000000011110000000110110000011001100000100011000001101110000011110000
0000000000000000011100000011111000001101110000001111000000011100000000111000000011110000000111100000001111000000001100000
0000000000000011110000001111110000010000110000110001000000111110000000011000000000111000000001011000000010010000000111000
0000000000000000001100000111111100001000000100010000011000100011100000111100000111100000011010000000010100000000011000000
0000000000000000111100000111111100001100011000011000100000111110000000111000000001111000000111110000001111000000011100000
0000011100000001111100000110001100001000011000011001100000000111000000111100000011011000001100011000001111100000001110000
0000000000000011100000001001100000100001100001000010000011101100000000111000000000101100000000101100000001111000000000000
0000000001000000011111000001100100000110011000001111100000011111000011001100001100011000010001100000111110000000110000000
0000000000000011111000000110011000001100101000001100011000001101100000011110000011111000001100110000110011000000111000000
0000000000000000111100000010011000001000010000011001000000011110000000111000000001111000000110010000001000100000011110000
0000000100000000111100000011000100001100110000011111000000011110000000111100000011000100000100010000001111100000001100000
0000000000000001111000001111110000010001000000111010000000011100000000011000000000011000000000110000000011110000000111100
0000000000000001100100000111111000011011100000011100000000011100000001100100000010001100000100011000001100100000001111000
0000000000000001111100000111000000001000000000100000110001000110000011010000000011110000000011111000000111110000000000000
0000000000000001111100000110001100011111011000111010110000111111000000011100000001101100000110011000011011100000111100000
0000000000000000001000000001101000001111010000010000100000100001000001000100000001010000000001100000000110000000001000000
0000000000000000001111000011111110001101001100010001110000111110000001111000000111110000011001100000100110000000111000000
0000000000000000000000000111111000111111111101101100011011111111100011111111100110000011001110011110001111000000000000000
0000000000000000111100000111011000011101110000110011100001111110000000111100000001101100000010011000000111100000001110000
0000000000000001110000000100010000011001100000011010000000011100000000011000000001001000000010010000000101100000001110000
0000000000000001100000000111100000001101000000001110000000001100000000011000000001101000000011010000000010100000000011000
0000000000000000111111000011111110001000111000010011000001101100000011110000000111000000001111000000010011000000111100000
0000001000000000110000000011110000000100110000001111000000111110000001100110000011001100000110010000000111000000000000000
0000000000000001111000000111011000011000010000110001000000111100000000111000000001011000000010011000000100110000001111000
0000000000000000111000000010001000000100010000001001100000001110000000111000000011010000001100100000011001000000001110000
0000000000000011111000001000110000011001000000011110000000001100000000010100000000101000000001001000000010110000000111000
0000000000000000110000000011101000001000010000010001000000010110000000111000000001100000000000100000001001000000001100000
0000000000000000111100000010001100000000011000111000110000110011000000111100000001110000000110100000001111000000011000000
0000000000000000111000000001011000000010010000000011100000000110000000011000000001010000000100100000001010000000011000000
0000000000000000111100000011011000001000110000110011000000111100000000111000000001111000000010011000001101100000001110000
0000000000000011011000001110110000110011100000100010000000111100000000111000000000111000000011011000000111111000000111100
0000000000000000111000000011011000011100110000011111000000011110000000011100000001111000000110100000001111000000011100000
0000001000000000111100000011001000000010010000000111100000011100000001111000000010110000001101100000001110000000001000000
0000000000000000111100000011011000000011100000000110000000011100000001100100000110011000001000100000011110000000011000000
0000001100000000110100000010000000001100110000001011000000011100000000111000000011010000000100100000001111000000001000000
0000000000000000111000000011011000001100100000010011000000111100000000111000000011011000000100110000001111000000011100000
0000000000000011100000001111100000110001010000111111100000011110000000011100000001101100000011011000000110011000001100110
0000000000000000000000000111111100011000000100011100000000001111110000011110000011011000001111100000111100000000000000000
0000000000000001111000000110011000001000110000010001100000110111000000111100000001110000000010110000001101100000011001000
0000000000000000000001000011111110001000001000010001100000100110000001110000000111000000001000000000011000000000011000000
0000000000000001111000000111111000001100111000011011100000111110000000111100000001111000000111110000001111000000011100000
0000000000000001110001000111110110001100111000011111100000111100000001110000000110100000001001100000011111000000111100000
0000010000000001111000000111111000011000110000110011100001111111000001111110000011001110000110111000001111100000000100000
0000000000000001110000001111111000011100110000111011100000111111000000111110000001111100000111111000001111110000001110000
0000000110000000111100000011001000001100011000011011100000111110000000111100000001111000000110010000001111100000001100000
0000000000000001111000000111110000001000100000011001000000010010000000111100000000110000000001110000000011100000000111000
0000000000000001110000000111110000001100100000011001000000011110000000011000000001111000000010010000000100110000000111100
0000011000000011111100001100001100011000011000111011110000011100000001111100000110001100011000001000011111110000001111000
0000000000000000001100000000111100000111010000001101100000110111000001111000000011100000001111000000011110000000011000000
0000001000000000111100000011001000000010010000000111100000011100000001111000000010110000001101100000001110000000001000000
0000000000000000001110000001110100000110010000001001000000011110000000011000000001110000000101000000011110000000111000000
0000000000000011100000001111110000010001100000110110000000111100000000011000000000111000000001011000000011110000000011000
0000000000000001111000000010011000001100110000001011000000011100000000111000000011010000000100100000001001000000001110000
0000000000000001110000000010110000000100000000000100001000001111100011111000001100001000001100010000000111000000000000000
0000000000000000111000000011111000001100011000011000110000111111000000111000000011111000000100110000011011000000011100000
0000000000000000001000000001100000000101000000001100000000011000000000110000000001010000000000100000000001000000000000000
0000000000000000001000000000100010000010011000001111000000011000000001100000000110100000001001000000011110000000000000000
0000000000000001111000000011011000000100001000001001100000011110000000111000000001110000000010100000000111000000001100000
0000000000000000000000011111110001100000110001111011000000011100000000100110000001000110000011000100000001111000000000000
0000000000000000110000000010110000000100010000011000100000010010000000011000000001010000000100100000001001000000001100000
0000001000000000111000000011010000000100010000001100000000001111000001111100000010001000000100110000001111000000000100000
0000000000000000110000000111101100001100011000011011100000111110000000111000000001110000000010110000000111100000001110000
0000000000000001111000001111110000011001000000011110000000011000000000111100000011011000000110011000000110110000000111000
0000000000000000110000000011010000000101100000001011000000011100000000110000000011110000000101100000001111000000001110000
0000000100000000001100001111011000011000110000011001000000011100000000111100000010001000001100010000001111100000000100000
0000000000000001111100000011111100000100011000001011100000011100000001111000000110011000001000010000011111100000001111000
0000000000000001111000000000001000001000010000011001000000010110000000110000000011100000000101000000000111000000000110000
0000000000001111100000111111111100100000110000111111000000011100000000111110000001100110000011000100000011111000000011110
0000000000000011111110001100000100011000011000011111000000001110000000100110000010000100001100001100011000010000011111000
0000000000000001100000000111100000001001000000011110000000011100000000011100000000101100000011011000000011110000000111000
0000000100000000111110000011101100000110011000001101110000011111000001111000000111100000011011000000111110000000010000000
0000000000000000000000000011100110001111001000010000110000110111000000111000000011110000001100100000011111000000000000000
0000000000000000111000000111000010001000001000110000100000100110000001111000000001100000000111100000001101000000001110000
0000000000000000001000000001111110000111011000001001100000011110000000110000000111110000001000100000100011000001111000000
0000000000000000111100000011111100001100011000001100100000011111000000011100000011101000001110010000111000000001111100000
0000000000000011111000000110010000011000110000110001100001100011000001111110000011111110000110001100011000011000010000000
0000000000000000000100000011101000001000110000011011000000011100000000111000000001010000000100100000001011000000001000000
0000001000000001111100000111101100011000001000100111110001111111110011110011101100000011011000011100011111110000011100000
0000000000000000000011000001001110001111111000111111100001101110000001111000000001111000000010110000000111100000001110000
0000000000000011000000011111110000110001100000010010000000011100000000011000000000111000000000111000000001010000000011110
0000000000000001111110000111111100001110110000001101000000011100000000111000000001110000000111100000011111000000011100000
0000000000000000011110000011000100001000001000010001100000110110000000110000000011100000001001100000011011000000011100000
0000000001000000011110000111101100001100110000011111100000001111000000110011000111000110011000111000111111100000010000000
0000000000000000111100000001111000000011110000000111000000001110000000111000000011110000000111100000001110000000000000000
0000000000000001110000000111110000000111000000001000000000011000000000110000000001110000000001100000000011100000000011000
0000000000000000011100000011001100001100010000110001000000111100000000110000000001110000000100100000001001000000011110000
0000000000000001111100000110001100001100001000001011110000011110000011111000001100010000010000100000110011000000111100000
0000000000000011110000001111100000011100110000011111000000011110000000111100000011011000000110010000001101100000001110000
0000000000000000011100000001111100000101100000001110000000011100000000111100000011001000000100110000010111000000111000000
0000000000000000000000000111111000011100111100111001100000111110000000111000000001110000000111100000011110000000111000000
