0000000000000000000000011111100000000001100000000001000000000110000000001000000011111000000000100000000001000000000100000
0000000000000000011000000011110000001001000000000010000000000100000000001000000000111000000111000000000010000000000100000
0000000000000000000000000111100000010001000000100001000001000010000010000100000000001000000000010000000000100000000001000
0000000000000000000000000111111000001110111000111001110001100111000011001100000001110000000011100000001110000000011000000
0000000000000000000000000000111000111111100000000001000000000110000000001000000000010000000001100000000011000000000110000
0000000000000000000000000011111000001000010000010001100000000010000000001100000000010000000001100000000110000000001100000
0000000000000000000000001100110000111111110000000001100000000011000000001100000000011000000001100000000110000000001100000
0000000000000000000000001111111000011111110000110011000000100110000000111100000001111100000000110000000001100000000011000
0000000000000000000000001111110000011111110000000000100000000011000000001100000000111000000001100000000111000000001100000
0000000000000000000000000111111000011111111000000001100000000111000000011100000001110000000011000000001100000000110000000
0000000000000000000000000000000001000000000011111111110000011111000000000110000000001100000000010000000001100000000000000
0000000000000000000000000011110000011110100000000011000000000110000001111000000000110000000001000000000110000000001100000
0000000000000000000000001111000000000111000000000010000000000110000000001100000000011000000000110000000001000000000110000
0000000000000000011100001111111000000001110000000011100000001110000000111100000001110000000111000000011100000000111000000
0000000000000000000000000001110001111111100000000011000000000110000000001100000000011000000000110000000001100000000011000
0000000000000000000000001000000000011111111000110000010001100001100011000010000010001100000000011000000000110000000001000
0000000000000000000000000000000001111111110001111001100000000011000000111111000011111110000000010000000001100000000011000
0000000000000000000000000011111000011000001000000000100000000011000000000100000000010000000001000000000100000000011000000
0000000000000000000000001111111101111111111000000000110000000011000000001100000000110000000001100000000110000000011000000
0000000000000000000000011111100000000001100000000001000000000011000000011111000000011000000000100000000001000000000010000
0000000000000010000000000111111000001111110000000001100000000110000000011100000001110000000011100000001100000000110000000
0000000000000000000000000000000001000111111011111111110000000011000000001100000000110000000011000000001100000000011000000
0000000000000000000000000100000000001011100000001001000000000010000000000100000000010000000000100000000001000000000100000
0000000000000000000000000000000001111111111000000001100000000011000000000110000000001000000000110000000001000000000010000
0000000000000000000000000000000001111110000000000111100000000001000000000110000000011000000000100000000001100000000001000
0000000000000000000000000111000000001111110000010001000000100110000000001000000000010000000000100000000001000000000010000
0000000000000000000000011111111000000000010000000001100000000010000000001100000000010000000001100000000110000000001100000
0000000000000000000000000000000000000000000000111100000000001111000001110000000000100000000001000000000000000000000000000
0000000000000000000000000111110000000111110000000011100000000110000000011100000000110000000011000000001100000000011000000
0000000000000000000000001111110000001111100000010001000000000110000000001100000000110000000011100000000110000000011000000
0000000000000000000000011110000000001111000000000111100000000011000000000010000000001100000000110000000011100000000110000
0000000000000000000000000001110000011111110011110000100110000001000000000110000000001100000000010000000001100000000010000
0000000000000110000000001111111000001111110000000001100000000110000000001100000000110000000001100000000110000000011100000
0000000000000000010000000011110000001000100000000001000000000110000000001000000000010000000001000000000010000000001100000
0000000000000000000000000111110000001000010000000001100000000010000000001100000000010000000001000000000110000000001000000
0000000000000000000000000111111000011111110000000001100000000011000000001100000000011000000001100000000111000000001100000
0000000000000000000000000110000000001111110000011001100000100010000011001100000000010000000000100000000011000000000110000
0000000000000010000000001100000000011111100000110001100001100011000010000110000000001100000000010000000000100000000011000
0000000000000000000000000000111100001110010000110001100000000110000000001000000000110000000001000000000110000000011000000
0000000000000000000000001111110000010001111000000000110000000011000000001100000000110000000001000000000100000000011000000
0000000000000000000000000011111100011111111000000001100000000110000000011000000000110000000011000000000110000000011100000
0000000000000000000000000011001100001111110000010001100001100110000000001000000000110000000001000000000110000000011000000
0000000000000000000000000001111100011110111000100001100000000110000000001100000000110000000011000000001100000000110000000
0000000000000000000000000111110000001001100000000011000000000100000000001000000000110000000001000000000110000000001000000
0000000000001000000000111111110000111111111000011111110000000011100000001111000000111100000011110000001111000000011100000
0000000000000000000000000001111000001111110000010001100000000110000000001000000000110000000001000000000110000000001000000
0000000000000000000000000111110000001111110000000011000000000110000000011000000001100000000011000000001100000000011000000
0000000000000000000000000100100000000000100000000001000000000100000001111100000000010000000000000000000010000000000100000
0000000000000000000000011111100000001000100000000000100000000010000000000100000000011000000000100000000001000000000110000
0000000000000000000000100011100001111111000000100011000000000110000000000100000000001100000000011000000000110000000001100
0000000000000000000000000001111100000111010000011001100000100110000000001000000000110000000011000000000100000000010000000
0000000000000000000000000011100000001101100000010001000000100010000011000100000000001000000000010000000000100000000001000
0000000000000000000000011111110000111111110000000001100000000011000000001110000000011000000001110000000011000000000110000
0000000000000000000000000001100000000111100000011111000000000100000000011000000000110000000001000000000110000000001000000
0000000000000000100000000001101000000111100000001011000000000100000000011000000000100000000011000000000100000000010000000
0000000000000000000000000011110000111111110000000001100000000010000000001100000000010000000000100000000011000000000110000
0000000000000011100000011111110000110000110000000001100000000011000000001110000000011000000011100000001110000000011100000
0000000000000000000000000111111000111110110000000001100000000110000000001100000000010000000001100000000011000000000110000
0000000000000000000000000011111000001100010000110000100001100011000010000100000000001000000000010000000001100000000011000
0000000000000000000000001100000000011111100000001001000000000010000000001100000000011000000001100000000011000000000110000
0000000000000000000000000001110000111111100001111111000000001110000000011100000000111000000001110000000011100000000111000
0000000000000000010000000001110000000000110000000001000000000110000000011000000001100000000110000000010000000001100000000
0000000000000000000000000000011101111111110000000001100000000010000000001100000000110000000001100000000110000000011000000
0000000000000000000000010111000000111011110001100000100001000001000010000110000000001000000000010000000001100000000011000
0000000000000000000000000011101000001111111000011001100001100010000000001100000000010000000001100000000110000000001100000
0000000000000000000000000000111100001111011001111000100011000010000000001100000000110000000001000000000110000000001000000
0000000000000000000000001111111000010000110000000001000000000110000000011000000000100000000011000000001100000000010000000
0000000000000000000000111111111000000000110000000001100000000110000000001100000000110000000001100000000010000000001100000
0000000000000000000000000111111000001101111000000000100000000010000000001000000000110000000011000000001100000000010000000
0000000000000000000000000011110000000000100000000010000000000100000000010000000000100000000010000000000100000000010000000
0000000000000000000000000000000000000000000011111111100111111111100000000111000000111000000001100000000000000000000000000
0000000000000000000000000000111100111111111001111001100000000111000000011100000000110000000011000000001100000000011000000
0000000000000000000000001111110000111111111000000001110000000111000000011100000000111000000011100000001110000000011000000
0000000000000000000000001111111000000100110000000011000000000100000000001000000000100000000001000000000010000000000100000
0000000000000000000000000011100000001001000000000001000001000010000010001100000000010000000000100000000001000000000010000
0000000000000000100000000111110000011100110000110001000000000110000000001100000000110000000001100000000110000000001100000
0000000000000000000000000011111000001111110000011001100000100010000000001100000000110000000001100000000110000000001100000
0000000000000000000000000000001100000111111000011011100001100110000000011000000001100000000010000000001100000000110000000
0000000000000000000000011111111000011111110000000011000000000110000000011000000000110000000001100000000110000000001100000
0000000000000000000000001100000000111111110001111111110001111111100001000110000000001100000000110000000011100000000110000
0000000000000000000000000001111100001111111000111111110001100111000010011100000000110000000011100000001110000000011100000
0000000000000000000000000110011000001111110000111101100001000011000000001100000000110000000011000000000110000000011000000
0000000000000000000000000111000000010001000001000001110010000001000000000110000000001000000000100000000001000000000110000
0000000000000000000000001111000000011111000000011111000000000110000000001100000000111000000001100000000011000000000110000
0000000000000000000000000001110000000111110000011101100001100010000000000100000000011000000000100000000001000000000110000
0000000000000000000000000111110000010000100000000010000000000100000000001000000000100000000001000000000010000000001000000
0000000000000000000000000001111100011111110000000001100000000110000000001000000000110000000011000000000100000000011000000
0000000000000000000000000001110000011111100001110001000000000110000000001000000000010000000001100000000011000000000100000
0000000000000000000010000000011100011111110000000001100000000011000111111110000000111000000001100000000011000000000110000
0000000000000000110000000011111000000100010000011001100000100010000000001100000000110000000001000000000100000000011000000
0000000000000000001000000001111000001100110000110001000000000110000000001100000000110000000011000000000100000000010000000
0000000000000110000000000011000000000001000000000001000000000010000000000100000000001000000000100000000001000000000100000
0000000000000000000000011101111000111111111100000000110000000011000000011100000000110000000011000000001100000000011000000
0000000000000000000000001111111000010000110000010001000000000010000000001100000000010000000000100000000010000000000100000
0000000000000000000000000111111000000000110000000001100000000110000000011000000001100000000110000000001100000000110000000
0000000000000000000000001111111000111110110000000001100000000011000000001100000000011000000001100000000010000000001100000
0000000000000000000000010001000001111111000000000110000000000110000000001100000000011000000000110000000001100000000011000
0000000000000000000000000011110001111111110001000000100000000011000000000110000000011000000000110000000011000000000100000
0000000000000000000100001111111000001111110000000001000000000011000001111111000111111110001100100000000011000000000110000
0000000000000000000000000010001000001111110000110000100001000011000110000110000000001000000000010000000000100000000011000
0000000000000011110000001111110000000001100000000010000000001100000001111110000001111100000011000000000110000000011100000
0000000000000000000000000111110001111111111000000001110000000111000000001100000000110000000111000000001100000000110000000
0000000000000010000000001110000000011111100000001111000000000110000001111111100111111110000000010000000000100000000001000
0000000000000010001000001111110000010000110001000001100010000010000000000100000000001000000000110000000001100000000011000
0000000000000000000000000011111100111111111011100001100100000011000000001100000000011000000001100000000110000000001100000
0000000000000000000000000001111100000111111000011001100000000110000000001100000000110000000011000000001100000000110000000
0000000000000000000000000111000000011011110000000001100000000110000000001100000000110000000001100000000110000000001100000
0000000000000000000000001111111100011111111000000001110000000011000000001110000000111000000011100000001110000000111000000
0000000000000000000000001110000000010111000000000011000000000110000000111110000000111000000000100000000001000000000010000
0000000000000000000000000000011000001111110001111001100000000010000000001000000000110000000001000000000110000000001000000
0000000000000000000000000001111000000110110000011001100001000010000000001100000000110000000001000000000100000000001000000
0000000000000000000000001111110000011111100000000001000000000110000000001100000000011000000001100000000011000000000110000
0000000000000000000000000011111000011111110000000001100000000110000000001100000000110000000001100000000110000000011000000
0000000000000000000000000000111100001111111011110001100000000010000000001100000000011000000001100000000010000000001100000
0000000000000000000000000011111000011111110001110001100010000110000000001100000000011000000001100000000011000000000110000
0000000000000000000000001111100000010011110000000001000000000110000000011000000000100000000011000000000100000000011000000
0000000000000000000000011111000000000001000000000010000000001000110000111110000011100000000001000000000010000000000100000
0000000000000000100000000011110000001111111000011100110001100011000000001100000000110000000011000000001110000000110000000
0000000000000000000100000111111000000000110000000011000000001100000000011000000001100000000110000000001100000000110000000
0000000000000000000000011000000000110000010001111001100110111111000001111111000111111100000000001000000000010000000000100
0000000000000010000000001111110000011111110000111111100000001110000000011100000000111000000011100000000111000000001110000
0000000000000000000000000001110001111111110011100001100000000011000000000110000000001100000000011000000000110000000001100
0000000000000010000000001111100000010001100000000011000000000110000000001100000000110000000001000000000110000000001000000
0000000000000000000000000011000000001111110000011001100001100110000000001000000000110000000011000000001100000000010000000
0000000000000001100000000111110000011100110000110001100000000011000000000110000000011000000001110000000011000000001110000
0000000000000000000000011110000000111111110000000000100000000001000000111111000000011000000000110000000001000000000110000
0000000000000000000000000000110000011111110011000001100000000010000000001100000000010000000000100000000010000000000100000
0000000000000000000000000000110000011111100000111111000000000110000000001100000000011000000000110000000001100000000011000
0000000000000000000000000111110000001111100000111011100001110111000001001100000000011000000001110000000011000000000110000
0000000000000000000000000001111000011111110001111111100000000010000000001100000000011000000000110000000001000000000110000
0000000000000001000000000001100000000001000000000010000000000100000000010000000000100000000011000000000100000000001000000
0000000000000000000000000011111100001110110000000001000000000100000000011000000001100000000110000000001000000000110000000
0000000000000011100000000000011000000000100000000011000000000100000000011000000000100000000011000000000100000000011000000
0000000000000000000000000001110000001111100000010011000000000100000000001000000000100000000001000000000110000000001000000
0000000000000000000000000111111000001100010000110001100001000010000000000100000000011000000000100000000011000000001100000
0000000000000000000000000111111000111110010000000001100000000010000000001100000000010000000001100000000010000000000100000
0000000000000000000000011111110000111111100000000011100000000111000000001100000000011000000001110000000011000000001110000
0000000000000000000000001111100000000001000000000010000000011110000001101000000000010000000000100000000001000000000010000
0000000000000000000000001111110000011111100000000011000000000110000000001000000000110000000001000000000110000000011000000
0000000000000000000000011110001000111111110000000011000000000110000000001000000000110000000001100000000011000000000110000
0000000000000000000000000000000001111111111010000000100000000001000000000010000000001100000000011000000000100000000011000
0000000000000000000000000000110000001111100000111011000001100110000000001100000000010000000001100000000011000000000100000
0000000000000010000000001110000000011111100000001111000000000110000001111111100111111110000000010000000000100000000001000
0000000000000000000000001100000000010111100000100001000001000010000010000100000000001000000000010000000000100000000001000
0000000000000000100000000110110000010000010000000000100000000010000000000100000000010000000001000000000100000000011000000
0000000000000000000000001000000000011000010000100111100001000001000010000010000000000100000000001000000000010000000000100
0000000000000000100000000011100000001101000000011011000000110110000000001100000000010000000001100000000011000000000110000
0000000000000000010000000010100000001000100000100001000000000010000000001000000000111000000001000000000010000000000100000
0000000000000000000000000000110001111111110001000001100000000011000000000110000000001100000000010000000001100000000011000
0000000000000011110000000000100000000001000000000010000000000101000011111100000000010000000001100000000010000000000100000
0000000000000000000000000111110000011000100000100001000000000010000000001100000000010000000001100000000010000000001100000
0000000000000000000000101111111001111111111011100000110011000001100010000010000100001100000000011000000001100000000011000
0000000000000000000000000011111100011110011000110001100000000011000000001100000000110000000001100000000110000000011000000
0000000000000000000000011111110001000001100000000011000000000110000000001100000000011000000000100000000001000000000010000
0000000000000000000000000000000000011111100011110001100000000001000000000010000000001100000000011000000000110000000001000
0000000000000000000000000111100000001111100000010001000000100010000000000100000000001000000000010000000001100000000011000
0000000000000000000000000011111100011110110000000001100000000010000000001100000000110000000001000000000100000000011000000
0000000000000000000000000000011100111111111101110000011000000001100000000110000000111000000011000000001100000000110000000
0000000000000000000000000111111000011000110000000001000000000110000000001000000000110000000011000000000100000000011000000
0000000000000000001000000011110000000000100000000010000000111111000000010000000001100000000010000000000100000000011000000
0000000000000000000000001111111000000110110000000001000000000110000000011000000001100000000010000000001100000000010000000
0000000000000000000000000000001100011111111001111111100111000011001100001100000000011000000001110000000011000000001110000
0000000000000001000000000110110000000001100000000010000000000100000000001000000000100000000001000000000010000000000100000
0000000000000000000000011111100000111111110000111111100000000011000000001110000000111000000001100000000111000000001100000
0000000000000000000000000001111000011110110000000001000000000110000000001000000000110000000001000000000110000000011000000
0000000000000100000000011111110000000000100000000011000000000110000000111111000011110000000001000000000110000000001100000
0000000000000000000000000000000000111111111101111111110000000011100000001100000001110000000111000000011100000001100000000
0000000000000000000000000011111000000110010000011000100000000010000000001100000000110000000011100000000110000000011000000
0000000000000000000000000111111000000111111000000001100000000110000000001000000000110000000011000000001100000000010000000
0000000000000000000000000000000001111111000000000110000000001111100001111110000000111000000001110000000001100000000011000
0000000000000000000000111111000000100011100000000000100000000001100000000010000000001000000000110000000011000000001100000
0000000000001000000000011111000000001111000000000011000000000010000000000100000000011000000000110000000011000000000110000
0000000000000000000000000111111100011110111100110000110001000011000000001100000000110000000011000000001100000000110000000
0000000000000000000000000000011000000011100001111111000000000110000000011100000000110000000001100000000011000000000110000
0000000000000000000000001111100000111111110000000001100000000011000000000110000000011000000001100000000011000000001100000
0000000000000000000000001111111000000111110000000001100000000010000000001000000000100000000010000000001100000000110000000
0000000000000000000000000000010000011111100000000010000000001111100000111000000000110000000001100000000011000000000110000
0000000000000001000000000111111000001111110000000011100000000111000000001100000000110000000011100000000110000000011100000
0000000000000011100000000001110000000000110000000000100000000011000000001100000000110000000111000000001000000000100000000
0000000000000001000000000111111000001100110000010001100000000111000000001100000000110000000011000000001110000000011000000
0000000000000000000000001111110000001111100000000011000000000110000000011000000000110000000001000000000110000000011000000
0000000000000000000000000111111000001111111000111011110001100111000000011100000001110000000011000000001110000000011000000
0000000000000000000000000111111000110000110010000001100000000011000000000110000000001000000000010000000001100000000010000
0000000000000000000000000001111000011111110000000001000000000110000000011000000000110000000001000000000010000000000100000
0000000000000000000000011111000000000001000000000010000000001000110000111110000011100000000001000000000010000000000100000
0000000000000000000000001111100000001111110000000011100000000110000000001000000000110000000011000000000110000000011000000
0000000000000000000000000111111100011111111001100001100010000011000000001100000000110000000001100000000110000000001100000
0000000000000111100000001001100000000001100000000001000000001111100001111100000000001000000000110000000001000000000110000
0000000000000000000000000001111100000111111000111001100001100110000000001100000000110000000011000000001100000000110000000
0000000000000000000000000001101000000111110000011001100000000110000000001000000000110000000001000000000110000000001100000
0000000000000000000000000110111000000000010000000000100000000010000000001000000000110000000011000000001100000000110000000
0000000000000001000000000011110000000000010000000001100000000010000000001000000000110000000011000000000100000000011000000
0000000000000000000000000111111000011111110000000001000000000110000000001100000000010000000001100000000011000000001100000
0000000000000001100000001111110000000000100000000001000000000110000000001000000000110000000011000000000100000000011000000
0000000000000000000000001100000000111111110001111111110001111111100001000110000000001100000000110000000011100000000110000
0000000000000000000000001111110000001111100000000011000000000110000000001100000000110000000001100000000010000000001100000
0000000000000000000000000110000000001011100000010001000000110010000001100100000000010000000000100000000001000000000010000
0000000000000000000000000000001000001111110000010001000000100010000011001100000000010000000000100000000011000000000100000
0000000000000000000000001111100000110011100000000011000000000110000000001100000011111000000000111000000000110000000001100
0000000000000000001000000111111000111111110000000011000000001110000000011000000001110000000011000000000111000000011100000
0000000000000000000000000011111100000110110000000011000000000110000000011000000001100000000010000000001100000000110000000
0000000000000000000000001111111000111111111001111111110001100111000000001110000000111100000001110000000111100000001111000
0000000000000000000000000111111000111111100000000011000000000110000000001000000000110000000001100000000011000000001100000
0000000000000000000000000111111000011011111000110000110000000011000000000110000000011000000001100000000111000000001100000
0000000000000000000000000011110000011100100001100001100000000010000000000100000000011000000000100000000001000000000010000
0000000000000000000000000111110000111110110000100001100000000010000000000100000000011000000000110000000001100000000010000
0000000000000010000000000111110000001000100000010001000000000010000000001000000000010000000011110000000001000000000110000
0000000000000000000000000111111000111110010000000001100000000010000000001100000000010000000001100000000010000000000100000
0000000000000000011000011111111000110000110000000001100000000111000001111100000111111000000001100000000110000000001100000
0000000000000011100000001111111000000000010000000000100000000011000000001100000000010000000001000000000110000000011000000
0000000000000000000000000010011000000110100000011001000000100110000000001000000000010000000001100000000010000000000100000
0000000000000000000000000111110000000111100000000011000000000100000000011000000000110000000011000000000110000000001000000
0000000000000000000000000001100000000100111000010000100001000010000000001000000000100000000010000000000100000000010000000
0000000000000000000000000001111100001100011000110001100000000110000000011000000001100000000010000000001100000000110000000
0000000000000000100000001110100000000001000000000010000000000100000000011111000011110000000001000000000010000000000100000
0000000000000011110000000111100000000011000000000110000000001100000000111000000001110000000011100000000111000000000110000
0000000000000000000000000111000000111011000000000010000000000110000000000100000000011000000000110000000001000000000110000
0000000000000011000000001111100000011111100000001111100000000110000000011100000000111000000011100000000111000000001110000
0000000000000000000000000011111100001110011000000000100000000011000000001100000000110000000011000000001100000000110000000
0000000000000111110000000000110000000001100000000001000000000010000011001100000111111000000000110000000001100000000010000
0000000000000000011100000111101000000000010000000001000000110110000001111110000000110000000011000000000100000000011000000
0000000000000000000000000111110000111000100000000001000000000110000000001000000000010000000000100000000001000000000011000
0000000000000000000000000111100000001000100000000001000000000010000000001100000000010000000001100000000010000000001000000
0000000000000000001000000011110000001111100000111011000000000110000000011000000000110000000001000000000110000000001100000
0000000000000000000000000000111000001111110000110000100011000011000000000100000000001000000000110000000001000000000110000
0000000000000000000000000011110000001000100000010001000000100110000000001000000000110000000001100000000010000000001100000
0000000000000000000000001111110000000001100000000010000000000100000000011000000000100000000001000000000110000000001110000
0000000000000000000000000000011100001111110001111001100000000110000000001100000000110000000001100000000110000000001000000
0000000000000000000000000001110000011111100000111101000001000010000000001100000000011000000000110000000011000000000110000
0000000000000000011100011111111100111100011000000000110000000011100000001110000000111000000111100000111100000011110000000
0000000000000011110000001111110000000001100000000010000000001100000001111110000001111100000011000000000110000000011100000
0000000000000000000000001111000000011111000000011111000000000110000000001100000000111000000001100000000011000000000110000
0000000000000000000000000000110000111111110000111001100000000010000000000100000000011000000000110000000001000000000110000
0000000000000000000000011111111100111111111000000000110000000011000000001100000000111000000001100000000110000000011000000
0000000000000000000000001111111100111111111101111000111000000011100000001110000000111000000011100000001110000000011000000
0000000000000000000000011101110000111111110001111111100000000011000000000110000000011000000000110000000011000000000110000
0000000000000000000000000000000000011111110000000001100000000010000000000100000000010000000000100000000010000000000100000
0000000000000000000000000111110000111111100000000001000000000010000000000100000000001000000000010000000000100000000001000
0000000000000000000000000111111000001111111000010001100000000111000000011100000001110000000011000000001110000000011000000
0000000000000000000000000111111000011111110000010011100000000111000000011100000000110000000011000000001110000000011000000
0000000000000000100000001111100000010001100000000011000000000110000001111110000011111100000001100000000010000000000100000
0000000000000000000000000111100000111111100011000001000000000010000000001100000000011000000000110000000001100000000011000
0000000000000000000000001111100001110001100010000011000000000110000000001100000000011000000000110000000001100000000010000
0000000000000000000000000001111000111111111001110001100000000111000000001100000000110000000011000000000110000000011100000
0000000000000000110000011111100000100001000000000010000000001111000000111111000001110000000001100000000011000000001100000
0000000000000000000000001000100000111111110000000001100000000010000000001100000000010000000000100000000010000000000100000
0000000000000000110000000111110000000000110000000011000000000110000000001100000000110000000001100000000110000000011100000
0000000000000000000000000011100000000101100000010001000000000110000000001000000000110000000001000000000110000000001000000
0000000000000000000000000111100000001111100000000011000000000110000000001100000000010000000001100000000011000000000110000
0000000000000010000000000111000000001011000000100010000000000111000000011100000000010000000000100000000010000000000100000
0000000000000000001000001111110000000011000000000110000000111100000001111111000000110000000001000000000010000000000100000
0000000000000000000000011000000000011111100000000001000000000010000000000100000000001000000000010000000000100000000001100
0000000000000011000000000111000000001111111000110001110001100011000010001110000000111110000001100000000011000000000100000
0000000000000000000000000000110000000011100000011110000000000100000000001000000000010000000001100000000011000000000100000
0000000000000000000000111110000000111111110000000011100000000011000000001100000000011000000000110000000001100000000010000
0000000000000000000100000011111100111100011000000000100000000011000000001100000000110000000011000000001110000000111000000
0000000000000000000000000000111100111111111001110000010111000001100100000110000000001100000000111000000011100000000110000
0000000000000001010000000111110000000111100000000011100000000110000000011100000000110000000011100000000110000000001100000
0000000000000000000000000001100000000110010000011111100000100010000010001100000000010000000000100000000011000000000100000
0000000000000000000000000111111000001111110000000001100000000010000000001100000000010000000001100000000110000000001000000
0000000000000000000000000111011100011011110000000001100000000110000000001000000000110000000001000000000110000000001000000
0000000000000000001000000001111000001111010000110001100000000111000000001100000000110000000011000000001110000000111000000
0000000000000000000000010000000000011001100000111111000001000010000000000100000000001000000000010000000000000000000001000
0000000000000000000000000100001110011111111001100011100000000110000000011000000000110000000011000000001110000000010000000
0000000000000000000000011111000000111111111000000111110000000111000000011100000001111000000011100000001110000000011000000
0000000000000000000100000111111000000110110000000001000000000100000000011000000001100000000010000000001100000000110000000
0000000000000000000000000011111000001111110000011101100000000110000000011100000000110000000011000000001100000000111000000
0000000000000000000000010000000000111111110000000001100000000010000000001100000000011000000000100000000011000000000110000
0000000000000000000000000011000000001111110000000001000000000010000000001000000000010000000001000000000010000000001000000
0000000000000000000000000111111000011111110000111001100001000011000000000110000000011000000001100000000111000000011100000
0000000000000000000000000111111000011111110000100001000000000110000000001100000000110000000001000000000110000000001000000
0000000000000000000010000011011110001111111100111110110011110011100110001110000000111000000011100000001100000000111000000
0000000000000000000000001111111000111111111000000001100000000111000000001100000000110000000011100000000110000000001100000
0000000000000000000000001111110000011111110000010011100000000111000000001100000000111000000011100000000111000000011100000
0000000000000000000000000001111100001111111000111100110011100011000000000100000000011000000001100000000110000000011000000
0000000000000000000000000111111100001111111000010001100000000011000000001100000000110000000011000000001100000000110000000
0000000000000000000000001111111000011111110000000001000000000110000000001100000000110000000001100000000110000000001100000
0000000000000000000000011000000000011111110000000001100000000011000000001100000000010000000001100000000110000000001000000
0000000000000000000000000000110000011111100000100011000000000100000000001000000000110000000001000000000010000000000100000
0000000000000000000000011111110000011111100000000011000000001100000000011000000000110000000001100000000011000000000011000
0000000000000000000000000001111100001110011000110001100001000010000000001000000000110000000011000000000100000000011000000
0000000000000000000000000010000100001111111000110000100001100011000110001100000000110000000001000000000110000000011000000
0000000000000110000000000111000000000011000000000001000000000010000000001100000000011000000001100000000011000000000100000
0000000000000000000000011111111000011111111000000001100000000110000000011000000000110000000011000000001100000000111000000
0000000000000000000000001111100000001111110000000011100000000110000000001000000000110000000011000000000110000000011000000
0000000000000000000000000000000000001111110000111000100000000011000000001100000000110000000010000000001100000000000000000
0000000000000000000000000111110000000000010000000001000000000100000000001000000000100000000001000000000100000000001000000
0000000000000000000000000000000000001111110011110000001010000000100100000000000000000100000000010000000001000000000100000
0000000000000000000000000000001000000111110000010001000000000110000000001000000000110000000001000000000110000000001000000
0000000000000000000000000000001000011111110001111110100000000011000000000110000000001000000000110000000001100000000011000
0000000000000000000000000011111100001111111000111001100011100011000110001100000000010000000001100000000110000000011000000
0000000000000000000000001111110000011111100000000001100000000010000000001100000000011000000001100000000011000000001110000
0000000000000000000000000011100000001111100000011011000000100110000000001100000000010000000000100000000011000000000100000
0000000000000011100000011111110000110000110000000001100000000011000000001110000000011000000011100000001110000000011100000
0000000000000000000000000001111000001111110000011001000000000110000000001000000000110000000001100000000110000000001100000
0000000000000000000000000100000000001111111000010001110000000110000000011000000000110000000001000000000110000000001100000
0000000000000000000000001111100000000001000000000010000000000100000011111110000000010000000000100000000001000000000010000
0000000000000000000000001111110000011111110000000001100000000011000000001110000000111000000011100000000110000000011100000
0000000000000000000000000000110000011111100000100011000001000110000000001000000000010000000000100000000001000000000110000
0000000000000000000000001111101100000111111000000000110000000011000000001100000000100000000010000000001100000000110000000
0000000000000000000000000000000001111111110010000000100000000001000000000010000000000100000000011000000000110000000000100
0000000000000000000010000001111100000100110000010001000000000110000000011000000000100000000011000000001110000000011000000
0000000000000000000000000011100000011101100000110001000000000010000000000100000000011000000000110000000001000000000010000
0000000000000000000000001111111000110000110000000001100000000010000000001100000000011000000001100000000011000000001100000
0000000000000000000000000111100000001001100000010001000000100010000001000100000000001000000000010000000000100000000001000
0000000000000000011000000001111000001111110000111001100011100110001100001100000000011000000001100000000011000000000110000
0000000000000000000000011111111000111111110000000001100000000011000000000110000000011000000000110000000011000000000110000
0000000000000000000000000011000100000000010000000001000000000100000000010000000001000000000100000000010000000001000000000
0000000000000000000000000000011100001111110000110001000000000110000000001000000000110000000001000000000100000000011000000
0000000000000000000000000111110000110000100000000001000000000100000000001000000000010000000001000000000010000000000100000
0000000000000000011100000011011100001100001000010000100000000011000000001100000000110000000011000000001100000000110000000
0000000000000000000000000011111110000111111100001101110000000111000000011100000001110000000111000000111000000001100000000
0000000000000000000000011111110000100000100000000001000000000010000000001100000000010000000000100000000011000000000110000
0000000000000000000000000000011100111111111011110000110000000011000000001110000000111000000001100000000110000000011000000
0000000000000000000000011111111000111111110000000001100000000111000000001100000000011000000001110000000011000000000110000
0000000000000000000000011101000000111111110000110011000001101111000000111111000000111100000000110000000001100000000011000
0000000000000011100000011111110000000001100000000011000000000110000000001111100000111000000001100000000011000000000110000
0000000000000000000000000011001000001111110000010001100001100010000010001100000000010000000001100000000010000000001000000
0000000000000000001000111111111000111111110000000001100000000111100011111110000111111000000000110000000011100000000110000
0000000000000000000000000110001000001111110000010001000001000110000010001000000000010000000001100000000010000000001100000
0000000000000000000000000010001100001111111000011111100001100110000000001000000000010000000001000000000110000000011000000
0000000000000000000000000111110000000111110000000011000000001110000000011000000000110000000001000000000110000000001100000
0000000000000000000000000111110000011111110000000011000000000110000000011000000000110000000001100000000011000000000110000
0000000000000000000000000000000000111111100000000001000000111111100000001000000000010000000001000000000010000000000100000
0000000000000000000000000011111100001111111000000001100000000110000000011000000001100000000011000000001100000000110000000
0000000000000000000000001111111000011111110000000001100000000011000000001100000000011000000001100000000110000000011100000
0000000000000000000000000111111000001111111000111011110001100111000000011100000001110000000011000000001110000000011000000
0000000000000000000000000111100000000000100000000011000000000110000000011000000001100000000011000000000100000000010000000
0000000000000000001000000011110000001100100000000011000000000100000000011000000000100000000010000000000100000000010000000
0000000000000000000000000000000110001000011101111111110011111111000110000110000000011000000000110000000011000000001100000
0000000000000000000000000011100000011101100000000001000000000010000000000100000000001000000000110000000001100000000011100
0000000000000000000010000000111101111111110000000001100000000011000000111110000111111000001100100000000011000000000110000
0000000000000000000000000001110000001110100000000011000000000100000000011000000000100000000011000000000100000000011000000
0000000000000000000000011111110000111111100000000011100000000111000000001100000000011000000001110000000011000000001110000
0000000000000100000000001111111000000000010000000001100000000110000000001000000000110000000011000000001100000000110000000
0000000000000000000000010000000000011111000000000011000000000100000000011000000000111110000001000000000100000000000000000
0000000000000000000000000111000000011011110001100000110001000001000010000010000000000100000000010000000000100000000011000
0000000000000001000000000111111000001100110000010001100000000111000000001100000000110000000011000000001110000000011000000
0000000000000000001100000011111100001100001000110000010011000001100110000110001000011100000001110000000111000000001100000
0000000000000111100000011111110000001011100000000111100000111111110011111111000001111100000011100000000111000000001110000
0000000000000000000000000000011000011001110000011111000000001100000000011000000000110000000001100000000011000000000110000
0000000000000000000000000000011100001111110001111001100000000110000000001100000000110000000001100000000110000000001000000
0000000000000100000000001111111000000000010000000001100000000110000000001000000000110000000011000000001100000000110000000
0000000000000000000000100111111001111111111000000000110000000011000000001110000000111000000001100000000110000000011000000
0000000000000000000000000011111000001111110000111001100001000010000000001100000000010000000001100000000110000000001000000
0000000000000001100000001111100000110001000000000010000000111111000111111111000000011000000000110000000001100000000010000
0000000000000000000000000001111000011111010000110000100001000011000000000110000000011000000000100000000011000000001100000
0000000000000000000000000111110000010000100000100001000001000010000000001100000001111100000000100000000001000000000010000
0000000000000000000000001111000000000111000000000011000000000010000000000100000000001000000000110000000011000000000100000
0000000000000000111000000110010000000000100000000010000000000100000000001000000000110000000001000000001111100000000100000
0000000000000000000000000011111000011100011001100000100110000011000000000110000000011000000000100000000011000000000100000
0000000000000001000000000111111100011001111000000001100000000111000000001100000000110000000001100000000110000000011100000
0000000000000000000000000011111100001111110000011000100001100011000011000100000000011000000001100000000011000000001100000
0000000000000000000000000000010001111111110000111001000000000010000000001100000000011000000000100000000011000000000100000
0000000000000010000000000111111000000111110000000001100000000111000000001100000000110000000011100000001110000000011000000
0000000000000000000000001111000000110110000000000110000001111111110110001100000000011000000000110000000001100000000011000
0000000000000000000000000000000000000000000011111111110111110001100000000010000000001100000000011000000001100000000011000
0000000000000000000000000010111100001111111000111000110011100001100110000110000000011000000001110000000011000000001100000
0000000000000000000000000011100000000111100000000001000000000100000000001000000000100000000011000000000100000000001000000
0000000000000001000000001111000000110011000000000110000000001111000000011110000001100000000001000000000010000000000100000
0000000000000000000000000111100000111101100010000001100000000011000000000100000000001000000000010000000000100000000001000
0000000000000000000000011111100000111101000000000011000000000110000000000100000000011000000000110000000001100000000011000
0000000000000000000000011111000000001111110000000001100000000011000000001100000000011000000000100000000011000000000110000
0000000000000000000000000011111100001101110000110001000001000010000000001000000000110000000001000000000110000000001000000
0000000000000000000000001111110000011000110000000001100000000011000000001100000000110000000001100000000110000000001000000
0000000000000000000000000100011100001111110000110001100000000011000000001100000000110000000001000000000110000000011000000
0000000000000000000000100000111001111111110000000001100000000110000000001100000000011000000000110000000011000000000110000
0000000000000000000000011111111000111111111000000001100000000111000000001100000000110000000011100000000110000000011000000
0000000000000000000000000111111000001111110000000001100000010110000000111110000000110100000001000000000110000000011000000
0000000000000000000000011111110000111111100000000011100000000111000000001100000000011000000001110000000011000000001110000
0000000000000000000000000000000000001111111000111111100001100011000010000100000000010000000001100000000010000000001100000
0000000000000000000000000001110000000111100000001101000000110110000001001100000000010000000001100000000011000000000100000
0000000000000000010000001111111100011100011000000000110000000001100000001110000000111000000011100000001110000000111100000
0000000000000000000000000111110000111000100000000001000000000110000000001000000000010000000000100000000001000000000011000
0000000000000000000000000001111000011111010000110000100001000011000000000110000000011000000000100000000011000000001100000
0000000000000000000000110000110000111111100000000011000000000100000000001000000000010000000001100000000011000000000110000
0000000000000000000000000011111000001111100000011011000001100110000000001000000000010000000001100000000011000000000100000
0000000000000110000000000001110000000000100000000001000000000100000000001000000000110000000001000000000010000000001100000
0000000000000000000000000011110000111111110001111111100011000111000000001110000000011100000000110000000001100000000111000
0000000000000000000000011111010000000000100000000011000000000110000000001000000001111000000001111000000011000000000100000
0000000000000000100000000111110000000000100000000001000000000110000000001100000000110000000011000000001110000000011000000
0000000000000000000000000000111110001111111000111001100000000111000000011000000001110000000111000000001100000000110000000
0000000000000000000000011111100001111111100000000001100000000011000000111110000111101100001000011000000000110000000011000
0000000000000000000000010000000000011110000000100111110001000011000000001100000000010000000000100000000001000000000010000
0000000000000000000000000000011000001111110000010001000000000110000000011000000000110000000011000000000100000000011000000
0000000000000000001000000010111000001111110000011111100000000110000000011100000000110000000011100000001110000000011000000
0000000000000001110000000110100000001000100000100011000000000100000000001000000001111000000001100000000010000000000100000
0000000000000000000000000111111000011100100000000001000000000100000000001000000000110000000001000000000010000000001100000
0000000000000000001000000000110000000011110000001101000000010010000000001000000000100000000011000000000100000000010000000
0000000000000000000000001111111000000000100000000011000000000110000011111100000110011000000000110000000001100000000001000
0000000000000000000000000110001100011111111000110001100000000011000000001100000000110000000001100000000110000000011000000
0000000000000001000000000111111100001100111000011001100000110110000001111100000001111000000001100000000111000000001100000
0000000000000000000000000111100000010001000000100001000001000010000010000100000000001000000000010000000000100000000001000
0000000000000000000000001111000000000001000000000001000000000010000000000100000000001000000000100000000001000000000100000
0000000000000000000000000000000010011111011101111011110011000011000000001100000000110000000001000000000110000000011000000
0000000000000000000000000001111000001100010000100001100000000010000000001100000000110000000011000000001100000000110000000
0000000000000000000000011100000000111111100000111111000000011111000000001100000000011000000000110000000011000000000110000
0000000000000000000000000111101100001001111000110001100001000010000000001100000000110000000011000000000110000000011000000
0000000000000000000000000011000000000011110000000001000000000110000000011000000000100000000011000000000100000000011000000
0000000000000001100000000011110000000001100000000011000000000110000000001100000000110000000011100000000110000000001000000
0000000000000000000000000000000001111111111000000001100000000011000000000110000000001000000000110000000001000000000010000
0000000000000000000000000000000000001111100000100001000001000000000010000100000100001000000000010000000000100000000001000
0000000000000000110000000010010000001000100000100001000000000000000000001000000000010000000001100000000010000000000100000
0000000000000000000000000011100000001101000000110011000000000100000000001000000000010000000001100000000010000000000100000
0000000000000000000000000000000000001111110000010000100000100001000010000110000100001000000000010000000000100000000010000
0000000000000000000000000001100000000111111000011000110000100011000000001100000000110000000011000000001100000000110000000
0000000000000000010000000011110000001101100000000011000000000100000000011000000000110000000001000000000110000000001000000
0000000000000000000000011111110001111111110000000001100000000011000000000110000000011000000001100000000011000000000110000
0000000000000001110000000111110000000001100000000011000000000110000000011000000000110000000011000000000110000000011000000
0000000000000010000000001100000000011111100000110001100001100011000010000110000000001100000000010000000000100000000011000
0000000000000000000000001111100000001111000000000011000000000010000000000100000000001000000000110000000001100000000011000
0000000000000000000000000111110000111000100000000001000000000110000000001000000000010000000000100000000001000000000011000
0000000000000000000000000111111000000111110000000011000000000110000000011000000001100000000011000000001100000000011000000
0000000000000000000000000011110000011111100000000011000000000100000000011000000000110000000001100000000011000000000110000
0000000000000000000000011000000000110000010001111001100110111111000001111111000111111100000000001000000000010000000000100
0000000000000000000000000001111000000110001000011000110001100001000010000100000000011000000001100000000110000000011000000
0000000000000010000000000111110000001111100000000011000000000110000000011000000000110000000011000000000110000000011000000
0000000000000000000000001111110000000001100000000011000000000100000000001100000001111000000100100000000001100000000010000
0000000000000000000000011111110000000001100000000011000000000110000000011111000001110000000001100000000010000000000100000
0000000000000000000000000011111000000011110000000011000000001100000001111110000011110000000010000000001100000000011000000
0000000000000000000000010000000000011111110000001111000000000010000000001100000000010000000000100000000011000000000100000
0000000000000000000000000010110000000110100000000001000000000100000000001000000000100000000001000000000100000000001000000
0000000000000000000000000111110000111111100000000001000000000110000000001100000000011000000000100000000011000000000010000
0000000000000000000100000001111100000110010000000001100000000110000000011000000000100000000011000000001100000000110000000
0000000000000000000000011110000000011111111000000001100000000110000000001100000000110000000011100000000110000000011000000
0000000000000000000000111111111101111110111000000001100000000011000000001110000000011000000001100000000111000000001100000
0000000000000000000000000011110000001100100000010001000000000110000000001000000000110000000001000000000100000000001000000
0000000000000000000000100101111001111111110000000001100000000110000000001100000000111000000001100000000011000000000110000
0000000000000000000000001111111100000000011000000001100000000110000000011000000000100000000011000000001100000000011000000
0000000000000000000000000000000000011111110000110111100000000110000000011000000000110000000011000000000110000000001000000
0000000000000000000000000011111000111111110000000001100000000110000000001100000000110000000011000000001110000000011000000
0000000000000000000000011111010000000000100000000011000000000110000000001000000001111000000001111000000011000000000100000
0000000000000000000000000000000000000000000011111111110111110001100000000010000000001100000000011000000001100000000011000
0000000000000000001000000001111000011111100000000011000000000110000000011000000001110000000011000000001100000000011000000
0000000000000000000000001111111000011111110000000011100000000111000000011100000000110000000001100000000111000000001100000
0000000000000000000000000011110000000101100000000011000000000100000000001000000000010000000001100000000110000000001100000
0000000000000000000000111110000000111111110000000001100000000011000000000100000000011000000000110000000001100000000011000
0000000000000001000000000010000000000111100000011001000000100010000001000100000010011000000000110000000001000000000010000
0000000000000010000000000111100000000001000000000010000000001100000000011000000000100000000001000000000010000000000110000
0000000000000000110000001111100000000011000000000110000000001101000000111110000001110000000001100000000011000000000110000
0000000000000000000000000000111100000111111000011001100000100110000000011000000000110000000011000000001100000000110000000
0000000000000000000000001111110000000111100000000001000000000110000011111111100000010000000001100000000010000000001100000
0000000000000000000000000001111000001110010000110001100000000010000000001100000000110000000011000000000100000000010000000
0000000000000000000000000000001000011111110001111110100000000011000000000110000000001000000000110000000001100000000011000
0000000000000000000000001111111000111111110001100001100000000110000000001100000000110000000001100000000011000000000110000
0000000000000000000000001111000000010001100000110000100001100001000000000100000000001000000000000000000001000000000010000
0000000000000000000000011111110000000000100000000001000000000100000000001000000000010000000001100000000011000000000100000
0000000000000000000000011111111001111110010011000000100010000011000000000100000001111100000000010000000000100000000001000
0000000000000000000000001011110000011111100000000011000000000110010001111110000000110000000001000000000110000000001100000
0000000000000000000000011111110000111001100000000010000000001100000000011111000001111000000011000000000100000000011000000
0000000000000000000000000001111100111111111011111101110000000011000000001100000000110000000001100000000110000000001110000
0000000000000000000000000001111000000110110000000011000000000100000000001000000000100000000011000000000100000000010000000
0000000000000001000000000111100000001001000000010010000000000100000000011000000000111000000001000000000010000000000100000
0000000000000000000000000111111000000000010000000001000000000000000000001000000001111100000000000000000100000000000000000
0000000000000000000000000001101100000111111000011001100000110110000001011100000000110000000011000000001100000000010000000
0000000000000000000000000111110000001000100000010001000000100110000000001000000000010000000000100000000011000000000110000
0000000000000000000000001111110000110000110000000001000000000110000000001100000000010000000001100000000011000000000100000
0000000000000000001000000111111000011111110000110001100000000011000000001100000000011000000001110000000111000000011100000
0000000000000000000000000011111000001111110000110001100001000011000000001100000000011000000001100000000011000000001100000
0000000000000000001000000011111100001110110000011001100001110110000011011000000000100000000011000000000110000000011100000
0000000000000000010000001111110000000001100000000011000000000110000000011000000000110000000001100000000010000000001100000
0000000000000000000000001111110000001100110000000001000000000110000000001000000000100000000011000000000100000000011000000
0000000000000000000000011100110000001111100000000011000000000100000000001000000000110000000001100000000011000000000010000
0000000000000000000000011111100000011111100000000001000000000110000000001100000000011000000001100000000011000000001100000
0000000000000011000000001111100000100001100000000001000000000011000000001110000001111000000000010000000001000000001110000
0000000000000000000000000000000000000111111000111111100001100011000000001100000000110000000011000000000100000000010000000
0000000000000000000000011111110000111111111000000001110000000111000000011100000001110000000011000000001100000000011000000
0000000000000000000000001111000000000011000000000011000000000110000000001000000000010000000001100000000010000000000100000
0000000000000000000000001111111000001111110000000011000000001100000000011000000001100000000110000010001100000000110000000
0000000000000000000100001111111000111110010000000001100000000111000011111111000000110110000001000000001110000000011000000
0000000000000000000000000000000001111111000000000001100000000001100000000010000000000100000000011000000000100000000010000
0000000000000000000000001110000000011111100000110001100000000010000000000100000000011000000000110000000001100000000011000
0000000000000000000000001000011110011111111000000000110000000011000000000100000000110000000011000000011100000011100000000
0000000000000000000000011111110000010001100000000011000000001111100000111111000011110000000001100000000011000000000111000
0000000000000000000000001000010000011100100001100111000000000110000000001000000000011100000001110000000001000000000010000
0000000000000000000000000011100000001101110000011001100000100010000000001100000000010000000001100000000010000000001100000
0000000000000000000000001111000000011111000000000010000000000100000000001000000000011000000000110000000001100000000001000
0000000000000000000000001101110000111111110001000001000000000110000000001100000000010000000001100000000011000000000110000
0000000000000000100000001111111000000000110000000001100000000010000000001100000000110000000011000000001100000000110000000
0000000000000000000000000011111001111000100000000001000000000010000000001000000000010000000000100000000001000000000110000
0000000000000000000000000010000000000111110000000011000000000110000000001000000000110000000011000000000110000000001100000
0000000000000000000000000000011100111111111000000000100000000011000000001100000000110000000001000000000110000000011000000
0000000000000000000000000011111100000000111000000001100000000110000000011000000001100000000111000000011100000000110000000
0000000000000000010000000111100000011001000000000010000000000100000000111110000001110000000001100000000010000000000100000
0000000000000000000000000000000000011111100000000000100010000001000100000010000000001000000000010000000000100000000001000
0000000000000000000000000110000100011111111001111111110011000011000100001100000000011000000001100000000111000000001100000
0000000000000000000000000001111100000111111000011111100000000110000000011000000001100000000111000000011100000001110000000
0000000000000000000000000111111001111111110011110011100000000111000000001100000000111000000001100000000011000000001110000
0000000000000000000000000000000000001111111000111111110001100001000110000100001000011000100000100000000011000000001100000
0000000000000000000000000001110000011111100001000001000000000110000000001100000000110000000001100000000010000000000100000
0000000000000000000000000111100000111111100001110011000000000110000000001100000000011000000000100000000011000000000111000
0000000000000000000000000111111000111111110001100011000001000110000011111111000000110000000001100000000011000000000110000
0000000000000000000000000111110000001000110000000000100000000011000000001100000000010000000001000000000110000000011000000
0000000000000000000000000000110000011111100000100011000000000100000000001000000000110000000001000000000010000000000100000
0000000000000000000000000000000000000111111011111111110100000011000000001100000000111000000001100000000110000000001100000
0000000000000010000000001111111000011000110000000001100000000110000000001000000000110000000001100000000110000000001100000
0000000000000000000000000011111000001111111000011101110000000111000000011100000001110000000111000000011100000000110000000
0000000000000000000000011111110000000000110000000001100000111111000010000110000000001000000000110000000001100000000011000
0000000000000000000000000001100000001101100000010011000000000010000000001000000000010000000000100000000001000000000010000
0000000000000000000000000000000001111111110011111111110000000011000000000110000000011100000000110000000011000000000110000
