0000000000000000001000000100010000001000100000110010000001000100000001111100000000010000000000100000000011000000000000000
0000000000000000000100001000001000010000100000100001100011000011000110011100000111001000000000011000000000100000000000000
0000000000000001000100000010001000001100100000010001000000100010000001001100000011110000000000100000000001000000000010000
0000000000000010001000000100010000001000100000100001000001000010000010000110000111111100000000001000000000000000000000000
0000000000000000001000000011010000001100100000010001000000111110000001111100000000011000000000110000000001100000000010000
0000000000000001000000000010001000001000110000110001100011111011001111111110000000001100000000011100000000110000000000100
0000000000000000000100000010001000001100110000010001000001111110000001101100000000010000000001100000000010000000000100000
0000000000000100000010011100001100110000011011000000110010000011000111111110000111001100000000011000000000110000000001100
0000000000000000110000000001100000000111000000011110000000111110000000011100000000100000000001000000000110000000001100000
0000000000100000000001000000000100000010011000011001100001100110000111111000000001100000000110000000011000000000000000000
0000000000000000000110000000001000011000100000100001000001100111000001111100000000110000000001000000000010000000000100000
0000000000000000000000000010001000000100100000010001000000100100000001111000000000010000000001000000000010000000000000000
0000000000000000001000000000010000000110100000001001100000100111000011111000000000110000000001000000000010000000001000000
0000000000000000100100000001001000000100100000010001000001100011100010111100001110010000010000100000000001000000000000000
0000000000000000000100000000011000000110110000011011000000111110000000111100000000110000000001000000000110000000001100000
0000000000000000000000001100011000011000100000111111000001111110000000111100000000011000000000100000000001000000000010000
0000000000000000000000000011001000001000110000010001000000110111000001111100000000010000000000100000000001000000000100000
0000000000000000001000001000111000011001110000110011000000111110000000111100000000111000000001100000000011000000000100000
0000000000000000000110000000001000000000110000010001000001100110000111111100001111111110000001000000000100000000000000000
0000000000000000000000000001010000001100100000110001000001110010000000011100000000001000000000010000000000100000000001000
0000000000000001001000000010010000001101100000010001000001100110000011111110000011010000000000100000000001000000000110000
0000000000000000000001000000000100000010010000001101000000110110000111111100001001100000000110000000001000000000000000000
0000000000000001000110000011001000001100110000011001100001100110000111111111001111111000000000100000000011000000000110000
0000000000000000100000000011010000001100100000010001000001100010000011111100000000011000000000110000000000100000000001000
0000000000000000000100000110010000001000100000010001000000100111000001111000000000010000000001000000000010000000000100000
0000000000000000000000000110001000001000100000011110000000011111000000010001100000100000000010000000000100000000010000000
0000000000000000000100000000001000000100110000010001000000110100000000111000000000100000000010000000000100000000010000000
0000000000000000001100000010011000001100100000110011000001111111000011111110000100010000000001100000000011000000000010000
0000000000000000000000000001110010000110001100011000110001100011000011111100000000110000000011100000001110000000010000000
0000000000000000000000000100010000001001100000010011000000111100000001001000000000010000000000100000000001000000000010000
0000001000000000111000000101100000011011000001100110000011001100000110011111000111111000000000011000000000111000000000000
0000000000000000000000000100001000001000010000100001100001100010000011111110000000001000000000010000000001000000000010000
0000000000000000000100000000001000000100110000010001000000111110000011001000000000110000000001000000000110000000001000000
0000000001000000000010000100000100010000011000100000100011110011000011111110000000001000000000110000000001100000000000000
0000000000000000001100000011010000000100100000001011000000110100000001111111100111111000001101100000000010000000000100000
0000000000000000001000000000010000001101100000011011000000111110000001111000000000010000000000100000000001000000000010000
0000000000000000100000000010001000001100100000011010000000011110000000011000000000110000000001000000000010000000001100000
0000000000000000000000000100010000001000100000010010000000011100000000001000000000100000000001000000000010000000000100000
0000000000000000000011001000000110010000011001100000110010000011101111111110001000001000000000110000000001100000000010000
0000000000000000001000000010010000001000100000010011000000100100000001111110000010010000000000100000000001000000000010000
0000000000000000000011001100000100001000001000010000110001100011000111111110001000111000000000110000000001000000000100000
0000000000000000000000000110000100011100011000100011100011111111000011110100000000011000000000110000000001000000000011000
0000000000000001000000000010100000000101000000000010000000111100000000001000000000010000000000100000000001000000000010000
0000000000000000001000000000010000000011100000011011000001110110000011111110000000010000000000100000000001000000000010000
0000000000000000001100000000010000010000100001100001001011000111100111111100000111110000000000100000000001000000000010000
0000000000000001100001000011000110001100011000110000110011111011000111111100000000011000000001100000000011000000001100000
0000000000000000000000000110000110011000001000111000110011111111000000001110000000011000000001100000000010000000001100000
0000000000000110000000001100000100110000011001100000110011000011100011000110000011111100000000010000000000110000000000100
0000000000000000000110000100001000001000110000110001100001100110000111111100000111111000000001100000000011000000000110000
0000000000000000100000000011001110001100011000010001100001100111100111111111001111111000000011000000000110000000001000000
0000000000000000001000000000010000001000100000010001000000100010000001111100000000011000000000000000000000100000000001000
0000000010000000001100000100010000001000100000010000000001000110000011111100000000010000000001000000000010000000000000000
0000000000000000000000001000010000010000100000100011000000100110000001111100000000001000000000010000000000100000000000100
0000000000000000000100000110001000001000110000110001100011000011000011001110000011011000000000110000000001100000000010000
0000000000000000000100000100011000001000110000110001000001111110000011101100000000011000000000100000000001000000000010000
0000000000000000000000000001000000000110000100111000011011111001100011111100000000110000000011000000000000000000000000000
0000000000000000000001000000000100000000010000001101000000110010000011111100000000100000000001000000000100000000010000000
0000000000000000010000000000110000001001000000010010000000100100000000111100000000010000000000100000000001000000000001000
0000010000000000100000000001001000000100010000001000100000100011000001111100000111001000000000100000000001000000000000000
0000000000000000000100000110011000001100110000010001100001100011000111111111001111111110010000110000000011000000000110000
0000000000000000000011000010001100001100110000110001000001111100000011111100000001100000000011000000000110000000001000000
0000000000000000000000000001100010000110011000011001100000111110000011111000000001100000000110000000011000000000000000000
0000000000000001010000000010110000000111100000001011000000010110000001101100000011111000000110110000000001100000000001000
0000000000000000000000000001010000000110100000011001000000111110000011111110000000010000000001000000000010000000000100000
0000000000000001000000001110000110011100011100100001110011000111000011111100000011110000000011000000001100000000011000000
0000000010000010000100001100001000010000011001100000110011000001100110000001000111111111000010000110000000000000000000000
0000000000000000010000000110010000001000100000010001000001001111110011100010000100000100011000001000000000010000000000100
0000000000000000000100000000010000000110100000001001000000100100000011111100000000100000000001000000000100000000000000000
0000000000000000001000001100010000011001100001110011000001110110000000111110000000011100000000100000000001000000000010000
0000000000000000010000000100100000000000000000100001000000000111000111100100000000001000000000000000000000010000000000100
0000000000000000000000000000000000010000100000100001000001000010000010110100000000001000000000001000000000010000000000100
0000000000000000000100000010001000000100100000011001000000100010000001111100000001110000000001100000000010000000000000000
0000000000000000000000000010010000001001100000010010000000011100000000001000000000010000000000100000000001000000000010000
0000000000000000000000000010011000001100100000011011000000100110000001111000000000111000000001000000000010000000000100000
0000000000000000000000000010001000001100110000110001000001111110000011111100000000110000000001110000000011000000000110000
0000000000000000000100000000001000001000110000010001000000100010000011111100000000110000000000100000000011000000000110000
0000000000000000001000000000110000000001000000001110000000111011000001110000000001000000000100000000001000000000000000000
0000000000000000000000000000000100000110011000011001100000110111000011111110000000110000000001000000000110000000001000000
0000000000001000000110100000001101100000011001000000110011000011000011111010000011100100000000001000000000010000000000100
0000000000000000001000000010010000001101100000010010000001100100000011111111000000110000000001000000000010000000001000000
0000000000000011000000001100000100010000011001100001100011000011000111111110000111011100000000110000000001100000000011000
0000000000000000000000001000110000111001110001110011100001110111000001111100000000011000000000110000000001100000000001000
0000000000000000000000000001000100001100011000010001100001000010000010001000000011110000000001000000000100000000001000000
0000000000000000000110001100001100110000011001100001100110001111000111111110000000001000000000010000000000100000000001000
0000000000000000000100000010001000001100010000011001100001100111000011111100000000011000000001100000000011000000001100000
0000000000000000000000000010000000001000001000110000100001111001000000000100000000001000000000100000000010000000001100000
0000000000000000010000000001100000000110001100011000010001100001000110000110001111111100000000100000000011000000000000000
0000000000000000001100000110011000001100100000010011000001111110000011111100000000011000000000110000000001100000000011000
0000000000000000100000000011010000001101100000011001000001101110000011111100000110011000000000110000000001100000000001000
0000000000000100011000001000110000010001100000100011000001111111000001111100000000011000000000110000000001100000000011000
0000000000000000000000000000000100011000011001110001110011111111100111111111000000110000000001100000000010000000000100000
0000000000000000110011000001100100000110011000011001100001100111000110011100001111111110000111110000001100000000010000000
0000000000000000000001000001100110000110010000001001000000100010000011111000001100110000000011010000000100000000001000000
0000000000000000000010000001001100000100010000011001000000100110000001111000000000110000000001000000000100000000011000000
0000000000000000000110001100001000011000110000100011100011001111000111111100001111011000000000110000000001100000000011000
0000000000000000000100000010001000001100110000110001000001100110110111111111100000110000000001000000000110000000001000000
0000000000000000000000000011000110001100011000111001100011111111100110111111000001100000000110000000011000000000110000000
0000000000000000001000001100011000010000010001100000100010000001000111111110000000001100000000011000000000110000000001100
0000000000000000000100000001011000000110100000001011000000110111000011111110000111100000000011000000000100000000001000000
0000000010000000000100000000011000000011100000001101000000110100000011111110000000100000000011000000000100000000000000000
0000000000000100000100001000011000010000100000100011000001100111000001111100000000011000000000100000000001000000000011000
0000000000000000000000000011011000000100100000010001000000100110000001111100000010010000000000100000000010000000000100000
0000000000000001000000000110000110011000011000110000100011000011000011100110000011111100000000110000000001100000000010000
0000000000000001000000001110000110110000001001100000110010000001000111100110000011111100000000011000000000110000000001100
0000000000000000000100000000001000000100100000010001000000100100000001111000000000100000000011000000000100000000001000000
0000000000000000000100000000010000001000100000110011100001000110000010111000000110010000000000100000000001000000000000000
0000000000000100000000001000010000010000100000100001000001100010000001111100000010001000000000001000000000010000000000000
0000000000000001001000000110011000001000110000100001100001000011000110011110000111100100000000001000000000010000000000000
0000000000000000000100001100011000011000110001100001100011000011000111111110000111111100000000010000000001100000000011000
0000000000000000111000000011110000001101100000110010000001100100100011011011000111111100000011110000000010000000000100000
0000000000000000001000000000010000010000100001100001000011111110000011111100000000001000000000010000000000100000000001000
0000000000000001000010000010000100001100011000011001100001100011000111111110000111111100000001100000000010000000001100000
0000000000000000000000000100011000001000100000010011000001000110000011111000000000010000000000100000000001000000000010000
0000000000000000000000110001100001100011000001000011000011111111100111111111000000011000000000010000000000110000000001100
0000000000000000000010000000001000001100010000010001100001100111100011111100000110110000000001000000000110000000001000000
0000000000000000000100000010001000000100110000011001000000100111000001111100000000110000000011000000000110000000001000000
0000000000000000000100000110010000001000100000100001000001000110000011001110000011111000000000100000000011000000000000000
0000000000000000000000000011000110001100011100110000110011100011000111111110000011111000000001100000000110000000001100000
0000000010000000000100000100011000001100110000110001000001111110000011111100000000011000000000110000000011000000000000000
0000000000000100000000001000110000010001100000110111000001111110000001111100000000111000000000110000000001100000000011000
0000000000000000000011000001100100000010010000001001100000100010000011111100000000111000000001000000000100000000011000000
0000000000000000000100000000001100011000110000110001100011111110000001111100000000011000000000100000000011000000000100000
0000000000000000000110000110001100001000010000110001100001100010000111111111100110011000000001100000000011000000001100000
0000000000000000000000000000011000000100100000011011000000011100000000001000000000110000000001000000000010000000001000000
0000000000000001000001000010000110001100001000010000110001111111100111111100001000011000000001100000000010000000000100000
0000000000000001000100000110011100001100110000110001100001111111100111111111000110111000000001100000000111000000001100000
0000000000000000000000001100000000010000010000100000100001100001000001111110000000001100000000001000000000010000000000100
0000000000000001000100000110001000011000110000110001100001100011000011111110000111111000000000110000000001100000000011000
0000000000000000000001000010000110000100001000010000100011111111000111011000000000100000000011000000001100000000110000000
0000000000000000001000000110110000001001100000110010000001111111110001111110000001100000000011000000000100000000001000000
0000000000000000000000000110000000001000110000010001100000010110000000111100000000010000000000000000000010000000000000000
0000000000000000110100000011011000000110100000011011000000111111000011111111000110110000000001000000000110000000001100000
0000000000000000000000000100000000011001000000010011000000111110000001110100000000001100000000010000000000110000000001100
0000000000000000000110000011001000000100110000010001000001100110000111111100000000110000000001000000000110000000001000000
0000000000000001000000000010001000001000010000010001100001000010000011110100000000001000000000010000000001100000000010000
0000000000000010000000001100001000010000010000100001100001000111000011111100000000001000000000010000000000100000000001100
0000000000000000000100010000011000100000110001000001100011000011000011100110000001111100000000011000000000010000000000100
0000000000000001000000000110000000001100010000011101100000111110000000001100000000010000000000100000000011000000000100000
0000000001000000000110000000001000000100110000011001000001100110000010001000000111111100000001000000000110000000000000000
0000110000000001100000000010000000000100000000001000000000010000000000100100000001111100000011001000000000010000000000000
0000000000000000000100000011011000000110100000011011000001110110000011111110000000111000000011000000000110000000001000000
0000000000000011000000000100001000011000010000110001100001000011000011111110000001111000000000100000000011000000000110000
0000000000000010000000001100000000011000100000110001000001101110000001111100000000001000000000010000000000100000000001100
0000000000000000100000000001100000000111000000011010000000111100000001001100000000011000000000110000000000100000000001000
0000000000000000000100000000010000011000100000100011000001100110000001111100000000010000000001100000000010000000000100000
0000000000000000001000001100010000011000100001100011000001000110000011111100000000011000000000110000000001100000000011000
0000000000000000001000000000010000000001000000001010000000111111000000110000000000100000000010000000000100000000001000000
0000000000000000001000000000110000000011100000001001000000110110000011111100000111111000000000100000000001100000000010000
0000000000000000000010000011001100001100110000011001000000100110000001111100000001110000000001100000000110000000001100000
0000100000000001000000000110000000001000000000010000100001110001000011111110000000001100000000011000000000100000000000000
0000000000000000100000000010000000001100100000010001000001100011000011111100000000001000000000010000000000110000000001000
0000000000000000000000000010000000001100001100110000110111110011100111110110000000011000000000110000000011000000000100000
0000000000000000000010000000000100000100010000011000100000100010000011111100000000010000000001000000000110000000001000000
0000000000000000100000000011000000000100100000011001000000110010000011111100000011111000000000110000000001100000000001000
0000000000000000100000000011000000001100010000010000100000100010000001111100000000010000000001100000000010000000000100000
0000000000000000000110000001011000000111100000011011010001100111000011111000000000100000000011000000000100000000001000000
0000000000000001001000000100011000011000110000100001100001000011000011111110000000000100000000001000000000010000000000100
0000000000000000001100000100011000011000110000110001100011111111100111111110000000001100000000011000000000110000000000000
0000000000000000000010001100001100011000111001100001100011000111000111111111000111111000000001100000000011000000000100000
0000000000000000000000000010010000001000100000010001000001111110000011111100000000010000000000100000000001000000000010000
0000000100000001101000000011010000001101100000011011000001110110000011111111000100011110000000110000000001100000000000000
0000000000000011000100000110001000001100010000011001100001110011000011111111000111111100000111110000000001100000000010000
0000000000000000000000000100011000011001110000110011100001000110000111111100000111011000000000110000000001100000000011000
0000000000000000000100000100001000001000010000100000100011110011000000001100000000001000000000010000000001000000000010000
0000000000000000001000000010010000001100100000011001000000100110000011111100000000011000000000100000000011000000000110000
0000000000000001000100000110001000011000110000100001100001100011000001111100000000111000000000010000000000100000000001000
0000000000000000001000000000010000001100100000010011000000111110000011111100000000011000000000100000000011000000000010000
0000000000000000000100000001011000000110110000011011000000111110000001111100000000110000000001100000000110000000001100000
0000000000000000000100000100001000001000010000100001100001000111000010110110001110001100000000001000000000010000000000000
0000000000000001000000000010010000000100100000011001000000100011110001011100000011101000001100010000010000000000000000000
0000000000000000001000000010010000001101100000010011000000111100000001111110000000110000000001100000000011000000000110000
0000000000000010001000001100010000010000100000100001000001111110000000000100000000001100000000011000000000110000000000100
0000000000000000000011000010000100001000010000100001000001000110000001101000000000111100000001000000000100000000001000000
0000000000000000100000000001000000000110100000001001000000110110000001011100000011110000000000100000000001000000000010000
0000000000000000000100000001001000000100110000001111000000000100000000011000000000100000000010000000001100000000010000000
0000000000000001100000000011000000000111100000001111000000011110000000111000000000010000000000100000000001000000000010000
0000000000000000000100000000010000000000100000010001000001000100000011111100000001110000000001000000000010000000000000000
0000000000000000001100000000011000000101100000011111000000110100000011111111000111111100000001000000000010000000000100000
0000000000000000000100000000011000001100100000010010000000111100000000111100000001100000000010000000000100000000011000000
0000000000000000000001000001000110000110001000110000100011000011000111111100000000011000000000100000000011000000000100000
0000000000000000000100000001001000000110010000011001100001100010000111100100000111111000000000100000000001000000000010000
0000000000000000010000000000100000001001000000010010000000100100000001011100000001110000000000110000000000100000000001000
0000000000000000000000001100001000011000110000110001000001100010000001111100000000010000000000100000000001000000000010000
0000000000000000000000000001100000000110011000011000100001100010000001101100000000110000000001100000000010000000000100000
0000100001000001000010000110001100001000011000110000100011000001000111111110001111111100000000010000000000100000000000000
0000000000000000000100010000001101100000011011000000110010000011000110001110000011000100000000011000000000110000000000000
0000000000000001000000000000100000000001000000010010000000101111100001111000000000010000000000100000000001000000000010000
0000000000000000010000000000100000001001000000010010000000100100000001111100000000010000000000100000000001000000000010000
0000000000000000000011000000000100001100011000110001100011000111100111111110000001100000000111000000011000000000000000000
0000000000000000100000000001000000000010000000001010000000100100000001111111000000100000000001000000000010000000000000000
0000000000000000001000000100010000011000100000100001000001000010000001100100000001111100000000001000000000010000000000100
0000000000000000000000001100011000011000110000110011000001111111000000001100000000010000000000100000000011000000000110000
0000000000000100000000001000010000010000100000100000000000100001000001000010000010111100000010001000000000010000000000100
0000000000000000000000000010001000001100100000011001000000100110000011111100000010110000000000100000000001000000000010000
0000000000000000000100000100001000001000110000010001000000100110000001111100000000110000000001100000000011000000001100000
0000000001000000000110000000011000000111100000011110000001101001000011111111000011111000000110000000001100000000010000000
0000000000000000110000000011100000000011000000001100100000010011000001111110000111111000000000110000000011000000000100000
0000000000000000000000000011000100001000011000110011100001111110000011101100000000110000000011000000000110000000011000000
0000000000000001100000000110000100011100011000110001100001111111000001111100000000111000000011110000000111000000001100000
0000000000000000000010000010001100001100110000010001000001101110000011111100000000110000000001000000000110000000001000000
0000000000000000000000001000001000010000110000011111000000000010000000001000000000010000000000100000000001000000000010000
0000000000000000100100000011001000000100110000001001000000100010000011111100000000010000000001000000000010000000000100000
0000000000000100000110001000001100010000010000100000100011000001000111000110000111111100000000011000000000010000000000000
0000000000000000001000000110011000001100110000011001000000111111000001111100000000010000000000100000000011000000000110000
0000000000000000000001000010000110001100011000110001110011100111000111111100000001110000000011000000001100000000011000000
0000000000000000001100000100010000001000100000010001000000100110100011001111000111111000000100100000000011000000000010000
0000000000000001000000000010011000001100100000010011000001101111110011111001101110100000000001000000000010000000000110000
0000000000000000000110000100011000011000110001100011000011001111100111111111100111100000000011000000000100000000001000000
0000000000000000100110000011001000001100110000110001100011110110000001111111100000110000000011000000000110000000011000000
0000011000000000110000000001100000000011100000001111000000011110000001111100000011111111001111110000110001000000000000000
0000000000000000000000000001000100000110011000111101100011111110000000001000000000110000000011000000001100000000010000000
0000000000000000000000000000110000001001100000110011000001110110000001111100000000011000000000110000000000100000000001000
0000000000000010000000001100001100010000110001100001100001100010000011111100000001111000000000110000000001000000000011000
0000000000000000000000001000010000011000100000100001000001110010000000011100000000010000000000100000000011000000000110000
0000000000000000000000000100110000001001100000110011000001111110000000111100000000011000000000110000000001100000000011000
0000000000000000000000001100000100110000011001100000110011000011000110000110000111111000000000100000000001000000000010000
0000000000000010000000000100000000001000000000010011000000111110000000101100000000011000000000110000000001100000000001000
0000000000000000000001000100000010011000001000100000100010000011000100111100001110010000000000100000000011000000000000000
0000000000000001000000000010000000000101000000001011000000010110000000111000000000010000000000100000000001000000000010000
0000000000000000000100000100011000011000110000110111110011111111100110011000000000100000000011000000000110000000011000000
0000000000000010000001001100000110010000011001100000110011000011000111111110000111111000000000100000000011000000000110000
0000000000000000001000000010010000000100100000011001000000111110000011111110000000110000000001100000000010000000001100000
0000000000000100000000001000100000010001000000010010000000011100000000001110000000010010000000100000000001000000000010000
0000000000000000000011000000001100000110010000001001000000110010000011111100000100110000000001000000000100000000001000000
0000000000000000001000001000110000110001110001110011000011111111110111111111100000011000000000111000000000110000000001100
0000000000000000000110000110001000001100110000110011100001100110000111111100000111110000000001100000000011000000000100000
0000000000000000000011000100000100010000011000100000100001110111000011111100000000110000000001100000000010000000000100000
0000000000000000000100000011001000001100010000010001100001100010000111111110000111110000000011000000000100000000000000000
0000000000000010001000001100010000010001100000100011000001110110000001111110000000011100000000010000000000110000000000100
0000000000000000000011000000000100001100011000110001100001000110000011111100000001110000000110000000001100000000110000000
0000000000000001110000000011110000001111100000011011000000110110000011111111000111111110000100011000000000110000000001000
0000000000000001100000000011100000001101100000011011000000110110000001111110000011111100000000100000000001100000000010000
0000000000000000100110000011001000001100010000010001100001100010000011111110000011111000000001100000000110000000001000000
0000000000000000000000001100110000011001100000110011000001100110000001111100000011110000000000110000000001000000000011000
0000000000100000000010000000001000000010010000001001000000100010000011111110000100110000000001000000000100000000000000000
0000100000000001000000000010000000001100000000011000100000100001000011111110000000001100000000001000000000010000000000000
0000000000000000000000000000001110000000110001110011000001110100000000111100000001100000000110000000001000000000000000000
0000000001000000000110000000001000000010110000001101000000111111100011111000000101100000000010000000001000000000000000000
0000000000000000000000001001100000010010000000100110000001101100000001101000000000011000000000010000000000100000000001100
0000000000000000001000000000010000001000100000010001000000100010000011111100000000001000000000010000000000100000000000000
0000000000000000011000000000110000000011100000001101000000110010000001000110000111111000001100011000000000010000000000100
0000000000000001000100000010011000001100100000010011000001100110000111111110000000111110000001000000000110000000001000000
0000000000000000110000000011000000000110000000011001100000110010000000111100000000110000000011000000000100000000010000000
0000000000000000000000000001101000000010110000001111100000111110000011011000000000100000000011000000000110000000001000000
0000010000000000100000000001000000000111100000001111000000010110000001111111000011110000000000100000000001000000000000000
0000000000000000000010000010011100001100110000011011000001100110000011111100000000110000000001100000000011000000000110000
0000000000000000000000000000010000001000100000010010000000100100000001111110000000110000000000100000000001000000000010000
0000000000000000100000000001101000000110110000011111100000111110000000111100000000110000000001100000000110000000001100000
0000000000000000000010000011001100001100010000110001100001100110000111111111100001110000000011000000001100000000110000000
0000000001000000000110000000001000001100100000010001000001000100000010001100000100110000001111000000000110000000001000000
0000000000000000000100000000010000001000100000010001000001111110000000001100000000010000000001100000000010000000000100000
0000000000000001000000000010001000000100110000010001000000111110000011111100000000011000000000100000000001000000000010000
0000000000000011000000000110001000001000110000110001000001111110000000111100000000011000000000100000000001000000000110000
0000000000000000000000000010000110000100011000011001100001100110000111111100001111110000000001000000000010000000001100000
0000000000000000000000000001010000000100100000001011100000011110000000111000000000100000000001000000000010000000001000000
0000000000000000000100000000011000000110110000011001000001111110000011111110001100111100000001100000000110000000001100000
0000000000000000000000001000001000110000010001100001100011111111000001111110000000001100000000010000000001100000000011000
0000000000000000100000000011000000000100100000011011000000100110000011001100000111111000000000110000000001100000000011000
0000000000000000100000000011000000000100001000011001100000100110000001001000000011111000000001000000000010000000000000000
0000000010000000001100000000011000000011100000001011000000111110000001111100000011100000000011000000001100000000010000000
0000000000000001001000000100010000010000100000100001000001000110000011110100000000001000000000010000000000100000000001000
0000000000000000001100000000010001000000100010000001100110111011001111111110000000001100000000011000000000010000000000100
0000000000000100000000011000001100110000011001100000100011000001000011000110000011111100000000011000000000010000000000100
0000000010000000000110000100011000011000110000110001100001100110000011011001000011111110000011111000000110000000000000000
0000000000000000000000011100010001100000110011000000100111001111000111111110000000000110000000001100000000011000000000110
0000000000000001000000000010000000001000010000010001000000111110000000111110000000010000000001000000000010000000000100000
0000000000000100000000001000010000011000100000010001000001111110000011111100000100001000000000011000000000010000000000010
0000000000000000000011000000001100000100010000010001000001000100000001111000000001001100000100000000001000000000100000000
0000000000000000001000000000010000001000100000010011000001111110000001111110000000011000000001100000000010000000000100000
0000000010000000000100000011001000000100110000001001000000110110000001111111000001111100000011000000011100000000100000000
0000000000000100000000001100001100111000111001100001110011111111000011111110000000111000000001110000000011000000000110000
0000000000000000000100000000001000000000100000000101000000110010000011101000000000110000000000100000000010000000000000000
0000000000000010000000001100010000011000110000100011100001111111000011111100000010001000000000011000000000100000000001100
0000000000000000000000000001000010000110001100011100110001111111000111111110000000111000000001000000000110000000000000000
0000000000000001000000000011001100001110111000011011100000110110000001111100000011110000000011000000001100000000010000000
0000000000000000011000000000110000000001000000100010000001100100000001101000000001110000000000100000000001000000000010000
0000000000000000000000000011001100001100110000111011101011111111110011111111000001110000000111000000001110000000011100000
0000000000000000000000011000000000110011100011111111000111000111000000000110000000001100000000011100000000111000000000110
0000000000000000011000000000100000000010000000001100100000110011000001111100000111011000000000100000000010000000000000000
0000000000000001000000000010010000001000100000010001000001110010000010011100000000010000000000100000000001000000000110000
0000000000000000000000000001100000000111001100011000110001100011000011001100000011110000000001000000000110000000001000000
0000000000000000000000011000000000010000100000110011000001101110000011110110000000001100000000011000000000010000000000100
0000000100000000001000000011110000000101000000001010000000110100000001111111000010010000000000100000000011000000000000000
0000000000000001100000000011010000001100110000110011100001111111000111111100000100011000000000110000000001100000000011000
0000000000000000000100000000001100110000010001000000100011111111000111111111000000001100000000011000000000100000000000000
0000000000000001100000000011001100000100010000011001100000111110000011111100000000110000000001000000000110000000001000000
0000000000000000100000000011011000000111100000011010000000111100000001111110000011111000000011000000000100000000001000000
0000000000000000000100000000001000000000110000001001000000110110000011111000000000110000000001000000000100000000000000000
0000000000000000010000000001000000001010000000010100000000011110000000010000000000100000000001000000000010000000000010000
0000000000000000010011000000101110000011011000001101100000111111000001111000000001100000000110000000001100000000110000000
0000000000000000100100000001001000000100010000011001000001100111100111111111000000100000000011000000001100000000011000000
0000000000000000001000000000110000000011100000011111000001111110000111111100000111111000000000110000000000110000000001000
0000000000000000000001000001100110000110001000011000100000100011000001111100000001100000000110000000011000000001100000000
0000000000000011000000000110011000011100110000110001000011111111100111111111101111011000000000110000000001100000000000000
0000000000000000011000000000111000010001110000110011000011100110000011111100000000111000000000110000000001100000000011000
0000000000000000010000000001100000000101000000010010000000110100000000111000000000010000000001000000000010000000000100000
0000000000000001100010000011001100001100011000011001110001111111000011111100000000011000000001100000000110000000001100000
0000010000000000110000000011100000000111000000011110000001101100000111111100000001111111000001110000000001100000000010000
0000000000000110000000001000000100110000011001000000100010000011000110110010000110000110000000000100000000001000000000000
0000000000000000000000000001010000000100100000011001000000100111000011111100000000011000000000100000000001000000000010000
0000000000000000000010000000001000000000100000001001000000010100000001111000000010100000000010000000000100000000000000000
0000000000000000011000000000110000011001100000110011000001101110000001111100000000010000000000100000000001000000000011000
0000000000000001000000000110001000001100011000011001100000100011000011111110000010011000000000110000000001100000000010000
0000000000000000000100000100001000011000110000110001100001100011000001111100000000011000000000110000000001000000000010000
0000000000000000110000000001100100000110001000011000110001111111100111111110001110001000000000110000000001000000000010000
0000000010001000001100011000011000110000100001100011000011000111110110011110001111111000000100011000000000011000000000000
0000000000000000000000000001011000000110100000001011000000110110000001111100000001111000000001000000000110000000001100000
0000000000000000011000000000110000100000100011100001100110000011001110111110001111100100000000001100000000011000000000000
0000000000000000001000000010010000001101110000011111100000111110000000011000000000110000000001000000000010000000001100000
0000000000000000000000000011001000001100100000110011000011111111110010010001100001100000000110000000001000000000000000000
0000000000000000000010000001001100000110110000011001100001100110000011111100000001111000000011000000001100000000010000000
0000000000000001110000000011100000000111000000001110000000011100000000111000000001110000000011111000000011000000000110000
0000000000001100001000001000010000110000100001100001000011111110000001111111000000001100000000001000000000010000000000110
0000000000000000000100000000010000000100100000011011000000111111000011011000000000100000000001000000000110000000001000000
0000000000000000000000000100010000011001000000110011000001100110000011111100000000011000000000010000000000100000000001100
0000000000000000000000000100011000001100110000010011100001101111000001110110000011001100000000011000000000110000000001000
0000000000000110000000011000000001110000110011100001110011111111100111110111000000000110000000001100000000001100000000010
0000000000000010000000000110100000001101000000011111000000111111000001111100000000011000000000110000000001100000000011000
0000000000000000000010000011001100001100110000110011000001101111110011111111100001100000000111000000001110000000010000000
0000000000000000000000000100001000001000110000010001100001111110000001111100000000010000000001100000000011000000000110000
0000000000000000000010000000001000000110010000001001100000100010000011111100000100010000000001100000000010000000001000000
0000000000000000000100000100001000001000010000110000100001111111000111111110000000000100000000001000000000010000000000100
0000000000000000000010000000001000000000010000000101000000111110000011011000000000100000000010000000000100000000010000000
0000000000000011000000000110010000001000110000111001100001111111000011111100000011011000000000110000000001100000000001000
0000000000000000000000000010000100000100011000010001100001111110000000001100000000010000000001100000000010000000001100000
0000000000000000000000000110010000011000100000110011000001100110000000111100000000111000000000110000000000100000000011000
0000000000000000100000000011010000000100100000001011000000011110000000011000000001100000000011000000000100000000011000000
0000010000000000110000000001100000000001000000001010000000010100000000101000000001111000000000100000000001000000000000000
0000000000000000000001000110000100011000011000100001100001110011000000111000000000110000000001000000000100000000010000000
0000000000000000000000000000011000000110110000001001000000111110000000111100000000110000000001100000000010000000001100000
0000000000000000100000000011010000000101100000011011000001100100000011111111100111111110000000100000000011000000000110000
0000000000000000001100000000010000001000100000100011000001111110000001101000000000010000000000100000000001000000000000000
0000000000000000011000011100110000111001100000110011000011111111100111111111100000011100000000110000000001100000000011000
0000000000000011000110000100001000011000110000100001100011000010000110000111100111111100000000010000000000110000000000000
0000000000000000010000000000100000000001000000100010000001100100000001111100000001111000000000100000000000100000000000000
0000000000000000000010000011000100000100011000011000100001100011000111111110001111111000000000110000000001100000000000000
0000000010000000001000000000010000001001100000110010000001111110000011111110000000011100000000100000000001000000000000000
0000000000000000000010000000001100000110010000001001100000110010000011111100000000111000000011000000000100000000000000000
0000000000000001000000000100010000001000110000110001100001100011000011000110000011111000000000010000000000100000000001000
0000000000000100000000001000100000010001100000110011000001101110000011111100000000001100000000001000000000011000000000110
0000000000000000000000000011000100001000010000100001100001111110000001111100000000011000000000100000000001000000000100000
0000000000000000001000000000110000000011100000001110000000110100000011111111000111110000000001100000000011000000000000000
0000000000000000000000000100010000001001100000110111000001111111000011000110001100001000000000011000000000110000000001100
0000000000000000000001000010000110001000011001110001100011111111000011111110000000110000000011000000000110000000001000000
0000000000000000000110000011011000000110110000011001000001110111000111111110001000110000000011000000000110000000001000000
0000000000000000000100000010001000000100100000011001000000100110000011111000000000010000000001000000000010000000000000000
0000000000000000000010000000001000000100010000001001000000111110000011001100000100010000000000100000000010000000000100000
0000000000000000001000000001110000001110100000110001000011100010000111111111100000011000000000010000000000100000000001000
0000000010000000001100000100010000011001100000100011000001000110000011111100000001111110000000110000000001100000000001000
0000000000000000100000000011000100001100011000011001100000111111000001111100000000110000000001100000000110000000001000000
0000000000000000100000000001000000110001000001100010000011000110000011111110000011111000000000011000000000010000000000100
0000000000000000000100000000001000000000100001100011000011101100000001111110000001100000000010000000001100000000000000000
0000000000000010011000001100100000010001100000100011000001000111100111111111000100011000000000110000000001100000000001000
0000000000000011000000000110000010011100001101110000011011100001100011111111000011111110000000111000000001100000000010000
0000000000000000011000000000110000001101100000011011000000110110000001111100000000110000000000100000000011000000000110000
0000000000000100000000001100000000011000011100110001110001101111100111111111011111100110010000001100000000010000000000100
0000000000000000001000000000110000010001100000100011000011111111100100011100000000010000000000100000000001000000000010000
0000000000000000100000000011000010000110001100011000110001111101000011111110001111011000000001100000000010000000001100000
0000000000000110011000001000110000110001100001100011000011101110000011111100000000001100000000011000000000010000000000100
0000000000000000010000010000100000110001100001100011000010000010000100001110001111100100000000001100000000001000000000010
0000000000000000000010000000001000000110100000011011000001101101000011111110000001100000000010000000001000000000010000000
0000000000000000011000000100110000001001100000110011000001100110000001001100000011111000000001110000000001100000000001000
0000000000000000000110000110001000001100110000011001100001100010000011111100000000011000000001100000000010000000001100000
0000000000000010000000000110000000001001100000010011000001100110000011111111100111110001000000100000000001000000000010000
0000000000000010000100001100001100110000011001100000110010000001101111111110001100000100000000001000000000010000000000000
0000000000000000000100000000011000000110100000010001000001100110000011111100000000110000000001000000000010000000001100000
0000000000000000011000000000110000010001100000100011000001001110000011111000000000010000000000100000000001000000000010000
0000000000000000000100000100011000010000100000100011000001000111000011111000000000010000000000100000000001000000000001000
0000000000000000000011000010000110001100011000110001100001100011000111111100000001111000000001100000000010000000000100000
0000000000000000010000000000100000000001000000000010000001100100000001101000000001110000000000100000000001000000000010000
0000000000000000001000000001110000000110100000110011000001111111110000001000000000110000000001000000000010000000000100000
0000000000000000000000000010000110001100011000111001100011111111000111111100000000110000000011000000001100000000000000000
0000000000000000000000000010100000000101000000001010000000110100000000111000000000010000000000100000000001000000000010000
0000000000000000000000000000000010000010001000001000110001100011000011111100000000110000000001000000000100000000000000000
0000000000001100000100011000011000110000110001100001100011000011110011000111000111111100000000011000000000010000000000100
0000000000000000001000000000010000001001100000110010000001100110000011111110000000110000000001000000000010000000000100000
0000000000000001000100000110001000001000010000100011100001111110000000000100000000001000000000110000000001100000000010000
0000000000000000000000001100001000011000010000110001100001111111000000000100000000001000000000010000000000100000000001000
0000000000000001101000000011110000000101100000011011000001100111000011111110000111110000000000100000000011000000000010000
0000000000000000001100000110011000001100110000110011000001110110000001111100000000110000000001100000000011000000001100000
0000000000000000000100001100011000011000100000110001000001111111000111111110000000011000000000110000000001100000000011000
0000000000000000010000010000100000100001000001000001000011000010000011111100000000001100000000001000000000010000000000000
0000000000000000000000000011100110001100011000110001100001100010000011001000000111111100000111100000000110000000001000000
0000000000000000000100000000011000000110100000001011000000100110000011111000000011110000000011000000000100000000001000000
0000000000000000010000001000110000010001100000100010000000111100000000001000000000010000000000010000000000100000000001100
0000000000000000000110000100001100001000110000110001100011000010000111111110000111111000000000100000000011000000000110000
0000000000000011000000000110001000001000010000110000100001000011000011111110000011001100000000001000000000010000000000100
0000000000000011000000000110011000001001100000110011000001110111000011111110000000011000000000100000000011000000000110000
0000000000000000000000000100000100011000011000110000100001100011000011111110000011111000000000110000000001100000000010000
0000000000000000000100000000011000000000100000110001000001100110000001111100000001001000000000110000000001000000000010000
0000000000000000010000000011100110001110011000111001110001111111000001111100000000110000000011000000001100000000001000000
0000000000000000001000000000010000000100100000011001000001100010000111111100000000001000000000010000000000100000000001000
0000000000000000000011000000000100000010010000001001000000110110000111111000000001100000000010000000001000000000110000000
0000000000000000000110000010001000001100110000110011000001111111000000111000000001100000000010000000001100000000001000000
0000000000000000010000000000110000011001100000110011000001100110000001111100000000111000000000100000000001000000000010000
0000000000000000011000000001110000111011100001110111100011111111100011011100000000111000000001100000000011000000000110000
0000000000000000000000000000010000000101100000010011000000101100000001111000000000100000000011000000000100000000010000000
0000000000000000001000000100010000001000100000110001000001000010000111111100000000011000000000100000000001000000000010000
0000000000000000000000001000010000011001100000010011000000111100000000111000000000010000000000100000000001000000000010000
0000000000000000000000000001100100000110010000001101100000111110000000011000000001110000000011000000001100000000010000000
0000000000000000000000000010011000000100100000011011000000111110000011111111100110110000000001100000000010000000000000000
0000000000000000001100000011010000001100100000010011000001100111110111111101001110110000000011000000000100000000001000000
0000000000000000010000000001100000000011000000001010000000110100000011111100000000111000000000100000000011000000000010000
0000000000000000000001000000000100000010011000001000100000100010000011111100001100100000000011000000000100000000000000000
0000000000000110001000000100001000001000010000010000100000100001000010000010000111111100001000001000000000010000000000100
0000000000000000000100001000011000010001100001100011000011101111000011111111000000110000000001100000000011000000000110000
0000000001100000000010000100001100001000110000110001100001000110000110001111101111111100000001100000000010000000000000000
0000000000000000000100000000001000001000110000010001000000111110000011111100000000010000000000100000000010000000000000000
0000000000000000001000000000110000000011000000001101000000100110000110001000000111111100000000100000000001000000000000000
0000000100000000001000000110011000001000110000110001100001111111000011111110001111101100011000011000000000010000000000000
0000000000000000000100000000011000000000110000010001000000100110000011111100000111111000000001000000000110000000000000000
0000000000000011010000000110100000001101100000010010000000100110000001111100000000010000000000100000000001000000000011000
0000000000000000000001000010000110001000011000110000100011100111000100111100000000011000000001100000000010000000001100000
0000000000000000000000000000100000000010000000001000100000110010000001111000000001110000000001000000000100000000001000000
0000000000000001100000000010000000001000000000110000010011000000100101111111000110000100000000001000000000010000000000000
0000000000000100000000001000011000010000110000100001100001100011000001111110000000111100000000011000000000110000000000100
0000000000000000000010000010001100001100110000011001100000100110000001001100000011111000000011100000000100000000000000000
0000000000000000000011000010001000001100110000110001000001000010000110000100000111111100000000110000000001100000000000000
0000000000000000100000000001000000000110100000001101000000011111000000111100000000110000000011000000000110000000001100000
0000000000000000001000000100010000001001100000010010000001100100000001111100000000010000000000100000000011000000000010000
0000000000000000010000000000100000011001000000110011000001100110000011111100000000011000000000010000000000100000000001000
0000001000000000011000000001110000000010100000001001000000110110000001001100000111111110000000100000000001000000000010000
0000000010000000000100000000010000000000100000011011000000100100000011111110000000110000000001000000000110000000000000000
0000000000000000000010000000001100000100010000011001100001111111000111111000000000110000000001000000000110000000001000000
0000000000000000001100000010010000001100100000010011000000100111000011111110000100110000000011000000000110000000001100000
0000000000000000001100000000011000110000100001100001100011000110000111111100000000001000000000010000000000100000000001000
0000000000000001000010000110001100001000011000110001100001111111000111111111000000011000000001100000000110000000000000000
0000000000000000000000000010001000001000100000010001000000100110000000111100000000110000000000100000000001000000000100000
0000000000000010000000000100100000011001000000110010000000100111000001111110000000011000000000010000000000100000000001000
0000000000000000001000000000010000000101100000001010000000010100000000111000000000110000000001000000000010000000000100000
0000000000000000000000001100000100110000011001100001111011000011100110111100000111111000000000110000000000100000000000000
0000000000000000000000000010001000000100010000011001000000110111000000111000000000110000000011000000000100000000010000000
0000000000000001100000000110000000001000000000110000110011000011100110011111000111100100000000001000000000011000000000010
0000000000000000100000000001100000000111000000001010000000111100000001101000000000011000000000010000000000100000000001000
0000000000000000001000000100110000011001000000100010000001000110000001111100000000001000000000010000000000110000000000100
0000000000000100000000001100100000010001100000100011000001100110000001000100000011111000000001110000000000100000000001100
0000000000000001000000000010001000001100010000010000100001000001001111111110000000001000000000010000000000100000000001000
0000000000000100001000001000011000010001100001100011000001100110000001111100000001001000000000011000000000011000000000010
0000000000000100000000001000001000010000111000100001110011000101100110010011001111000100001000001000000000010000000000100
0000000000001000001000011000010000110000110001100001100011111111000011111110000000001100000000001000000000011000000000110
0000000000000010000000000100000000001000000000010000110001100111110011111110000000001000000000110000000001000000000000000
0000000000000001000000000010010000001100100000011011000000111110000001111100000011011000000000110000000001100000000011000
0000000000000001100000000011000000000100011000011100100001111111000000001100000000111000000001100000000110000000001100000
0000000000000000000100000000011000000100100000010010000000100100000001111110000001100000000010000000001100000000010000000
0000000000000000011000001000110000110001100001110011100011111111000011111110000000011100000000011000000000110000000001100
0000000000000000000010000110001000001000110000110001100001100010000001111100000001111000000000110000000001100000000010000
0000000000000000100000000001000000000100000000011000100000100010000001111000000000110000000001000000000010000000001000000
0000000000000000001000001100010000011000110001110001100011111111000111111111000000001100000000011000000000110000000000100
0000000000000011000000000100000000001001100000110001000001100010000001111100000000111000000000011000000000110000000000100
0000000000000000001100000000111000000011100000001111000000111111100111111000011000100000000011000000000110000000000000000
0000000000000000000001000000000110000010011000000100100000010010000001111100000111110000000011000000001100000000010000000
0000000000000000000010001100000100110000010001000000100010000011000111111100000000001000000000010000000000100000000001000
0000000000000000000000000100000000001000010000010000100000000011000010010000000011001000000000010000000000100000000000000
0000000000000001100100000011011000000111110000011011000000110110000001111100000011111000000001100000000011000000000100000
0000000000000000000000001100000100110000001001000000110110000001100111111110000000011000000000110000000011000000000000000
0000000000000000000000000100001000001000110000110001000001111111100011101100000000010000000000100000000011000000000110000
0000000000000000000001000010000100001000011000110001100001111110000110011000000000110000000011000000001100000000010000000
0000000000000000000000000110010000001101100000111011000001111111100000111101000000110000000001000000000110000000001100000
0000000000000000001100000000010000000111100000001010000000111110000000011000000000100000000011000000000100000000001000000
0000000000000000001000000000010000000101100000001011000000010110000000111000000000110000000001000000000110000000001000000
0000000000000011000011000110000100011000011000110000110011000001000111110110000111111100000000011000000000110000000011000
0000000000000000000011000011001100000100011000011001100001110110000011111100000111110000000011000000000110000000011000000
0000000000000010000000000100010000001000100000010001000000100110000001001100000010110000000011100000000001000000000010000
0000000000000000000001000100000110011000001000100000110001000001000011000110000111101000000111010000000000000000000010000
0000000000000000000000000000000110001100011000110000100011100011000111111100000000111000000001100000000110000000000000000
0000000000000000000010000010001000001100010000010001100001100010000001111100000000110000000001100000000010000000000000000
0000000000000000010000011000100000111011000000110110000000111101000001111110000001111000000001100000000001100000000011000
0000000000000110000000001000000000010000001000100000110001100011100011111110000011111100000000010000000000100000000000000
0000000000000000000000000010000110001100011000110000110011111111000100001110000000011000000001100000000011000000001110000
0000000000000000011100000001111000000011100000001101000000011111100001111111001110011000011001100000000011000000000100000
0000000000000000001000000010010000000100100000001000100001100011010110011000000001001000011000010000000000000000000000000
0000000000000000000010000000001101000000010010000000100100000111001111100110000000001000000000010000000000100000000001000
0000000000000000000000000010011000000100110000011001000000110110000001111100000000110000000001100000000010000000001100000
0000000000000000000100000000111000000111110001110001000011000010000001111100000000011110000000100000000001000000000010000
0000000000000000101000000011010000000100100000011011000000100110000001001100000011111000000001100000000010000000000100000
0000000000000001000000000110001100001000011000111111100001111110000010011000000000100000000011000000000110000000001000000
0000000000000000000011000000100100000010011000001001100000110110000001001100000011110000000010000000001100000000110000000
0000000000000000000100000010001000000100110000010001000001100111100011111111000001100000000011000000000100000000001000000
0000000000000001111000000011110000000111100000011011000000110110000011111111000111111000000000110000000000100000000001000
0000000000000000001100000110011000011101110000111111100001111110000011111100000001111000000011100000000111000000000110000
0000000000000010001000000100011000001000100000010011000001101110000011111100000011010000000001100000000011000000000100000
0000000000000001100010000010000100000100001000010000110001100001000010000110000111111000001110110000000001000000000010000
0000000000000000000100000000001000001000010000010001000001000010000010001100000111110000000000100000000001000000000010000
0000000000000000001000000100010000010000100000100001000001000010000001000100000011111000000000010000000000100000000000100
0000000000000000000000000011000100001100010000010001100000100010000001111100000000010000000000100000000010000000000110000
0000000000000000000000000010010000000100100000001011000000111110000001001000000000010000000001100000000010000000000100000
0000000000000011000010000100000100001000011000110000110001101111000111111110001110011000010000110000000011000000000110000
0000000000001001000000011011000000110010000000111110000001101110000000001100000000001100000000011000000000011000000000110
0000000000000000000000000011000100000110011000011000110001111111000011111110000000011000000001100000000011000000000100000
0000000000000000000010000110001100001100010000110001110001111111100011111100000000110000000001100000000110000000001100000
0000000000000000000100000010001000000100110000011001000000100010000011000100000011111000000001110000000001000000000100000
0000000000010000001100110000011001110000110001100001100011111111000011111110000110001100000000011000000000011000000000000
0000000000000000110000000001000100000110011000001001100000110110000011111100000000110000000011000000001100000000010000000
0000000000000000100100000001001000000100010000001000100000100010000011111100000000001000000000010000000001000000000010000
0000000000000000000000000000000010000000001000001000100001100010000110011100000111100000000001000000000000000000000000000
0000000000000000000100000100001000001000010000110000100001111111000011111110000000000100000000001000000000010000000000100
0000000000000000100000000011001000001100111000111001100001111110000000011100000000110000000011100000000110000000011000000
0000000000000000000000000010011000001100110000011001100001111110000011111100000000011000000000110000000001000000000010000
0000000000000000000100000100011000011000110000110011100001111110000011111100000000010000000001100000000011000000000110000
0000000000000000000001000000000100001000011000100000100011000011000011000100000011111000000000100000000001000000000000000
