0000000000000000111100000111111110011100000000111111000011111111000100000011000000000100001000011000001111100000001000000
0000000000000000000000000000000000000011111000000110000000010000000001111100000000010000011111100000000000000000000000000
0000000000000000000000000111100000110001100001111000000000011100000000000110000000000100000000001000000000110000000011000
0000000000000111110000000100000000001000000000001111110000000000100100000001001000000010001000001000001100110000000110000
0000000000000001111000000111100000001000000000111110000001000110000000000100000000001000000000010000000000100000001110000
0000000000000000000000000000011110000011110000001100000000110000000000110000000000110000011111000000000000000000000000000
0000000000000000111110000011000000000100000000011110000000111111000011000011001000000110011000011000011111100000001000000
0000000000000000011110000000111110000010000000011100000000001000000000001000000000001000011111110000011111000000000000000
0000000000000000110000000011000000000100000000001000000000001100000000000100000000001000000000010000000001000000001100000
0000000011000000111111000011100000001111000000010000000000110000000000011000000000001000011000001000011111110000000011000
0010000000001110000000011100000000110111100000111111110001111000100000000001100000000011000010011110000111111000000000000
0000000000000000000000000000111110000111111100011000000000111100000000001000001000010000011111100000011110000000000000000
0000011000000001100000000110000000001100000000011110000000000111000000000010000000000100000111110000000111100000000000000
0000000000000000111111000001100000000100000000011000000001110011000000000010000000001100001100010000010001000000111100000
0000000000000000000000000011111110001111110000011110000000001110000000001100000000010000011111100000011110000000000000000
0000001110000001111100000011000000001110000000011100000000011110000000000110001000000100011000011000011111100000001100000
0000000000000000011100000011110000001100000000011100000000111111000000001110000000011000000011100000011110000000110000000
0000000000000000000100000011111100001100000000001100000000001110000000000110000000011000000001100000000110000000111000000
0000000000000000000000000000111100000011000000001110000000010110000100000100011000011000001111000000000000000000000000000
0000000000000011110000001101110000010000000001101111000011111111000000000011000000000011000000000110000000111000011111100
0000000000000011111111011111111110011000000000110000000001111110000011101110000000001100000000011000000001110000011110000
0000000111000011110000000100000000001000000000110000000000111111000000000001000000000010010000001100011111110000001100000
0000000000000000001100000000110000000011000000000100000000011110000000110100000000011000001100100000001110000000001000000
0000000000000000011000000011100000001100000000001100000000001100000000001000000000011000000000110000000111000000000100000
0000000000000000111111000011000000001100000000011110000000111110000000000010000000001100010000110000111111000000000000000
0000000000000001111111000000000000001100000000111000000001111000000000111100000000001000000000010000100011100000111100000
0000000000000011100000001101100000011000000000011110000000011110000000000010000000000100000000001100000011110000000010000
0000000000000000001100000001110000000010000000001000000000111111000000000100000000001000000000100000000110000000111000000
0000110000000011100000000010000000000100000000001111000000000001000000000010000010000100000110011000000111100000000010000
0000000000000011111111000110000000100000000001100000000011111100000111111110000000000100000000001000001111110000011110000
0000000000000000000000000011111110000111000000000100000000001000000010010000000110110000000111100000000111000000000100000
0000000000000011110000001100110000011000000000100000000011111000000011111111000000000011000011011110000011110000000000000
0000110010000010000000001000000000010000000001111000000000001100000000000110000000000110000000000100001000110000001011000
0000000010000001111110000011111100001100000000011000000000111111001100000011011110000110001111111100000111110000000000000
0000000000000001110000000110011000001000000000110000000001100000000001111110000000000100000000011000000111100000111000000
0000000100000011111000000110000000001000000000011000000000111111000000011111000000000110000000111000000111100000000100000
0000000000000001101100000011110000000111000000001100000000001100000000001100000000011000000000110000001011000000011110000
0000000001000000001110001111100000010000000001100000000011111110000010000111000000000110000000001100001111110000001100000
0000000000000000000000001111111110110000000001100000000001111110000000000010000000000100001000001000001111100000000000000
0000000000000000110000000111111100000110000000001100000000010000000000011000000000011000000000010000000000100000000110000
0000000000000011111100001111000000011000000001111111100001100111100000000001100000000110000111111000011111000000010000000
0000000000000000111110000011000000001100000000011111100000000001000000000010000000011100011111110000011110000000010000000
0000000000000001101110000011111100001111000000011100000000111000000000110000000001110000001001100000011111000000011110000
0000000000000001111110000111111100001100000000010000000001111110000011111110000110000100000000001000011111110000011111000
0000000000000000111110000011111110001100000000111000000001111110000011111100000000001100011000110000011111100000011100000
0000000000000000111110000010000000000100000000010000000001111000000010001000000000001000000000010000010001100000011100000
0000000000000000000000000000000110000001110000001100000000010000000001000000000111000000000000000000011110000000000000000
0000000000000000111100001111000000010000000000100000000001111100000000000110000000000110000000000100001000011000000111100
0000000000000000000000000010111000001100000000100000000001111100000000000100000000001000001000110000001110000000000000000
0000000000000001111110000011000000001100000000011000000000111110000000000100000000001100000000011000000111100000111110000
0000000000000000000000000000000000000001111000001111000000010010001100001100001111110000000000000000000000000000000000000
0000000111100000010000000001100000000111000000011000000000010000000000110000000100110000001111110000001111100000000000000
0000000000000001111000000111100000001100000000011111000000110011000000000010000000000100000100011000001111100000001110000
0000000000000000111100000011110000001110000000001100000000001100000000001100000000011000000001100000011111000000111000000
0001000000000011111000000101100000001000000000110000000000111111000000000010000000000110000000001000001111110000000110000
0000000000000001111000001111111000111111110001111101110010000001100001000001100110000010001100001100001111110000011111000
0000000000000000100000000011000000000111110000001000000000110000000001100000000001100000000001110000000000100000000011000
0000000000000000000000000111111110001111111100011000000000111000000001111000000000110000000001100000001110000000111100000
0000000000000111110000001011000000010011000000111111100001100001100000000001000000000010001100000100001110011000000011100
0000000000000011000000001111111110011111000000111000000000011110000000000110000000000100000000111000000111100000111100000
0000000000000000000110000111111100001000000000111100000000101110000000000110000000000010010000001100111111111000000000000
0000000000000001110000000011111000000100001000001000000000010000000000110000000000110000000000100000000001000000011110000
0000000000000000000000000000000000000100111100000000000001000000000001100000000000100000000000000000001100000000000000000
0000000000000000000000000000011110000011111000001100000000111100000000001000001101110000011110000000000000000000000000000
0000000000000000000000000001111100000011000000001000000000110000000000111000000000010000001011000000000000000000000000000
0000000001000001111110000110000000011000000001100000000011000000000111110000000011111100000001001100000011111000000001000
0000000000000001111000000111000000001100000000110000000000111100000000011100000000001100000000011000001111100000000110000
0000000000000001111000000111100000001110000000011000000000011100000000001100000000001100000000011000000111100000001100000
0000000000100000111111000011111000001100000000111110000001111110000000001110000100001100011101111000011111100000001000000
0000000011000000001100000000110000000011000000001100000000111100000000111100000000011000001100110000001111000000000000000
0010000000000111110000001111100000010000000000111110000000111111000000000011000010000110000111111100001111110000000110000
0000111100000011000000000100000000001000000000011111000000000001000000000010000000000110000000001000010001110000001100000
0000000000000000011111011111100000010000000000111000000000011100000000001100000000001100000100001000011111110000011111000
0000000000000000000000000001111110000011000000001100000000110000000000111000000000010000000011100000111110000000000000000
0000000000000011111000000100100000001000000000010000000000111111000001000001000000000010000100000100001000010000001111000
0000000000000000000000000001111110011111111000011110000000011100000000011100000000011000011101100000011110000000011000000
0000000000000001111000000111110000001110000000111110000000100110000000000100000010001100000100011000001111100000001111000
0000000000000000001110000011110000001100000000011011110001111110100010000011000000000100000000011000100001100001111110000
0000010000000111110000001100000000011000000000110000000000111110000001000110000000000100000000001000000111110000000000000
0000000010000001111100000111000000001111000000111111000001000011000000000010000000000100000000011000011111100000001100000
0000000000000011111100001111110000011000000000110000000001110110000011111111000000000110000000001100001111110000001111000
0000000000000000000000000001111010000110000000010000000001100000000000011000000000001100000000001000000001100001010000000
0000000000000000000000000000011110000001110000000110000000001000000000010000000001100000011111000000011100000000000000000
0000000000000000000000000000111100011110000001100000110001001100010011100000101100000010010000011000000011000000000000000
0000000100000001111111000011111110000110000000001110000000011110000000001110001110011100011111111000011111100000011000000
0000000000000011111000000111100000011000000000111110000001100010000000000010000000000100000010001100000111110000001111100
0000000000000000000000000000000000000011111100000000000000111000000001001000001100010000001111100000000000000000000000000
0000000000000000011000001111000000001000000000110110000001111111000001000011000000000110000000001000000000010000001111000
0000000000000011111100001111111000010000000000111111000001100011000010000001000000000010001000000100011000111000011111100
0000000000000000000000000001111110000111111100111111100001111000000011111000000000010000000000100000011111000000111100000
0000000000000000000000000011000010000111111100011010000000110000000000110000000000110000011001100000011111000000000000000
0000000000000000001111000011110000001110000000010000000001110000000000111000000000010000000000110000111111100000000000000
0000000000000000111100000001100000000110000000001111000000010010000000000110001000001000011000110000011111000000001000000
0000000000000000011000000011110000001110000000111100000001111110000000000110000000000100000100011000001111100000001110000
0000000000000000000000000000111110000011100000011100000000111000000000010000000100100000001011000000011100000000000000000
0000000000000000000000000000111100000111000000011000000000111000000000011000000000010000001001000000011100000000000000000
0000000000000011111000001111110000011000000000111111000001111111000000000111000000000010000000001100001111110000001111000
0000000000000000111110000011000000001000000000010000000001100000000011111000000010001000000000001000000100010000000111100
0000000100000000011000000000100000000010000000001100000000011000000001101000000000010000000000100000001111000000000000000
0000000000000000001111000101111110011111110001111100000011111000000011111000000000111000000000111000001111110000001111000
0000000000000111111000001111000000001100000000011111100000111001100001100001100000000010000000001100001100110000011111000
0000000000000000010000000001111000000110011100011000000000110000000000110000000000110000001000110000011111000000011100000
0000000000000000000010000000111100000111000000011110000000100110000000000100000000001000011001100000011110000000000000000
0000000000000000111110000001110000000110000000001000000000110100000000111000000000010000000001100000000110000000111000000
0000000000000000000000000000111110000011000000001110000000111000000001111000000000010000011001100000011110000000000000000
0000000000000000011000000111100000001100000000011000000000111100000000001100000000001100000100011000001111100000001100000
0000000000000000000010000000011110000011111000001110000000111100000000001000000000110000010111000000111100000000000000000
0000000000000001111000000011111100001100000000011110000000111110000001000110000000001100000000011000001001100000011110000
0000000000000000011100000011110000001100000000011000000000011100000000001100000000011000000000010000001101100000001110000
0000000000000000011111000001111100001110000000111100000001111000000000111000000000110000000001100000011111000000111100000
0000000000000000000000000000111110000110000000011000000001001000000000001000000000010000000001000000011100000000000000000
0000000000000011111000000100010000010000100000111111000001110011000000000110000000001100001000110000010011000000111100000
0000000000000000011110000001110000000111000000001000000000111100000001111100000000011000000001100000111110000000011000000
0000000000000000111100000110000000011000000000100000000001001110000001100110000000000100000000011000000111100000001100000
0000000000000000001111000000111110000110000000011100000000111110000000001100000000001100011000110000111111000000000000000
0000000000000000011100000001000000000100000000011000000000001100000000000100000000001000001000010000011001000000001100000
0000000000000000111100000111000100001000000000011000000000011100000000001100000000011000000000110000000011000000001100000
0000000000000000111110000001000000000100100000011100100000000000100000000011001000000100110000011000011111100000000000000
0000000000000000000111000001111100001111000000011000000001111000000011111100000010011000000100110000001111100000001110000
0000000001000000111100000011100000000100000000011000000000011100000000011100000100011000001001100000001110000000001000000
0000000000000000001111000001111110000011000000001100000000111000000001110000000110110000001111000000011100000000110000000
0000000000000000110000000011111110001100111000011000000000110000000001111000000000010000000100100000001111000000001110000
0000000000000000000000000001111110000011000000001100000000111000000001001000000000010000010000100000011110000000000000000
0000000000000000111110001111111100110000000001111100000000001110000000000110000000000100000000001100000000010000011111100
0000000000000000110000001110000000011000000000011111100000100001100000000001000000000010000000000100010000110000011111000
0000000000000000000000000011000110000111111000001000000000010000000001000000000010000000000011000000000010000000001000000
0000000000000000001110000001111100000110000000010000000001100000000011111000000000011000000000010000000001100000011110000
0000000000000011111110000010000000000100000000001111000000011111000001100011011011000110011000011000011111110000001100000
0000000000000000011111000011100000000100000000011000000000111110000011110100000000001000000000110000000011000000111100000
0000000000000000111110000111110000011000000000011000000000111000000000011100000000011100000000111000000111100000001110000
0000000000000000000000000000000000000001111100001110000000111100000000001000000100010000001111000000000000000000000000000
0000000000000000011110000111111000011110000000110000000000111100000000111110000000001100000000011000001111110000011110000
0000000000000000000000000000000110000111111000111000000001100000000001111000000000011000000000110000000011000000011000000
0000000000000000000000000011111110000100000000110000000001111100000000001100000000001000001110110000001111000000000000000
0000000000000000000000000000111110000011111000001100000000011100000000001100001110111000001111100000000000000000000000000
0000000000000000000000000000000000000111111100011010000000111100000000001100001100011000001111100000000000000000000000000
0000000000000000000000000001111110000111000000011100000000111000000000011100001000001000001000110000001111000000000000000
0000000000000000000110000011111110000111100000001000000000100000000001000000000011100000000011100000000001000000111110000
0000000000000001111111000111111100001100000000110000000000111100000001111110000000001100000000111000011111100000111100000
0000000000100000011110000001111000000110000000011111000000000010000000000010000000001000011000110000111111000000110000000
0000000000000000000000000111111110001100000000110000000001110000000000111100000000001100000000001000011111110000001000000
0000000000000000000000000000000000000101111100011111000001000000000011110000000111110000000000100000000001000000000110000
0000000000000000011100000011110000001100000000001000000000011100000000001100000000001000000000110000000001000000111100000
0000000000000000111110000111111100001100000000001000000000111110000001101110000000001100001000011000011111100000111110000
0000000000000001110000000111110000011000000000110011000001111111000000000010000000001100000100011000001111100000001100000
0000000000000000000000000000011110000111100000001000000000010000000000010000000000010000001100100000000110000000000000000
0000000001000011111110001111100000011000000000111100000001111111000000000110000000000110011000011000111111110000011000000
0000000000000000000000000000000000000001111100000010000000001000000000010000000100100000000110000000001100000000000000000
0000000000000000000011000001111110000011000000001100000000111000000000011000000000010000001111100000011110000000000000000
0000000000000111101100001111111000011111000000111111000001100011000000000010000000000110000000001100001111111000011111100
0000000000000011110000000111100000011000000000111100000000111110000000000110000000000110000100001100000111111000000111000
0000000000000111110000001111100000010000000000111111110001110011110000000000100000000001001000000110011000111000011111000
0000000000000000000001000001111100000111100000011000000000110000000000010000000000100000011001100000011111000000001100000
0000000000000000000000000111111110000100000000110000000001111110000000000011000110000010001111001000000111110000000000000
0000000000000000000001000000111110000111100000011000000001111100000011001000000000001000001000110000011111000000000000000
0000000000000000000000000000000000000111111100010000000000100000000000110000000000011000000011100000000000000000000000000
0000011111100001110000000110000000001100000000011000000000111110000000000110000000000100001111111000001111110000000000000
0000000000000010000000000111110000001111100000010000000000111100000000111100000000001000000000010000000001100000000110000
0000001100000001111111000111000000011000000000100000000001111000000000111100000000001100010000011000011111110000001110000
0000000000000001111100001111110000011000000000110000000001100000000001111110000000000110000010001100000100110000000111000
0000000000000000011000000111111110111000000001000000000011110000000001111000000000001100000000001000000000011000000001100
0000000000000011111000000110000000011111000000000011000000000011000000000010000000001100000000111000111111000000010000000
0000000000000000000001000001001110000011100000001000000000110000000000010000000000100000010001000000011110000000110000000
0000000000000000000000000001111110000110111000011000000000111100000000001000000000011000001000100000011111000000011000000
0000000000000000101110000001111000000110000000001100000000001100000000001000000000110000000111000000111100000000000000000
0000110000000011111100000110000000001100000000011111000000111111000000100010000000000100000000001000111111100000001110000
0000000000000000000000000000000000000011111100011111100000110000000011110000000000100000001011000000011100000000000000000
0000000000000111100000001000000000011001110000011100110000110000100001000000100000000001000000000100111111110000000110000
0000000000000000000110000011111000000100000000001000000000010000000000110000000000110000000100100000001001000000001110000
0000000010000000011100000001100000001100000000010000000000111000000000111100000000001100001000011000001111100000000100000
0000000000000000110000000001000000000100000000001110000000011110000000000100000000001000000000110000000111000000001000000
0000000000000000000001000011111100001110000000011100000000111100000011001100000000001000000000110000111111000000000000000
0000000001000001111111000011100000000100000000011000000000111110000001100110000000000100011110011000101111110000000010000
0000000000000000000000000000001100000011111000001000000000111000000001111000001000010000010001100000011110000000000000000
0000000000000000011100000011111100000110000000011000000000111100000000011100000000001000000000010000001111000000011100000
0000000000000000001110000011111110000100000000011000000000110000000011111100000100001000000000010000011111100000001100000
0000000000000000000000000001111110000111100000001100000000011000000000110000000000110000000001100000001110000001110000000
0000000000000000111110001111111110111110000001111100000000111100000000011100000000011000000000110000011111100000111111000
0000001100000001111100001100000000110000000000111000000000011110000000000011000100000110001100001000001111100000000000000
0000000000000000111110000100000000001000000000010010000000111110000001000010000000000100000000001000001000110000001110000
0000000011100000111110000010000000000100000000001000000000011000000000011000000000110000001011100000011110000000000000000
0000000000000000111001000011111110000110000000011000000000111110000001100100000000001100000000010000110011100000111100000
0000000000000000010011000001111110001111111100111100000001111100000000111100000110110000001111100000001111000000001100000
0000000000000001111000000110000000001111000000000011100000000001000000000010000100000100001000010000011111000000001100000
0000000000000000111110000011111100011000000000111110000000000010000000000100000000001000000000110000010011000000111100000
0000000000000000000100000001111000000011000000000100000000011000000000111100000000110000000011000000011100000000100000000
0000000000000001111100000010000000001100000000011111000000100011000000000010000000000100001000011000011001100000011110000
0000000110000000111110000011100000001110000000011000000000111110000000111110000000001100001100110000011111000000001000000
0000000000000001111000000010000000000100000000001100000000011100000000000100000000001100000000011000001000100000001110000
0000000000000000111110000011100000001100000000001000000000001000000000011000000000010000000000100000001011000000001100000
0000000000000001000000000110000110001111110000010000000000100000000001111100000010001000000000010000000001100000000100000
0000000100000001111100000110000000011000000000100000000001100111000011111111000000000110000000011000000111100000001100000
0000000000000000000000000011111110000011000000000110000011001100000110001100000110001000000111111000000001110000000000000
0000000000000000010111000001111000000011000000000100000000010000000000110000000000011000001000110000010011000000011000000
0000000000000000000011000011111110001100000000011110000000110110000000000100000000001000001000010000111111100000000000000
0000000000000000111111000011000000001000000000111100000000000111000000000010000000000100000000010000000011000001111000000
0000000000000001111000000010000000001000000000010000000000111100000000000100000000000100000000001000000000100000011110000
0000000000000000000000000000000000001111111100011111111000111100000000001100000000011000011011100000011110000000000000000
0000000000000000000110000010110000001110000000001100000000110100000000000100000000001000000000010000000101100000001110000
0000000000000000000000000000001110000001110000000110000000011000000001100000000111100000000001000000001100000000000000000
0000000000000011100000000010000000000100000000001010000000011110000000000100000000001000000000010000001001000000001100000
0000000000000000000000000000000000000001111100011000000001100000000011000000000001000000000010000000011000000000000000000
0000000000000000111111000011000000000100000000011000000000111110000000000100000000001000001100010000001111000000000000000
0000000000000000000000000001000110001111100000110000000011111100000000001100000000001100000000010000001111100000000000000
0000000000000000000000000000000000000111111100011111011001100000000001111000000000111000001111100000000000000000000000000
0000000000000000000011000000001110000010110000001101000000110000000000110000000000110000011111000000111110000000000000000
0000001000000001111000000010000000000100000000001011000000011111000000000010000000001100001000011000001111100000001100000
0000101000000001111100000010001000000100000000001000000000011100000000000100000000000000001110011000001111100000000111000
0000000000000000110000000111100000001100000000011100000000011000000000001000000000011000000000110000000001100000001100000
0000000000000000000000000000001110000011110000001100000000111100000000001100001100011000001111100000000000000000000000000
0001000000000111100000001100000000011000000000010000000000111111000001110110000000000100000000001100000111111000000111100
0000000000000000000000000011111000000110000000011000000000111110000000100100000000001000000000010000000000100000000110000
0000000000000000111111001111111000110000000001111000000001111110000000000110000000000100000100011000011111100000011100000
0000000000000000000000000000111110010001000000100000000001110000000000111000000000011000000010010000000011100000000000000
0000000000000000001110000011111100001111000000011100000000111100000000011100000000011000011111110000011111000000000000000
0000000000000001111110000110001100001000000000011000000000011000000000011000000000011000010000110000111111000000000000000
0000000000000000111000001111110000110000000001111111000011000111100000000000100000000001001000000110001111111000001111000
0000001000000011110000000100000000001000000000011111000000000011000000000010000001000100000010011000000111100000000000000
0000000010000000111110000000000000000100000000011100000000111110000000001100000000011000000011100000111110000000000000000
0000000000000000011111000011111110001111000000111000000001111100000000011100000110011000011100110000011111100000001100000
0000000000000000000000000001111110001111111101111111110011111100000010001100000000011000000001110000011111000000011100000
0000011100000011111100000100000000001000000000010000000000111111000001000010000000000100000111111000001111100000001100000
0000000000000000100000000011110000001111111100011111111000110000000001100000000001100000000011100000001111000000111100000
0000000000100000001110000011110000001100000000010000000000110000000000110000000000110000000000100000011111000000011000000
0000000000000000000000000000011110000111111000011000000001101111000011111110000000011100001011110000011100000000000000000
0000000100000000111100000011100000001110000000011000000000110000000000111000000000110000000100100000001111000000001100000
0000000000000000000000000000000000000011111100011100000000110000000001110000000100110000001111100000000000000000000000000
0000000000000111111000001111111100001000000000110000000000110000000000000000000000000001001100000010001110001000000111100
0000000000000000000000000000000000000111111100001111111000010000000000110000000001100000001111000000001110000000000000000
0000000000000000110000000001000000000110000000001111000000110010000000000100000000001000000100110000001111000000000000000
0000000000000000000000000000000000011111111101010000000001000000000000111000000000001100000000001000011111100000000000000
0000000001100000011111000111110000001000000000011100000001111110000010000110000000000100010000011000011111100000001000000
0000000100000000011000000000111100000011000000001100000000011000000000011000000000110000000011000000111100000001100000000
0000001110000000110000000011000000000100000000010000000000100000000001111100000000000100000000010000001111000000000000000
0000000000000000111110000010000000001100000000011110000000100010000000000100000000011000000000100000111111000000000000000
0000000000000000000000000000000110000011111100001100000000110000000001110000000000010000011111000000001100000000000000000
0000000000000000000000000001111100000110000000011110000000100010000000000110001000011000011111100000000000000000000000000
0000000110000000111110000111110000011100000000110000000001100000000011111100000000111100000000011000001111110000000011000
0000000000000000000111000001111000000110000000001000000000010000000000010000000000110000000001100000001110000000111000000
0000000111000000111000000100000000010000000000111111100001100001100000000001010000000010011110001100000111110000000000000
0000000000000000000011000011111110001111100000011000000000011000000000010000000000110000000000100000011111000000011100000
0000000000000000000000001111111110011111000000111000000001110000000011111111000011100110000000011100001111110000001100000
0000000000000011110000001111100000011001000000111111000001110011000000000011000000000110000000001100000111110000011111000
0000000000000000111000000111000000011000000001111111100011111011100000000011000000000110000010011000001101100000011110000
0000000000000000000000000000110000000011111100001110000000011000000000110000000011000000000110000000011100000000100000000
0000000000000000111110000011000000001100000000010000000000111100000000001100000000001000000000010000010000100000111110000
0000000000000000001111000000011110001100000000111110000000000100000000000100001100001000001111110000000111000000000000000
0000000000000011111000000110000000001000000000011111000000110011000011000010000000000110000000001000001100110000001111000
0000000000000000010000000111110000001000000000001100000000001100000000001100000000001000000000010000000001100000001110000
0000000000000000000000000000000000001111111100110110000001100000000001100000000000100000000001000000011110000000010000000
0000000000000000011111000001111100000011000000001100000000011000000001111000000111111000011000110000011111100000001100000
0000001100000001111000000111000000001111100000111111100001100001100000000011000000000110001100011000001111100000001110000
0000000000000000000000000011011110001100010000011111000000000010000000000100000000110000011111000000000000000000000000000
0000000000000000000000000000000000000011111100001000000000111000000000011000000000010000001111100000000100000000000000000
0000000000000011110000001111100000010000000000111111110001110000010000000000100000000001000100001100001111110000001111000
0000000000000011111100000110000000011000000000110000000001100000000001111100000000001100000000011000000101110000001110000
0000000000000000000011000000011100000011100000010000000001100000000001111000000000010000001000100000011110000000000000000
0000000000000000000000000000001110001101111000011000000001110000000001111100000000011000001111100000011111000000000000000
0000000000000000001110000001111100000100000000001000000000011110000000000010000000001100000011110000111100000000000000000
0000000000000000011110000011100000001000000000010000000000111110000000000110000000000100000000011000010111100000010000000
0000000000000000111000000111100000001000000000010011100000111111100000000011000000000110001000001000011001110000001110000
0000001111000001111110000010000000001100000000111011000001111111000001001110000010011100001111110000011111000000011000000
0000000000000000000000000000000000000011111100001100000000110000000000011000000000010000001111100000000000000000000000000
0000000000000000001110000011111100001110000000111000000000111110000000000110000000001100000000110001111111000000111100000
0000000000000001111100000111000000001100000000010000000001111111000001000001000000000010000000001000001001100000011100000
0000000000000000001110000011100000000100000000001000000000111110000000000100000000001000000000010000000000100000001110000
0000000000000000110000000111000000001000000000010000000000111110000001000100000000001100000000011000000000110000000111000
0000000000000000000000000000111100000011111100001110000000111111000000000110001111001000001111100000000000000000000000000
0000000000000001111100000110000000001000000000111110000001111110000000000110000000001100000000011000010001100000111110000
0000011000000001000000000110000000001100000000000110000000000110000100000010001100000110000110001100000011100000000000000
0000000000000000000000000000111110000011111000001110000000011110000000001100000001111000011111100000001000000000000000000
0000001000000001100000000010000000001000000000011000000000011100000000001110000000000100001000011000001111100000000000000
0000001000000001111100000110000000011000000001111110000001001110000000000110000000000110000100001100001111110000000010000
0000000000000011111110000110000000001000000000010000000001111110000011100010000000000100000000001000001101110000011111000
0000000011000000011110000001110000000010000000001100000000011000000000011000000000011000000001100000111110000001100000000
0000000000000011111100000111100000001000000000111000000001111110000000000100000000001100000000011000001001100000001110000
0000000000000000000000000111111100011111111000111100000001111100000001111100000000011000000001110000000111000000011100000
0000000000000000111110000011000000000100000000001000000000110110000001111110000000001100000000010000000011000000111100000
0000000000000000000000000000001110000011110000001100000000111000000000010000000000100000001001000000011100000000000000000
0000110000000001100000000110000000011110000000111111000001100011000000000010000001001110000111111100000111100000000000000
0000000000000000000000000000001110000001100000010000000000100000000001110000000000010000000111000000000000000000000000000
0000000000000000111110000111000110011000000000110000000001100000000001110000000000110000000000010000001110110000001111000
0000000000000000001110000001100000000110000000001000000000011100000000001100000000011000000000110000000011000000011100000
0000000000000000000000000001111110011111110000111000000001110000000001111000000000111000000001110000001111000000011100000
0000000000000001111100000001000000000110000000001000000000011110000000000100000000001000001000010000001111100000000100000
0000000000000000111100000111110000001000000000011000000000011110000000000110000010000100000110001000001111110000000100000
0000000000000000000100000001111110011110000001101000000011111100000011011110000000000100000000011000000111110000000110000
0000000000000000000110000001111000000111000000001100000000111000000000111000000000011000100000110001111111100000000000000
0000000000000000000110000011111100000111000000011000000000111100000000001000000000010000000000100000011011000000111100000
0000000000000000000000000000011110000010000000001100000000111000000011111000000000010000001101100000001110000000000000000
0000000100000001111000001100000000010000000000111111000011110011100000000001100000000010000000000100000000110000001110000
0000000000000001101110000011111100000110000000011100000000111100000000001100000000011000000000110000011111100000011110000
0000000000000000000000000011111110000100000000010000000001111100000000000100000000001000001001100000011110000000000000000
0000000000000000011110000011110000000110000000011111000000010011000000000110000000001100011011110000011111000000000000000
0000000000000000000000000000011110000011110000001110000000011110000011000100000111111000001111100000000000000000000000000
0000000000000000000000000000001100000011111100001100000000111110000000000100000100011000011111100000000100000000000000000
0000000000000001110000000010000000000100000000001000000000011110000000000100000000011000000100110000001111000000000000000
0000000000000000000000000011111110000110000000011000000000110000000001111110000001101100000001110000111110000000000000000
0000000000000011111110000111100000011000000001111111000011000011000100000011000000000010000000001100100000110001111111000
0000000000000001111111000111111000011000000000110000000000011000000000011000000000001000001000001000011100110000001111000
0000000000000000000000000000000000000001111100000100000000001000000100010000001000100000001110000000000000000000000000000
0000000000000000111110000011111000000100000000001000000000111100000001100100000000001000001000110000011011000000011100000
0000011000000011100000001100000000011000000000010000000000111111000001000011000000000010000010001100000111110000000110000
0000000000000000111000000001000000000100000000001000000000011000000000001000000000001000000000110000000111000000000100000
0000000001000000001110000011110000001100000000110000000001111110000000000110001000001100011111110000001110000000000000000
0000000000000000000000000000111110000111111100011001111000111000000001110000001110110000011111100000111111000000000000000
0000000000000011111110000011111110001110100000011111100000111100000000111000000000010000110000110001111111100001111110000
0000000000000000000000000000000000000011100000011000111000111100000000000100001000010000011111000000000000000000000000000
0000000000000000000000000001111110000110000000001000000000011000000000001100000000011000001111000000010000000000000000000
0000000000000000001000000001111110000111000000001100000000110000000001000000000011110000000101110000001111100000000100000
0000000000000000000000000001111110000111100000011000000001110000000001110000000000010000001101100000011111000000000000000
0000000000000000111000000001000000000110000000001111000000010011000000000010000000001000000000010000011111000000010000000
0000000000000000001000000000111100011000000000011000000000001000000000000100000000001000000000010000000010000000111100000
0000000000000000000000000000111110000000000000011000000001111100000000011000000111110000000111100000000000000000000000000
0000000010000000111100000010000000000111100000000000100000000000000000000001000000000100011100001000011111100000000110000
0000000000000000000000000000000000000000000000000000000000000000000000000000000000000000000000000000000000000000000000000
0000000000000000000000000000000000000011011100001111100000011000000000001000000000100000001111000000000000000000000000000
0000000000000001111110000010000000001000000000110000000000111110000000000010000000000100000000011000000011000000111000000
0000000000000000000000000000000000000111111100110000000011000000000010000000000011110000000011111000000000000000000000000
0000000000000000011100000011000000001000000000110000000000001100000000000100000000001000000000001000100000110000000110000
0000100000000001111000000011111000000100000000001010000000111110000001100110000011001100010000010000011111000000000000000
0000000000000000000000000000111110000011000000011000000000110000000000110000000000100000001001000000011110000000000000000
0000000000000001100000000100010000001000000000010000000000100000000000111000000000001000000000010000000000100000001110000
0000000000000001111110000111111100001100000000111110000000111111000000000110000010001100001100111000011111100000001110000
0000000000000000000000000000111110000111110000001100000000111110000000000110000110001000001111100000011100000000000000000
0000000000000000011000000111100000001100000000011111000000111111000000000110000000000100000010011000000111100000000100000
0000000000000001100000000010000000000100000000011010000000111111000000000010000000001100000000010000000101000000000100000
0000000000000001111110001111111100011100000000111000000000111000000000111000000000111000000000111000011111110000001111000
0000000100000000110111000010000000001100000000001110000000000110000000000100000000001000010000110000111111000000011000000
0000000000000111111110001100000000011000000000100000000001111110000010000110000000000110000000000100001100001100011100110
0000000000000000000000000000011110000000110000001000000000110000000000110000000000100000000111100000000110000000000000000
0000000000000000111000000011000000000100000000011110000000100110000000000100000000001000000000010000010011100000001000000
0000000000000000000111000000111110000011110000000110000000011100000000110000000001100000010011000000111110000000111100000
0000000000000001110000000111000000001110000000011111000000000011000000000011000000001100000000011000011111000000011000000
0000000100000000010100000001000000000010000000000100000000001000000000001000000000010000000000010000011111100000000000000
0000000000000000001110000011100000000100000000001000000000010000000000010000000000100000000000100000001001000000001100000
0000000000000000000000000000000000000001111100001111110000110000000000010000000111100000001110000000000000000000000000000
0000000000000000000001000011111100000100000000011000000001111000000000011000000000010000001001100000011010000000011100000
0000000000000000011111000001111000000110000000111000000001100000000011110000000000111000000000010000001011100000011110000
0000000000000000000000000000000110000000110000000111000000011010000000000100001111110000001110000000000000000000000000000
0000000000000000010010000001111100000010000000001111000000110011000000000110001100001100011111110000001110000000000000000
0000000000000001111000000010100000000111100000011000100000000001000000000010000000000100010000011000100001100001111100000
0000000000000000111111000111111110001100000000111100000001111100000000001100000000011000011100110000011111100000001100000
0000000000000000000011000111111000000100000000010000000000100000000000111000000000001000000000010000001000100000011110000
0000000111100000011111000001111000000111000000011100000000111110000000001110001110011100111111110000111110000000000000000
0000000000000000000001000111111100011000000000100000000001110000000000111110000000000110010000001100011101110000000100000
0000000000000000111000000001000000000100000000001110000000010010000000001100000000110000000011000000001100000000010000000
0000000000000000000110000001111100000111000000001100000000110000000000110000000000110000000000100000000011000000011110000
0000000000000000011111000001101110000110000000001000000000011000000000010000000000010000000000100000011111000000111100000
0000000000000000000000000011001100001111111000011000000000110000000001100000000011100000000011110000000001110000000001100
0000000000000001000110000111111000001100000000001110000000000110000000000110000000001100000000010000011111100000010000000
0000000000000001001110000111111000011111110000111110000001111110000001000110000010001100000100011000001111110000000110000
0000000000000001001100000011111100001110000000011111000000110010000000000100000000001000011000110000011011000000011100000
0000000000000000000000000111111110001000000000010000000000111000000000011000000000001000010000010000011111000000000000000
0000000000000000000000000000000000000000000100001111111000110000000000110000001101100000001100000000000000000000000000000
0000000000100000011110000001100000000110000000011110000001111110000000000110001100001100001000110000001111100000000110000
0000001100000001111110000110000000011000000000111111000001110011000000000011000000000010001000001100011111110000001100000
0000000000000000000000000000000000000001111100001110000000110000000000010000001111100000000000000000000000000000000000000
0000000000000001111000000011111100001100111000011000000001110000000001111000000000111000000100110000001111000000001110000
0000000000000000000000000001111100000111111100011100001000111110000000011100001110011000011111100000011110000000000000000
0000000000000001000000001111110000110000000001011111100111100001100100000001100001000011000010000100000011111000000011000
0000000000000000000000000000000000000001111100001100000000111100000000000100000110011000000111000000000000000000000000000
0000000100000000111100000011110000000110000000011100000001111110000011111110000000001100000011111000000111100000000110000
0000000000000000110000000010000000000100000000001100000000011110000000000100000000001000000000110000000111000000000000000
0000000000000000001000000111111100001000000000110000000000100000000000110000000000110000000000100000000001000000001110000
0000000000000000000000000000001110000111100000011100000000011100000000001000000000011000001111100000001100000000000000000
0000000000000001110000000010111100000100000000001000000000011000000000011000000000010000000000110000010001000000011110000
0000000010000001111000000110000000001000000000011100000000000110000000000110000010000110001100011000001111100000001000000
0000000000000000000000000011111110001100000000110000000000110000000000001000000000011000000000110000111111000000000000000
0000000000000000000000000111100000001000000000011111000000000011000000000010000000000100000110001000000111110000000000000
0000011000000001111110000110000000011100000000011100000000011110000000001100000000001100000111111000011111100000011000000
0000000000000000000000000111111100001000000000010000000000110000000000111000000000011000000000110000000001100000000111000
0000100000000011110000000111110000011100000000111110000000000110000000000110000010000110001111111100000111110000000110000
0000000000000001111000000010000000000100000000001111000000110001000000000010000000000100000000001000001000100000011110000
0000000000000000000011000001111100000111000000011001000000111000000000011000000000011000001111100000011110000000000000000
0000000000000001111110000111111000001111000000011111100000001111000000000111000000000110011000001101111111110001111111000
0000000000000011111110000111110000001100000000001110000000000110000000000010000000001100000000111000011111100000011100000
0000000000000000110000000011000000000110000000000110000000000110000000000100000000011000000000110000001110000000010000000
0000000000000011110000001110000000010000000001101111100011110001100010000001000011000011000100000100001100011000000111100
0000000000000000001110000001111110000110000000001000000000111000000001111000000000011000010000110000111111000000111000000
0000000000000000000011000011111110001111110000011000000000111100000000011100000000011000001100110000011111000000011100000
0000000000000001111100000111100000001000000000011100000000000100000000000100000000001000000100010000001101100000001110000
0000000000000000000000000111111100001100000000010000000001111100000000001100000000011000000000100000000011000000011100000
0000000000000011110000001100000000011110000000011111000000000011000000000010000110000110001110000100001111111000000011100
0000000000000000011110000011111100000110000000011100000000111100000000001100000000011000000000110000110011000000111110000
0000000000000000000000000001111110000111111100010000000000111000000000011000000000110000010001000000011110000000000000000
0000000000000001110000000010000000000100000000001111000000010010000000000010000000000100000100001000001111110000000111000
0000000000000000000010000000111100000011000000000100000000001100000000000100000000011000011001100000001000000000000000000
0000000000000000100000000010000000001000000000010000000000011000000000011000000000010000000000100000000001000000000110000
0000000000000011111110000111111110011111111100111000000001110000000001110000000001110000011111110000111111100000111111000
0000000000000011111110001111110000111111000001111111000000000011000000000011000000000110001100001100011111111000011111000
0000000010000000001100000111111000001111000000011000000000111100000000111100000000011000000101110000001111100000011100000
0000000000000000011110000011110100001110000000011000000000110000000000111100001000001100011111111000000111000000000000000
0000000000000001111111000011000000000100000000011000000000111000000001111100000000011100000000110000011111100000001000000
0000000000000000001111000001100000001100000000111110000000000010000000000010000000000100001000011000001111000000000000000
0000000000000000000110000011111110000101000000001000000000110000000001110000000000110000000001100000000010000000011100000
0000000000000000000111000001111110000110000000011100000000111100000000011000000000110000011101100000111110000000010000000
0000001000000001111100000110000000011100000000111110000000000011000000000110000100001100000100111000001111100000000100000
0000000000000000000000000000000110000011111100001100000000111000000000011000000011100000011110000000011000000000000000000
0000000000000000011111000011100000000100000000001000000000110000000001111100000000001100000001110000111110000001100000000
0000110000000001000000000010000000000110000000000011000000000011000000001100000000110000000111000000011100000000000000000
0000000000000000000000000001111110000100000000011000000000110000000000110000000000110000001111100000001110000000000000000
0000000000000000000110000011111110001100000000110000000001111110000011101110000000001100011011110000011111000000000000000
0000000000000000110000000010000000000100000000001000000000001100000000000100000010000100000100011000000100100000000100000
0000001100000000110000000011000000001100000000001110000000000110000000000110000000001100001000110000001111000000000000000
0000000000000000000011000001011100001111000000110000000001000000000000000000000001100000000001100000010011000000011100000
0000000001000000011100000111100000001100000000011000000000111111000001111010000000000100011000011000011111100000000000000
0000000000000000000111000011111000001110000000011110000001110110000000000100000000011000011001110000011111000000000000000
0000001111000001100000000011000000000011000000000010000000000010000000000100001100001000011100110000011111000000000000000
0000000000000000111100000011000000000100000000010000000000010000000000011100000000010000000001000000000110000000011000000
0000000000000001110000001100000000001000000000010111000000110011000000000010000000000100000000001000000100010000000111000
0000000000000000011110000111111100011111110000110000000001111100000011111100000000001100001000111000011111100000111100000
0000000000000011100000001111111110010000000000101111100001110001000110000001000000000011000000000100010000011000100001100
0000000000000000001110000001111000000111000000011000000001111100000011101100000000001000000000011000001111100000001110000
0000000000000000000000000011111000000111100000001111000000111011000001100100000010001000000000110000000011000000001100000
0000000000000001111111000111100000011000000001110000000001111100000000011110000110001100001100001100011111111000000111000
0000111100000001110000000011000000000100000000001100000000011110000000000110000000101100000111111000000111000000000000000
0000000000000000111110000011000000000100000000010000000001111100000111000110000000000110010000001000111011100000001000000
0000000100000011111100001000000000010000000000111100000000000111000000000011000010000010000100000100000111111000000011000
0000001000000111100000001000000000110000000001111111000010000001100000000001100000000001000010000110000111111000000000000
0000001100000001111000000010000000000101000000001111000000010010000000000010000000001000001000010000011011000000011000000
0000000000000000001000001011111100111100001001111100000011111110000000000111000000000110000000000100001000011000001111100
0000000000000111111100011111110000111111100001111111110000000001100000000001100100000011001100001100001111111000001111000
0000000000000000000000001111100000001000000000011100000000110100000001000100000000000100000000000100000000001000000000010
0000000000000000111100000011100000001100000000011110000000000110000000000110000000001100000000011001111111100000000000000
0000000000000000000111000001111000000110000000001100000000111100000001001000000000011000000000100000010011000000011000000
0000000000000000000000000000000000001111111100111000000000011000000000011000000000011000000001100000111110000000010000000
0000000000000000011100000001100000000011000000001100000000011000000000010000000000010000000000100000000111000000001110000
0000000000000000011110000001100000000010000000000100000000001100000000000100000000001000000000110000011111000000011100000
0000000000000001101111000011110000001100000000011000000000111100000000011100000000011000000000110000111111100000011110000
0000000000000000111110000011110000000100000000011110000000110110000000000100000000011000000000100000011011000000011100000
0000000000000000110010000001111110000111110000011000000000111000000000111000000000011000010000110000111111000000111100000
0000000010000011111100000111000000000110000000001111000000000111000000000010001000000100011000111000011111100000001100000
0000000000000111111100001111111000011000000000111111100001111111100000000001000000000010000000001100011111110000111110000
0000000000000000000000000000000110001111111000010000000000110000000000111000000000011000000001110000011110000000000000000
0000000000000000000000000000000110000001110000000010000000001100000110010000000111000000000110000000000000000000000000000
0000000000000000000001000000111110000001000000001000000001110000000011111000000000011000001100110000011111000000000000000
0000000000000000111000000011000000000110000000001110000000010110000000001100000000010000000001100000000110000000011000000
0000000000000000001111000011111110000111100000011110000000011110000000001110000000111000000111100000111100000001100000000
0000000000000000000000000011111110001000000000100000000010000000000001111110000000000100001000001000001111100000000000000
0000000000000000000000000000000000000001111100001100000000111100000000001000001000110000001111000000000000000000000000000
0000000000000000011100000011000000000000000000011100000000110110000000000010000000000100000000001000001000100000011110000
0000000000000011111100000111110000001100000000011111100000111001100001000010000000000100000000011000001001100000011110000
0000000000000000000110000000110000000011000000001100000000011100000001111000000010110000000001000000001100000000010000000
0000000000000000110000000001100000000100000000011000000000100000000000111100000000001000000000110000000011000000111000000
0000000000000111111100001100000000011000000000010000000000111000000000111100000000001100000000001000001110110000000111000
0000000000000000001110000000110000000011000000000100000000011000000000010000000000110000000011100000011110000000010000000
0000000000000001110000000111111000001000000000110000000001111000000001111000000001011000000001111000000001110000000001100
0000000000000000000000000000000000001111111100010000000001000000000011111100000000001000000000010000001111000000000000000
0000000000000000011111000011100000000110000000011100000001111110000011000110000000001100001100011000000111100000000110000
0000000000000001000000000011111000000111000000001110000000011110000000000110000000001100001100011000001111100000001110000
0000000011000000011110000001111000000110000000011000000000111100000000011100001000011000011111100000011111000000000000000
0000000000000000000000000000000110000001111000011110000000100000000001000000000001100000000011000000011100000000000000000
0000000000000000111000001111100000001100000000011110000000110010000000100100000000001100000000010000001000100000001110000
0000000000000000000100000011111000011000000000111100000000100100000000000100000000001100000000011000000001100000011100000
0000000000000000000000000000110000000111111000001000000000010000000000110000000000110000000111100000010000000000000000000
0000000000000000111110000111111110001100100000011110000000001110000000001100000000011000010000110000111111100000011110000
0000000000000000100000000111111100111100000011111000000011011000000011111100000010111110000000000100000000011000000011100
0000000000100000111111000111100000011000000000011111000000000010000000000110000000000100001000001000011111110000001110000
0000000000000000000000000001100000000011111100001000000000111100000001111100000000011000011000110000001110000000000000000
0000000000000000000110000001110000000110000000001111000000111011000000000010000000000110001100111001111110000000000000000
0000000000000011111000001111110000110000000001100000000011111111000011111010000000000110000000001000001111110000011111100
0000000000000000000011000001111100000011000000001111000000111110000001000100000000011000000000100000111110000000110000000
0000000000000000000110000011110000001111100000001000000000100000000000111000000000011000000000010000010000100000100110000
0000000000000001111110000111111100001111000000000111000000000011000000000110000000001100110000011000111111100000011111000
0000000000000001111110000111111100001100000000111000000001111100000001001100000000001100001000111000011111100000011110000
0000000000000001111110000011000000000100000000001000000000111000000001111100000011001000000000111000011111100000001100000
0000000000000000000000000000111110000111100000001000000000010000000000100000000100100000001101100000001111000000000000000
0000000000000000001111000011111110001110000000111100000001110000000001110000000000110000000000110000000011100000001110000
0000000000000000000000000001111110000111111100001100000000011100000010111100001100011000011111110000011111000000001000000
0000000000000000000010000001111100000110000000011100000000011100000000000100001000001100011111110000001111000000000000000
0000000100000000111100000011110000000110000000011000000000111100000000011100000000001000000100110000001111100000000100000
0000000000000000000010000000011110000111111000001100000000011000000000010000000000110000011111100000111110000000000000000
0000000000000000010000000111110000001110111000011100000000111100000000111100000000011000000010110000000111000000001110000
0000000000000000111100000011110000001100000000011000000000111100000000001100000000001100000000110000000111000000011000000
0000000000000000000000000010011110001100000000010000000001111000000001011000000000011000001001100000011110000000000000000
0000000000000000000000000000000000000001111100001110000000011110000000000100001111110000011110000000000000000000000000000
0000000000000000111111000001000000000100000000011100000000011110000000000100000000001000011000110000011111000000000000000
0000000000000001110000000110110000001100000000111000000001111110000000000110000000001100000000011000001111110000000010000
0000000000000000011100000000111100000011000000000110000000001100000000011000000000010000001001100000011011000000011100000
0000000011000000111111000011111000000110000000011000000000110000000001111000000001111000001011110000011111000000111000000
0000000000000000000000000000001100000011111100001100000000011100000001001000001111110000001111100000001100000000000000000
0000000000000000111000000110000000001000000000111111000000000001000000000001010000000010011111111000000000000000000000000
0000000000000001111111000110000000011000000000111000000000111000000000111100000100011100000110011000000111110000000000000
0000000000000000000110000001111110000111100000011000000001111000000001111000000000110000000000110000011111000000011110000
0000000000000000000000000000011100000011111000001100000000110000000001111000000000010000011111100000011100000000000000000
0000000000000000010000000001111110000111000000001000000000110000000001100000000001000000000010000000000010000000111100000
0000000000000000111111001111111110001110000000000110000000000010000000000110000000000100010000001000111011110000111111000
0000000000000111111100001101100000010000000000110000000000111110000000000100000000001100000000001000001100110000011111000
0000000000000000000000000111111110001111000000110000000001111000000001011100000000001000001000001000010000110000011111000
0000000010000011111100000010000000000100000000001010000000111110000001100110000000000100011000011000011111100000001000000
0000000100000011111000000110000000001000000000010011100000111001100000000011000010000110001100011000011111100000001010000
0000000000000000000011000011111100000100000000011000000000111100000011111100000100001000001100110000001111000000000000000
0000000001000000111110000010000000001000000000011100000000001100000000001000000100011000001000110000011111000000011100000
0000000001100000001111000000111000000111000000001000000000111000000011111000000000010000001011100000011110000000000000000
0000000000000000000000000000000110000011110000000100000000011000000000011000001000100000011110000000000000000000000000000
0000000000000001111100000111111000001101100000011111000000111111000001000110000000001100000000110000011111000000011100000
0000000000000000000000000000000000000110000000000011100001111100000100000000000000000000000000010000000001000000000000000
0000000000000011111111001100000000110000000001110000000000011111000000000011000000000110000000111100011111110000000000000
0000000000000000000000000000000000000000000000001111111000111000000000011000000111100000000000000000000000000000000000000
