0000000000000000110000000011100000000111100000001001000000010011000001100110000010001100000100010000001101100000000010000
0000001000000000110000000001110000000111110000001000100000110001000001000110000110011000001101110000011110000000011000000
0000000000000000111110000011110110001111001100111000011001100000100111000001001110000110011000011000011111110000011110000
0000000000000001111000000111111100011111111100111111011011011101100110000011011100001110011000111000111111100000011100000
0000001100000000111100000001111000000111011000001100100000110011000011001100000110010000001111100000011110000000010000000
0000001100000000111100000001001000000110010000011000100001100001000011000110000100011000001111100000011110000000000000000
0000000010000000001100000000111000000011010000001100100000110001000011000110000110011000001001100000011110000000100000000
0000000100000000110000000001110000000110100000001101000000110010000001101100000011011000000111110000000111000000000000000
0000000000000000110000000111111100011101111001100010010011000001100100000011011100001110011111110000011111000000000000000
0000000000000011110000000101110000011100100000011001100000110001000001000010000010000110000110001000000110110000001111000
0000000000000000000000000000111000000111111000111110010011111001100101100110000011111000000111100000000000000000000000000
0000000000000001111110000111101100011100001000110000010001100000100010000011000100001100011000110000011011100000011100000
0000000100000001111100000110001000001100010000110000100001000001000010000110001100001000001001110000011111000000001000000
0000000000000001111000000111111000001100010000110000100001100001100011000011000100000110001110011000001111110000001110000
0000000000000000001110000011111110011100000100100000001010000000110100000001001100000110011111111000001111000000000000000
0000000000000000001110000001111100000110001100011000011001100000110111000011001100011100011111110000010000000000000000000
0000000000000001111000000111111000001000011000110000110001000000100110000011001100000110001000001000011111110000011110000
0000001100000001111100000111011000011100110000110000110011100001100110000111001100001100011001111000011111100000011100000
0000000010000000111110000011111100001111011000011100110001110001100011000111000110111100001111110000011111000000011000000
0000000100000000011000000001011000000100010000011000010000100000000011000010000110000100001100010000001111000000000000000
0000000000000001111000000111111000011010110000110001100001000001000010000010000110000100001100011000001111100000011100000
0000000000000000111100000001100000000110100000010000100001100001100010000001001100000010001000001100011111110000001100000
0000000000000000000000000000111100000011111100011111110001110011100110000110001000011000011111100000111100000000000000000
0000000100000000111100000011111100001110001000011000010001110000100011000011000100011100001001110000011111000000010000000
0000000000000000001100000000111100000011111000001101110000110011100011001110001100111000011111100000111100000000000000000
0000000000000000001000000111111100011000011001100000011011000000110100000001001000000110011000011000011111100000001100000
0000000000001111110000011111110000011000110000110000110001000001100011000001000110000111001111111100001111110000000100000
0000001100000000111100000011111100001110011000111000011001110001100011000011001110001110011111111000011111100000011100000
0000000000000000011010000001110110000110001000011000010001100000100110000011001100001110011111111000111111000000000000000
0000000000000000000000000000000000000100010000100000010010000000010100000000100111111110000000000000000000000000000000000
0000001000000000100000000011100000000101100000011001100000100001000001000010000011001100000011110000000011000000000000000
0000000000000000111100000111111000001101111000110000110001100001100110000011001100000110011000111000011111100000011110000
0000000000000001110100000010000100001000001000110000000001000000100010000001000100000100001000011000011111000000001000000
0000000011000000011110000011111110001111011100111000010001100001100111000011001100011100011111110000011111000000010000000
0000000000000000001100000000111000000011010000001100100000010001000001100110000010001000001100100000011110000000011000000
0000000010000000011110000000100100000011001000001100010000110000100001000010000100001000001000100000111110000000110000000
0001110000000011110000000010110000010000110000100000100001000001000010000010000100000100001110111000001111100000000000000
0000000000000000000000000001111000001110111100110011001001001000110110000011001000001100011000110000011110000000000000000
0000000010000000011110000011111100001110011000011000110001110001100011000110000110011100001111110000011111000000011000000
0000000000000000000000000001111000001111111000111000011011110000110110000011001100111100011111110000001100000000000000000
0000000000000001111100000111111000011110011001111000010010110000100111100001000110000110001100011000011011100000111100000
0000000000000000000000000011110000011111111001110000110010000000100100000001111000000010010000001100110000110000000000000
0000000010000000011110000001101100000110000000011000010000100000100011000001000100000110001000011000011111100000001100000
0000000000000011111000001111111000011110011000111000110001100001100011000011000110000110001100011100001111110000011111000
0000000000000001111100000111111100011100011000110000010001100001100011000011000110001100000110011000001111100000001111000
0000000000000000011000000001111100000110011000111000110011100001100110000010011000001100110000110000111111000000000000000
0000000000000001011000000110011000010000001001100000010011000000100110000001000100000010001100000100001111110000000110000
0000000000000001111100000011111110001110001100111000011001100000110111000011101110001110011111111000111111100000111100000
0000000000000000011100000011111100001111011100111000001001100000110111000001101100001110011001111000111111000000011000000
0000000010000000001110000001110100000111001000011100010001110001100011000110000110011100001111110000011110000000011000000
0000011000000011111000001100110000010000100000100001100001000011000010000010000100001100001100011000001111100000000110000
0000001100000001111100001111111000011111111001111001110011000011100110000111001111111100011111111000011111100000001100000
0000000000000001111000000111111100011111001100110100011011000000110110000001001100000110011100011000011111100000011100000
0000000110000000111000000011000000001100000000011011100001100100100010000001001100000110011000011000011111100000000000000
0000001000000000110000000011011000000100010000011000100000100001000011000010000110000100000100010000001111100000000100000
0000000000000000111100000011111100000110011000001100010000110001100001100010000110001100001101110000011111000000111100000
0000001000000000111000000001111000000111110000011111110001111001100011000011001110001100011100111000011111000000000100000
0000000000000111110000010000110000100000110001000000100010000000100110000001100100000001001000000110001111110000000000000
0000010000000011110000000100000000011001110000100000110011000000100110000001000100000010001100001100001111110000000110000
0000000000000000110000000111111000011000011000100000011011000000110110000001101100000010001000001000011000100000001110000
0000000000000000111100000011101000000111001000001000010000111001100001000000000100000100001000010000010000000000011100000
0000000000000000011100000011111100011101111000110000110011000001100110000011001100000110011000001100011111110000011111000
0000001000000000111100000011111000000110010000011000100000110001000001000110000110001100001101110000011110000000000000000
0000011000000001111000000110111000011000110000100001110011000001100110000011001100000110001100011000001111100000000000000
0000000000000001111000000010010000001000110000010000100000100001000001000010000010000100000100011000000111100000000110000
0000000000000000000000000001111110000111001100011000011001110000110110110011001100001100011001110000111110000000000000000
0000000000000001111000000000011000000110010000001100100000100001000001000010000110000100001100010000001001100000001110000
0000000000000000011100000001111000000110110000001100100000110011000001100100000010001000001100110000011111000000011100000
0000001000000000111100000011111000001100110000110000110001100001100110000011001100001100011111111000011111100000010000000
0000001000000000011000000001110000000100010000001000100000100001000001000010000100001000001001100000011100000000000000000
0000001000000000111000000111011000001000010000110000100011000001000010000010000110001100001100010000001111100000000100000
0000000000000001011000000111111000011101111000110001110011100001100111000011001110000100011100111000011111100000011100000
0000000000000000110000000001110000000110100000001101000000010010000000100100000001011000000010100000000110000000000000000
0000000000000001111000000111111000011101111000110000010011100000100111000001101110000110001111111100001111110000001110000
0000000100000000111000000011110000001101110000011001110001100011000011000110000100011100011111110000011111000000011000000
0000000000000001111100000011001000001000010000010000010000100000100011000000000110000100000100001000001111100000000110000
0000000000000000011110000001110100000110001000011000010000110001100011000110001100111000011111000000111000000000000000000
0000001000000000111000000011010000001000100000010001000001000011000010000110000100001100001000110000001111000000001100000
0000000000000000011110000011111100011111111000111111111001110111100111000111001100011100011111110000011111000000011000000
0000000000000001111100001110001100110000001001100000010010000000100100000001001100000010011100001100011111110000001110000
0000001100000000111000000011110000000110100000011001000000110010000011000100000110011000000111110000001111000000000000000
0000000000000001111100000111111100011000001001100000011010000000010100000000101000000011011000000100011001110000011110000
0000000000000001111110000111111110011110001100111100011011110000110111000001101110000111001111111100001111110000000000000
0000000000000001011000000110010000001000010000110000010001000000100010000001000100000010000100001000001111100000000100000
0000000000000001111100000001111100000110001000011000010001100000100011000011001100001100010000110000100110000001111000000
0000000000000000110000000111111100011111111100111000011011100000010101000000101010000011011100011100011111110000000000000
0000000000000000000010000000111110000111111100011100011001100001100111000110001100011100011011110000111111000000000000000
0000000000000000111000000111111000011111111001111100111011000000111110000011111000001110011011111000111111100000001000000
0000000010000000011100000001111000000111010000001100100000110011000011000110000110011000011011100000111110000000110000000
0000000100000000111110000001111100000111111000011100110001110011100111001110001100111000011111110000111110000000010000000
0000001000000001111000000010011000001100110000110000100001100011000010000110000100001100001111110000011110000000000000000
0000011000000000111000000011011000000110010000011000100000110001000001100010000010001100000111110000001110000000000000000
0000010000000001110000000010110000001011110000010000110001100000100011000001000100000110001100011000001111100000001110000
0000001000000001111000000010001000001000011000110000010001000000100010000001000100000100001000011000001111100000001100000
0000000000000001111000000111111000001100110000010000100001100001000011000010000010000100000100011000001111100000001111000
0000000000000000111100000011111000001110110000011000100000100001100011000011000110000110001110011100011111110000001100000
0000000000000011100000001100100000010000100000100001100001000001000010000010000110000010000100001100001110110000000111000
0000000000000001111000000111111000011110111000111110111011000001110110000011111100000110011111111000011111100000000000000
0000000000000000001100000000111000000001000000000101000000011010000000100100000011010000000100100000001110000000000000000
0000000000000000011100000001101100000110011000001100100000110011000001000110000110011000001100100000011110000000011000000
0000000000000001111000000110010000001000010000010000100000100001000011000110000110001100000100110000001111000000001100000
0000000000000001111000000111110000001100110000011000100001100001100001000010000010001100000110111000001111100000000100000
0000001000000001111000000111110000001100010000010000100000100001000001000010000010001100000100110000001111000000001100000
0000000000000000001100000001111100000111111000111000110011100001100111000111001111011100011111110000011111000000000000000
0000000100000000111000000011110000001111100000011011000000100010000001000100000010001000000110110000001111100000000100000
0000000000000000011100000000111000000011110000001100110000110001100011100110000110001100011001110000111111000000010000000
0000001000000001111100000111111100011100011101110000111011000001110110000011001100011100011111110000011111000000010000000
0000000100000000111100000001101100011000011000010000100001100001000011000010000110001100001100110000011111000000011000000
0000000000000000111100000011111100001111001000110100010001101000100011000011000100001100001001110000011111000000111000000
0000000000000000011100000001111100000111111000011100110001100001100110001110001100111000011111100000011100000000000000000
0000000000000001101100001111111100011110011101100000011011000000110110000001101100000011011100011100011111110000011110000
0000000000000000111100000011101100001100011000011000010001100001100011000011001100001100001001110000011111000000000000000
0000110000000011111000000111110000001111110000011001100001110011000011000110000110001100001111111000001111100000000100000
0000011100000001111100000011011100001110011100011100011001100000110011000011001100001100011000110000111111000000001000000
0000000000000000000000000000111000000011111100001100011001110001100111000010001100111000011111000000000000000000000000000
0000000000000000000000000011111100001110001000100100001011000000010100000000101000000010011000001100011111100000000000000
0000011100000001111100000010001100000100001000010000010000100001100011000010000110001100001100110000011111000000001000000
0000000000000000001110000111111100011001001101100000011011000000110110000001101100000110001101111000001111000000000000000
0000001000000000110000000100110000001000010000010000100000100001000000000010000000001000000100110000001111000000000100000
0000011000000001111000000110011000001000010000110000110001000000100010000001000100000110001111111000001111100000000000000
0000000100000001111100000111001100011100001100110000011011000000110110000001001110000110001100011000011111100000001110000
0000001000000000111000000011111000001110110000110000110001100001100110000011001100001100011101110000011111000000000000000
0000000010000000011100000001111000000110011000011100110001110001000011000110001100111000011011100000111100000000100000000
0000001000000000111100000011111100000110011000011000110001110011100111000110001110011100011111110000111110000000111000000
0000000100000000111110000011101100001110011000111000110001100011100110000110001100011000011011100000111110000000010000000
0000000000000000000000000010001000011111111000110111011011001000110110000001001100001110001111111000001110000000000000000
0000000000000000000000000000000000011100001000100000001010000000110110000110000111110000000000000000000000000000000000000
0000001100000001111100000111111000001100011000110000011001100000110111000011000110001110001100111000011111100000001100000
0000000000000000011100000001111100000111001000011100010000110001100011000011001110011100011001110000111111000000111000000
0000001000000001110000000111110000001100100000011001100000100001000011000011000110000110000110011000001111100000000110000
0000000000000000110000000011110000000100110000011000100000100001100010000010000000001100010000010000110001000000111100000
0000001100000001111100000011011000001100010000110000100001100001000010000010001100001100011001110000011111000000011000000
0000001100000000111100000011011000001100011000010000110001100001100011000010000100001100001100110000001111000000000000000
0000001000000001111000000011110000001110110000011001100000100011000011000110000110001100001101110000011111000000000000000
0000000000000000000000000001111100000111111000011111110001100000100110000111001000111000111111100000111100000000000000000
0000000000000000011100000001101000000110010000011000100000100001000001000110000010001000000100110000001011000000011100000
0000000000000001100000000101110000000010100000001100100000010001000000100010000001001100000110010000000101100000001110000
0000000000000000000000000000011000000001111000011111110001100000100100000001010000000100000000001001111101000000010000000
0000000000000000001110000000111100000011001000001100110000110001100011000110001100011000111011100001111100000000100000000
0000000000000000000000000000110000000100100000011001100000100011000001000100000010010000000101100000001110000000000000000
0000000000000000011110000001111100000110001100011000001001110000110010100011001100001100010000110000111111000000110000000
0000000100000000011110000011101100001110011000011000110001100001000110000010001100001100011000110000011111000000010000000
0000111000000011110000001101100000010001100001000001100010000001000100000011001110000110000111111100000111111000000000000
0000010000000001100000000110011100001000001000110000011001000000110110000011001100001100011001110000011110000000000000000
0000000000000000011100000001111100000111100100011110001001111000010010100001001101000110010000011000111111000000111000000
0000000000000000111100000011111110001110000100111000001011100000010111000000101100000010011000001000110001100000111100000
0001100000000111110000011111110000110000110000100000110001100000100011000001000111000111000111111100000111110000000011000
0000000000000000000000000000111000000110001000011000010001000000100100000011001000111000011110000000000000000000000000000
0000010000000001110000000111100000001111100000110001100001100001100011000011000110000110001100011000011111100000001100000
0000000000000001111100000111011100001100001100111000001001100000110011000001100100000110001000011000011111100000111100000
0000000000000000000000000000111000000011111100001100001001100000110110000011001111111000011100000000000000000000000000000
0000000000000000000000000011101100011111001101110000011011000000110110000111001111111110001111110000000000000000000000000
0000000000000000001110000001111110001111001100110000011011000000110110000111001000011100011111100000011100000000000000000
0000000000000011111000001111111000011000111001100000110011000001100110000011001110000110001111111000001111100000000110000
0000000000000000111110000011111110001111001100111110011001101100110110000011001100001110011011111000111111000000011000000
0000000100000000011110000001111100001110011000011000110001100001100110000011001100000100011000111000111111100000010000000
0000001000000001111000000111111000001101111000110110111011100000110110000001101100000111011000111100111111100000011000000
0000000000000000011000000001111000000111010000011100100000101001000001000010000010001100000100010000001111000000001100000
0000000000000000011100000001100100000110001000011000010001100000100110000001001000000100110000110000111110000000000000000
0000000000000001111000000111111000001110110000011001100001100011000011000110000110001100001100110000001111000000011100000
0000000000000000000110000000111010000010000100011000001001100000100010000010001000001000010001100000111110000000100000000
0000000000000001111000000011111000001100110000011001100001100011000011000110000110001100001111110000011111000000011000000
0000000110000000001100000000101000000010010000001100100000110001000001000010000100001000001001100000011110000000000000000
0000010000000001110000000011010000000100100000011000100000110001000001100010000011001000000110110000000111000000000100000
0000000000000001110000000111110000011000110000100000100001000000100010000001000100000010001000001000001101110000001110000
0000000000000001110000000011110000000100110000011000100001100001000010000110000100001000001000110000011011000000010000000
0000000000000000011100000001101000000100010000010000100001000001000010000110001100001000011000100000011110000000010000000
0000000000000001111000000110111000001000011000100000010001000000100010000001000100000010001000001000011101100000001100000
0000000000000000111100000011000100001000001100110000001001000000110110000001001000000110011000001000011111100000001100000
0000000000000000001100000000110000000011000100001100010000100001100011000010000100001100001000110000011111000000000000000
0000000010000000011110000001111100000011001000001100010000110001100011000010001100001100010011110000111110000000100000000
0000000000000000011100000001100100000110001000011000011001100000110011100001001100000110011000011000110011100000111100000
0000000000000111000000011111111000110111111001100110111011000000110110000001101111100111001111111100000111100000000000000
0000000000000000111110000001111100000110011000001101110000110011000011101100000110110000001111000000111100000001110000000
0000000000000000000000000011111100001111001100100000001011000000010100000001101000000110011000111000011111000000000000000
0000010000000011001000001000001000010000010000100000100001000001000010000010000010000100000100001000000100100000000010000
0000000000000000000000000000110000000111101100011111011001100000100110000110001100111000001111100000000000000000000000000
0000000000000000110000000001111000001011011000110000010011000000010110000000101100000001001000001100011111110000000000000
0000000000000000111000000011011000001100011000010000010001100000100010000001000100000110001000001000011111100000001100000
0000000000000000000000000001111000011110111001101000001010000000010100000000101100000010001100001100001111100000000000000
0000000000000001110000000011010000001100110000011001100000110011000001100110000011001100000110110000000111100000000000000
0000000000000000001100000001111000000111001000010000010000100000100010000010000100000100001000000000001001100000011110000
0000000000000000011100000001111000000110011000001000110000110001000001000110000100001000001000100000011011000000011100000
0000000000000000110000000011110000000100100000011001000000100010000001000110000110001000001100110000001011000000001000000
0000000000000000111000000011001000001110010000011000110000100001100011000010000110001100001100010000001001000000011100000
0000000000000001111000000011110000000110110000001101000000010010000001100100000011011000000110110000000111000000000100000
0000000000000001110000000110110000001100100000110000100001100000100011000001000110000010001100001100001111110000000000000
0000000000000001111000000111111000011000010001100000010011000000110100000000101100000011001111111100001111110000000000000
0000000000000000000000000011111000001111111000111010011011000000100100000001101000000011010000001100111101110000011000000
0000000000000000000000000011100000001111110000111111110011000111110110000011101110000110001111111000000011000000000000000
0000000000000000001100000001111100000111111000011110110001100001100110000111001100001100011111110000111111000000000000000
0000000000000000011000000011111100001111111000111001111001000000110110000001001000000110110000111000111111000000111100000
0001100000000111000000011100111000110000011001100000011001100000110011000001100111000011000111111100000111100000000000000
0000000000000001100000000011110000001100011000011000110001100001100011000011000110001100001100110000011111000000001000000
0000000000000000011110000001111110000111101100011100110001110001100111000110011101111000111111100000111100000000000000000
0000000000000000011100000001111000000111011000001100010000110001100011000011000110001100001100110000011011000000111100000
0000000000000000011100000001111000000111010000001101100000110010000001001100000110110000001011100000011110000000010000000
0000001100000000001100000000101000000011011000001000110001110001000011000110001100011000011111100000011100000000000000000
0000000000000111110000001000011000010000011000100000011001000000010010000000100100000001001100000100001111110000000100000
0000000000000000000110000000011110000011111100001110011000110000100011000110001101111000011111000000111000000000000000000
0000000000000001100000000111111000011000111101110000011011000000110110000011101110011110001111110000001100000000000000000
0000000110000000011100000001111100000111110000011101100001110011000011001110000110111000011111100000011110000000010000000
0000000000000000111100000011111000011100110000111001100001000011000010000110000110011000001111110000001111000000000100000
0000001100000000111100000011001000001100010000010000100000100001000001000010000010000100000100001000001111100000000110000
0000000000000001110000000110110000001000010000100000010001000000100010000001000100000100001100001000001100100000001110000
0000000000000000111100000011111100001100011000011000110001100001100011000110000110011100001111110000011111000000000000000
0000001000000011111110000100001100011000001001100000010010000000100100000011001000001100011000110000011111000000001100000
0000001000000001110000000111110000011100110000110001110001000001100110000011001100001110001100111000001111100000000000000
0000000000000011111000001111111000011000110000110000100011100001100111000010000110001100001111111000001111110000000110000
0000000010000000111110000111100000011100011001110000010011000000100100000011001100001100011000110000011111000000000000000
0000000000000000111000000001110000000110110000001011100000110101000001100010000011001100000110010000001101000000001100000
0000001100000000011100000000111000000011110000001101100001110011000011000110001100011000011111110000011111000000000000000
0000000000000000001110000000111100000011111000001100110000110001000011000110000100011000011111110000011110000000000000000
0000000100000000111000000011111000001100011000011000010001100000100011000011000110001110001100111000011111100000001000000
0000001000000001111000000111111100011111111100111000111011100000110111000011001110000110001111111100011111110000001100000
0000000100000000010110000110100100011010001000100100010001000000100010000001000100000010001000001000001111100000001000000
0000010000000001101100000111011100001100011000110000010001100001100111000011001100001100011100110000011111000000001000000
0000000000000001110000000011110000000100010000011000100000100001000001000100000010001000000100100000001110000000001000000
0000001000000000111000000001010000000110110000001001100000110011000001000100000010011000001101100000011110000000011000000
0000000010000000011110000001110110001110000100111000001001100000110110000011001100001100011001110000011110000000000000000
0000000000000000000000000000000000000111111100011100010001110001100011001111000111111000001111000000000000000000000000000
0000000000000001111000000111011000011000011000100000010001000000100010000001000100000010001100001100001100110000001110000
0000001000000000111000000011011100001100101000110000001001000000110110000001001100000110011000111000011111000000001000000
0000000100000000011100000001101100000010011000001000100000010001000001000110000010011000001101100000011110000000011000000
0000000100000000011100000001101100000110001000011000010001100001100011000011000110001100001100110000011111000000010000000
0000000000000000000000000011111100011111111000111111111011111001110110000111011000111100011111110000111111000000000000000
0000000000000000000000000011111000001100011000100000110010000000100100000001111000000010010000001100111111000000000000000
0000000000000000011100000001111000000111110000011001100001100011000010000100001100001000011000110000010011000000111100000
0000000000000001111000000111111000001100011000110000010001000000100010000001000100000110001100111000011111100000000000000
0000000000000011111100001110001100110000001101100000001010000000010100000000101100000110011101111100011111100000000000000
0000000000000000110000000011111100001111111000111110011011101000110110000011011100001110011001110000111111000000111000000
0000000000000000111000000011010000000110100000001001000000110010000000100100000001011000000010100000000111000000000100000
0000000100000000111100000111001000001100000000110000110011000001110110000001001100000110001100011000011111100000001000000
0000000000000000011110000001111100000110001000001000010001100001000010000110001000001000010001100001111110000001110000000
0000000000000000011000000001110000000100010000010000100000100001000010000010000100000100001000010000010001000000011100000
0000000000000000111000000010001000000100010000010001000000100010000010000100000100001000000100010000001101000000000100000
0000000000000000011100000011111100001111111100011100011001110000100011000111001100111100011111110000111110000000000000000
0000000000000000000000000000000000111111111000100100111010000000110100000001001000000110011000011000011111000000000000000
0000000010000000011110000001111100000110011000011000110001100001100111000010001100001100011000111000111111100000001000000
0000000000000000110000000111111000011001111001100001010011000000111100000001101100000011011100001100011111111000000011000
0000000000000010111000001111011100011000001101100000011011000000110110000001101100000010001100001100001111110000001111000
0000000000000000111000000111111000011111111001111111110011100001110110000111101101111110011111111000011111000000000000000
0000000000000000000000000011111100001111000100111000001001000000010010000001001100000100011001110000011110000000000000000
0000000000000000011000000001111000001111110000011111100001101011000011000110000110001000001100110000001111100000001110000
0000000000000000111000001111010000011000110000110000100001100001100011000011000110000110000110001100000110110000000111000
0000011000000001111000000110011000011000110000110000100001100001000111000011000110000100001100011000001111100000001110000
0000000000000000111100000111111000001000110000110000100001000001000010000010000100000100011000011000011111100000001110000
0000000000000111111000000000111000000000111001110000011011000000110110000001101110000110001110111100001111100000000000000
0000000000000000111100000011101100001110001000011000110000110001000011000010000100001100011000110000110011000001111100000
0000000000000000000011000000011110000011111100011110010001110001100110000010001000001100011111110000011110000000000000000
0000000000000000000000000000111100000011101000001100010000110001100110000110001101111000011110000000000000000000000000000
0000001100000001111100000110011000011000011001110000110011100001100011000011000110000110001110011000001111100000000100000
0000001000000001101000000110010010011000000100100000001011000000010100000001101000000010011000011100011111100000000100000
0000000000000001110000001111110000111000010011000000010100000000101000000001111000000010011000001100011111110000000110000
0000000000000000111000000011110000001111111000111000111001100000110110000001101100001110011001111000011111100000010000000
0000000000000000111000000011111000000111011000001100010000111001100011000010000110001100001000110000011111000000111100000
0000000000000000011110000001111100000111011000001000100000110011000001001100000110010000001101000000011110000000111000000
0000111100000111111000001100011100110000011001111000010001100000110110000001101100000110011101111100011111110000011110000
0000011000000000111100000011111100000110011000011000110001110001100011000011001100001100011111111000011111000000011000000
0000000011000000111110000011001100001100001000110000110001100001100010000110001100011000011011100000111110000000100000000
0000000000000000111100000011111100001111001000111000010011100000100110000001101100000110001111111100011111110000000000000
0000000000000001111000000111111000001100111000110000110001100000100010000001000100000010001000001100011000110000011111000
0000000000000001111000000100011000011000010000110000010001000000100010000001000100000010001000000100011000010000001111000
0000000010000000001110000000111100000110000000000000010001000001100110000110001000111000100111100000111100000000000000000
0000000000000000001111000001110100000110011000001000100000110011000011001100001100110000010111000000111100000000000000000
0000001000000001111000000010011000001100110000010000100000100001000001001000000010011000000110010000000111100000000110000
0000000000000000000000000111110000011111111001110000011011000000010110000001101110000110001111111000000000000000000000000
0000000000000000000000001111110000010100011001100000011010000000010100000001101000000010001000111000011111000000000000000
0000000000000000111100000011111100001100001000110000010011000000100110000001101100000010011111111100000111100000000000000
0000010000000000100000000001100000000111000000001011000000110010000001000110000010001000001100110000001111000000000000000
0000000000000000111100000011111100001110011100111000011001110000100011100011000110001100001100110000011111000000011000000
0000000000000111100000001111100000010001100000100001100001000001000010000011000100000010001000000100001000001000001111100
0000000000001101111100011111111000101000011011000000110010000001100110000011001110000110001111111000001111110000001111000
0000000000000000011010000000111100000111111000011100110001100011100011000110000100011100011001110000111111000000110000000
0000000000000000011100000011101100001110001100111000011011010000110110100001001100001110011111111000011110000000000000000
0000000000000000001110000000111110000111000100011100011001100000100110000011001100001100010000110000111110000000000000000
0001001000000010001100000100001000011000010000100000010001000000100010000001000110000110000110011000000111100000000000000
0000000000000000011000000001111000000110010000011000100000100000000001000010000010000100000100001000001101100000001100000
0000000010000000001100000000111000000011110000001111000000010110000001101100000110110000001101100000011110000000011000000
0000100000000011111100001100001000010000011000100000010001000000100010000001000100000010001100001100001111110000000000000
0000000000000001111000000011111000001110010000010000110000100000100011000001000110000010001100001000001000110000011110000
0000000000000011110000000111110000011001110000111000000001110000100011000001000010000010000100001100000110110000001111000
0000110000000011110000000110010000011000100000100000100001000001100010000001000110000110001111111100000111110000000000000
0000000000000000011100000001111000000011111000001100100000110001000001100110000110011000001101100000011110000000011000000
0000000000000011110000001111111000110000011011000000010110000000100110000001101100000010001100001100001111111000000111000
0000011000000001111000000100011000010000010001100000110010000000100100000001001000000110001000001000011111100000001100000
0000000000000001100000000111111000001000011000110000011001100000110110000001001100000110011000011000011001100000011000000
0000000000000000101000000111111000011000001001100000001010000000010100000000101000000011011000001100011111110000000000000
0001100000000011000000001101100000011011100000110011100001100011000001100011000011001110000111111000000011100000000000000
0000000000000000110000000011110000001100100000010001000000100010000001000100000010001000000100110000001111000000001100000
0000000000000000001000000001101000000100010000011000100000100001000011000110000100011000001001100000011110000000010000000
0000000000000001110000000111000000001100100000001000100000010001000000100010000001100100000011011000000011110000000111000
0000000000000000000010000000011110000001101100001110010000111001100011100110001101111000011111000000010000000000000000000
0000000000000000110000000010101000001000010000010000010001000000100010000001000100000010001000001000001101100000000100000
0000000000000000011100000001111100000111111000011000010001100000100011000011000100000100011000010000011111100000011110000
0000000000000000011100000001111100000111001000011000110001100001100011000111001100011100011011110000011111000000110000000
0000001000000000101000000010001000001100010000010000100001100001000011000010000110000100000100010000001111000000000000000
0000000000000000110000001111111000110010011001000000110010000000110100000001101100000010001111111100000111100000000000000
0000001000000011111000000111111000001110011000111000011001100000110111000001101100000110011100111000011111100000011000000
0000001000000000111000000001101000000110010000001000100000110001000001000100000010011000001100100000011110000000010000000
0000000010000000111110000011110110011110001000110000010011000000100110000011001100001110011001111000111111100000011100000
0000000000000000110000000011111000000100010000010000100000100001000001000010000110001100000100010000001111000000001100000
0000000000000000111100000011111100000111010000001000100000110001000001000010000110001100001000110000011111000000011100000
0000000000000000011000000011111000001110111000110000010011000000100100000001111000001110011111111000011110000000000000000
0000000100000000011100000001110000000110110000011001100000110011000011000110000110011000001111100000011111000000011000000
0000000000000001111100000011111100001111001000110100110011000001100110000011001000001100011001110000111111000000011000000
0000000000000000000000000011111000011111111001110000111011000000110110000001101100000011011000001100011111111000000000000
0000001100000000111110000011111100001111011000111000110011110001100111001111001100001100011111110000011111000000000000000
0000000000000000000110000000111100000011101100001100110001110001100111001110001101110000111111000000111000000000000000000
0000110000000011101100001000000100010000001101000000011010000000110100000001001000000110001000011000011111100000001000000
0000000000000000001100000001111100000110011000011000100000100010000011000100000100011000011001100000110110000000111000000
0000000000000000011110000111111100011000011001100000010010000000100100000011001000000100110000011000100011000001111100000
0000001000000001111000000111111000011111111001110000111011000000110110000011101100011111011111111000011111100000000000000
0000000000000000001110000001111110000110001100011000011001100001100111000110001100011000011111100000011100000000000000000
0000000000000000000000000001111000001111111001111100111011100001110110000011101111111110011111111000000000000000000000000
0000001000000000011000000011011000001100010000010000110001100001100010000010001100001100001000110000011111000000000000000
1111111111111111111111111111111111111111111111111111111111111111111111111111111111111111111111111111111111111111111111111
0000000000000000110000000011111000001111111000111100111001110000110111000011101111111110011111111000000101000000000000000
0000000000000000001000000111111100011000001000110000010001000000010010000000100100000010001000001100011111110000001100000
0000000000000011100000000111110000001000110000010000110000100000100001000001000010000010000100000100001100010000001111000
0000000001000000011110000001111100001110000000111000110001100001100110000111001100001100111001111000111111100000111000000
0000000000000000110000000011111000011111111000111100110011100000110110000111101111111110001111111000000100000000000000000
0000000010000000011110000001111100000110011000011000110001100001100011000110001100011100011011110000011110000000010000000
0000000000000001111000000010011000001100010000010000100000100011000011000100000110011000001101100000001110000000001000000
0000000000000000000000011111111000111111111011100000111111000001110110000001100111000111001111111100000110000000000000000
0000000000000000000000000011000000001111110000100000011010000000010100000000101000000110001111100000000000000000000000000
0000000000000001111000000011110000001101100000010011100001100001000010000010000100000100001000011000011001100000011110000
0000000000000011000110001110111100010011101101100100011010011000111100010001001000000110010000011000011011100000011100000
0000000000000000111000000011111000001111111000111011110001100000100010000001001100000110001000011000011111100000011110000
0000001100000000011100000001111000000111110000011101100000110111000011001110000110111000001111100000011110000000010000000
0000000000000000111000000011111000001111110000011111100000110001000001100110000011001100000110111000000111100000001110000
0000000000000000000000000000111100000011101000001100010000110000100011000010001100001100010011110000111100000000000000000
0000001000000001111100000111111100011100111001100000110110000000101100000001011000001110011111111100111111110000011100000
0011000000001111110000011100110000110000110001000000100011000000100011000001000011000001000011100110000011111000000000100
0000000000000011100000000101110000011000010000100000010001000000100010000001000100000110001000011000011111100000001000000
0000000000000000111110000011101100001100001000110000011011000000100100000011011000001100110000110000111110000000000000000
0000000000000000011000000011111110001110011100110000011011100000110110000011001000001100011001110000111110000000000000000
0000000010000000011100000001111000000110011000011000110001100001000010000010000100011100011111110000011110000000000000000
0000000000000000000100000000111100011111101000100001111010000000101100000001001000001100011111110000001100000000000000000
0000000110000000111110000011111100000110011000011001110001110011100011000110001110001100011101110000111110000000011000000
0000000000000001111000000111111000001110110000011000100000100001000001000010000110000100001100011000001101100000011110000
0001111000000110111000001100011000110000011001100000111011000000110110000001101110000011001111111110001111110000000000000
0000000000000011100000000111110000001011110000110001110001100011100011000011000110000110000111111000000111100000000000000
0000000000000000000110000000111110000011111100011100110001110011100011001110001100011000011111100000111110000000001000000
0000000000000001101100000010001100001100001000010000010001100000100011000011000100000100001100011000001111100000001100000
0000010000000001111000000111111100001101001000110000010001100000100110000001001100001110011101111000011111000000000000000
0000000000000000001110000001110110001110000100010000001001100000110110000011001100001100011111110000011100000000000000000
0000000000000011111100001110011100011000001101100000011011000000110110000011001100001100011000111000011111000000011100000
0000011000000001111000000011001000001100010000010000100000100001000011000010000110000100001100011000001111100000001100000
0000001000000000111100000011001000000110010000011000100000110011000011000110000110011000001101100000001111000000001000000
0000000000000001111110000111000110011000000001100001100011000011000110000110001100001100001100011000001101100000001111000
0000000000000001111110000011111100001111011100111100011001110001110111000011001110001110011111111000011111100000000000000
0000010000000011110000000100010000010000010000100000010001000000100010000001000110000100000100011000000111100000000100000
0000000000000001111100000110111100011000001000100000010010000000100100000001001000000100010000011000011111000000000000000
0000000011000000001110000001111100000111011000011100110001100001100110000010001000001100011111110000011111000000000000000
0000000011000000001110000000110100000011001000001100010000110000100011000011000100000100010000110000111110000000110000000
0000001000000001111000001111111000011000011001100000110011000001100110000011001100000110011000111000011111100000011100000
0000000000000001110000001110110000010000110001100000110011000001100110000011001100000110001100001000001110110000001111000
0000000000000000111000000011111000001110110000111000110001100000100110000001001100001110011111111000011111100000000000000
0000110000000011110000000110110000001000110000010000110001100000100011000011000010000100000100011000001101100000000100000
0000100000000011100000001111110000011111110001110000110011100000110011000001100110000011000111000110000111111000000011100
0000000000000000001100000000111100000111111000011100011001110001100111000111001100111100011111100000111100000000000000000
0000110000000111111000001111111000111100111001110000111011000000110110000001100110000111001111111100001111110000000111000
0000000000000001011100000011111100001100001000011000010001100001100011000110000110011000001001110000011110000000111000000
0000011000000000111100000001111000000111110000011001100011000011000100000010011000001100011111110000111111000000000000000
0000000000000000011000000001111000000111111000011110110001111000100111000001001100000010111100011100111111100000000000000
0000000000000001111100000011111110001100001100110000001001000000110110000001001000000100010000110000111111000000111100000
0000000000000000011100000001111100000110011000011000110001100001100010000010001100001000011001100000111111000000111000000
0001000000000010010000000100010000011000110000010000100000100001000001000010000011000100000010011000000111100000000010000
0000000000000000011110000001111110000110000100111000001001100000110110000011001100001100011000110000011111000000011100000
0000001000000000111000000001010000000100100000011001000000100010000001000100000010001000000100100000001111000000000000000
0000000000000001111100000111111100011111111000110000110011000000100110000001001100000110011100011000011111100000011110000
0000001000000001111000000111111000001100011000110000110011100000110110000011101100001110011111111000111111100000011000000
0000000100000000011100000011111000000110011000011000010001000001100010000010000100000100011000010000111111000000000000000
0000011100000000111100000000001100000000011000000000110011000001000110000110001000001000011001100000011110000000011000000
0000000000000000110000000010111000001000001000010000010001000001000010000010000100001000001000010000011001000000011100000
0000000000000000111100000011111100001110011000110000110001000001100110000010001100001100011001110000111111000000111000000
0000001000000011011000000110011000011000010000110000010001100000100010000011000110001110000100111000001111100000000110000
0000000000000001110000000111110000011111110001100100110011000000110110000001101100000001001100000110011100011000011111100
0001100000000011000000000111100000001111111000011111110001111001110011100011000111011110001111111000001111100000000000000
0000001000000000111000000010011000001100011000110000010001000000100110000001001100000010001000011000011111100000000000000
0000000000000000011100000001111100000011001000001100110000010001000001000010000100001100011000110000100011000001111100000
0000000000000000000110000000111110000011001000001110010000100001000011000100000100011000011001100000111110000001110000000
0000000100000000111100000111011000001000010000110000100001000001000110000010000100001100001101110000011111000000001000000
0000001100000000111100000011101100001110011000010000110001100001100011000011000100001100001101100000011110000000011000000
0000000000000000011100000011111000001111110000111100100001010001000010000010001100001100001000010000011011100000011110000
0000000110000000011110000011100100001110001000011000010001100001100011000011000100001100001000110000011111000000011000000
0000000000000000110000000011110000000100110000011000110000100001100011000011000110001100001100110000001011000000011000000
0000000000000001111110000111101110011000001101110000011011100000110111000001100110000011001100011100011111110000011110000
0000000000000000111000000011011000001100011000110000011001000000110110000001001000000100011000110000011111000000001000000
0000001110000000111110000011101100001110001000110000110011000001100110000011001100001100011110110000001111100000000100000
0000000000000011110000001111100000111111100001100011100001000011100010000011000110000110000110001100001111111000000111100
0000000000000000000000000111110000001111111000001100111000111000110011100001101100011111011111110000111100000000000000000
0000000100000000011000000001101000000110010000001000100000110001000001000110000010011000000101110000001110000000000000000
0000000000000000100000000011111100001110001100111000011001100000100111000011001100001100011001110000111111000000010000000
0000110000000001111000000011111000001111111000110000011011000000110110000001101100000111011110011100011111110000000000000
0000000000000000111000000001110000000110110000001001100000110010000001100100000010011000000100110000000111000000001100000
0000001000000001110000000011111000001111111000010000110001100001100011000110000110001100001110111000001111100000001100000
0000001000000000111000000010001100001000001000010000000001000000010010000000000100000010001100001100001111110000000100000
0000000010000000011110000001111100000111001000011100010001100000100111000011001100011100011111111000111111100000010000000
0000000000000000111100000011101100001111001100110010011011000000110110000001101000000110011000011000111111100000111100000
0000001100000000011000000001111000001100010000011000110001100001100011000011000110001100001100111000001111000000000000000
0000000000000001111110001111011100111000001001100000010010000000100100000011001100000110011100011000011111110000000110000
0000000000000011110000000001110000011000110001000000110010000000110100000001101000000011011110011100001111110000000000000
0000000000000000011100000011111110001111001100111000011001100000110110000011001100001110011100111000011111000000000000000
0000000000000000011000000001111000000111111000011100110000110001100011000111000110111100001111110000001110000000000000000
0000000000000011110000001101111000010000010000100000110001000000100010000001000100000110001000001000011111110000011110000
0000000000000000111000000111011000011000111001100000111011000000110110000001101000000011011000011100011111110000001000000
0000000100000000011100000011111000000111110000011000110001100011000011000110001100111000011111100000111110000000100000000
0000000001000000001110000001111000000110011000011000010001100000100110000011001000011100011111110000111100000000000000000
0000000000000001111000000111111000011100110000110000110001000001100110000001001100000010001100001100011101110000011111000
0000000000000001111100000011101100001110001000011000010000110000100001100001000011000100000111010000001111100000001110000
0000000000000000011000000001111000000111110000001111100000110011000001100100000011011000000110100000001111000000011100000
0000000000000000111000000011111000001111110000011000100000110001000001000110000110011100001100110000001111100000011100000
0000001000000001111100001111001100011100001001100000011011000000110110000001101100000111001000111100011111110000000000000
0000000000000001110000000011110000001111100000011001100000110001000011000010000011000100000110001000000111110000000111000
0000000000000000111000000011111000001100010000010000100001100001000011000010000110001100000100010000001111100000001110000
0000001000000000111000000001111000000110110000011000100000110011000011000110000100011000011011100000011110000000010000000
0000000000000000010000000011110000001111100000110111100001000001100100000011001000000110010000001100100000110000001111000
0000000000000000110000000111110000001101110000110010110001000001100110000010001100001100001000110000011111100000011100000
0000000000000000111000000000111100011000001001100000011010000000111100000001001100001100011111110000001100000000000000000
0000000110000000111100000011111000001110011000111000110011100001100110000011001100001110011011110000111110000000000000000
0000010000000001110000001111110000011001100000110001100001100001100011000001000111000010000111101100000111111000000001000
0000010000000011010000000100010000001000001000110000001001000000000010000000000110000000000100000000000111001100000001100
0000000100000000111100000011111000000110010000011000100000110011000011000110000110011100001111110000011111000000011000000
0000000000000000001100000000111100001111001000111100010001101001100110000111011001111100111111100000000000000000000000000
0000000000000011111000000111111000011000011000100000110001000000100010000001000100000110001100111000001111100000000000000
0000000000000011111100000111111000011110110000111000110001100001100011000010000110001100001110111000011111100000011110000
0000000000000000011000000011111100001110011100110000011001000000100110000011001000001100010001110000111110000000000000000
0000001100000000111100000011111100001110001100110000001001000000010010000001101100000110011001111000011111100000011000000
0000001000000000111000000011110000001100110000110000100001100001100110000011001100000110001100001100011111110000000100000
0000000000000000011000000011111100001100000100010000001001000000010110000001001000000110010000011000111111000000000000000
0000000000000000011100000000111100000110001100011000010001100000100110000011001000011100111111110000111110000000000000000
0000001100000000111100000011111000001111111000011100110001111011100011101111000111111100001111110000011111000000010000000
0000000000000000001100000011111000011111111001110000010011000000100100000011001100000110011000011000011111100000001100000
0000000000000011111000001111111100111110011001100000011011000000010110000001101100000111001100011100001111110000001110000
0000000100000000001100000001111000000110010000001100100000110001000011000110000110011000001111110000011111000000011000000
0000000001000000000110000000111100000011011000001100100000110011000011100100000110011000011100100000011110000000010000000
0000000000000000111100000111111100011100011000110000111011000000110110000011101100001110011111111000111111000000111000000
0000000000000001111000000111111000111100011001100000011110000000111100000011101110001110001111111000000111000000000000000
0000001000000000111000000011111000001110110000011000110001110011100011000110000110001100001111111000001111100000001100000
0000000000000000000000000001111100001110001000110000001010000000111000000001010000000110010000011000011111100000000000000
0000000000000000001110000011100100001110001000011000011001100000100011000011001100000110011000011000011111100000111100000
0000000000000000000110000000111100000111111000011101110001100011100110000110001000011100011011110000111111000000000000000
0000000000000001110000000100011000010000001000100000010001000000100010000001000100000010001000001000001000110000001110000
0000000000000000000100000001111100000111111100011100011001110000110111000011101100001110011111111000111111000000000000000
0000000000000001110000000100011000001000011000010000010000100000100001000001000010000100000100010000001001000000011100000
0000000000000000111100000011001000001100001000110000110001000001000010000110001100001000011001100000011110000000000000000
0000000000000000011000000001111000000111110000011101110000110001100011000110000110011000001111110000011111000000010000000
0000000000000001111000000100111000010000110000100001110010000001100100000011001000000100011000001000011001100000011110000
0000000000000000011110000011111100001111000000110011100011000001100100000011101000000110011111111000011110000000000000000
0000000000000000000110000000111100000111111000011100010001100001000111000110001000011000110111100000111100000000100000000
0000001000000000111000000011110000001110100000011001100001100011000011000110000110001100001100011000011111100000001110000
0000000000000111111100011111111000111111011000111000110011110001100111000011000110001110001100111000001111110000000111000
0000000100000000011000000001111000001111111000011100110000110001100011000110000110011100001101110000011110000000010000000
0000000100000000011100000001111000000111110000011110100000110001000011000110000110001000001001110000011111000000011000000
0000000000000001111000000111111100001100011000011000110000110001100001100010000011000100000110011000001111100000001110000
0000000000000000111100000011001100001000011000010000100001000001000010000110000100001000010000100000010010000000111000000
0000000010000000011110000001110110000110001000011000010000100000100010000010001100001100011000110000111111000000011000000
0000000000000000011000000011001000001100010000011000100000100001000001000010000010001100000100010000001101100000001110000
0000000100000000011100000011111000000110011000011000110000100001000011000110000110001100001100111000011111000000011000000
0000000001100000001100000000110000000110001000011000110001100001000010000110000100011000001001100000011110000000000000000
0000010000000001111000000011111000001100110000011001100001100011000011000110000110011100001111110000001111000000001000000
0000000000000000011100000111111100000110001000011000010001100000100110000011001000000100110000110000111111000000000000000
0000001000000001111000000111110000011000110000100000110001000000100010000001000100000010001100001100001111110000000110000
0000000000000000000000000001111000001111111100111101011001100000110110000001101100000110001111111000000110000000000000000
0000000000000000101100000111011100011100111001100000010011000000111100000001101100000110011111111000011111000000000000000
0000011000000001110000000111111100011101111100110000011001100000110110000011101100001110011111111000011111100000000000000
0000000000000001110000000111111000001101110000010000100001100001100011000011000110000110000100001000001101110000001110000
0000000000000000001110000000110100000011111100011100010001000000100100000011011000000100010000110000111111000000010000000
0000000000000000110000000011111000001100110000011000100000100001000001000110000010001000000100110000001111000000001100000
0000000100000000011000000001101000000110010000001100100000110001000001100010000010000100000100011000001111100000000100000
0000000000000001111000000111111000011111011000111000010001000000100110000001001100000110011000011000011111100000011110000
0000000000000001110000000001110000000100100000001001100000010001000001100010000010000100000100010000001001100000001100000
0000000000000000011100000011101100001111011000110000010001100000100010000001000100000110001100011000001111100000001100000
0000000000000000011100000011111100001111001000111000011011100001100110000111011000011100011111110000111100000000000000000
0000000000000001100000000111110000011111110001100000110011000000110100000001101000000011010000000110110000011000111011100
0000000000000001111100000011101000001110010000011000100000100001000001000010000010001000000100010000001101000000001100000
0000100000000001100000000011100000001111100000011001000000100010000011100111000011001110000110011000000111100000000010000
0000010000000001111000000111111000011000110000110001100001100001000010000010000110001100000100011000001111100000000100000
0001000000000111110000001101110000010000100000100001100001000001000011000010000110000110000110001100000111110000000000000
0000000000000000110000000011110000000100110000011001100000110011000001000110000010001100000100010000001111100000001110000
0000001000000000111000000011110000000111100000011111000000110110000001101100000011011000000111110000001111100000001100000
0000000000000000011100000011111100001111011000011000110001100001100011000111001100011100011001110000011111000000111100000
0000000000000000110000000110110000001000010000100000010001000000100110000010000000000100001000011000010001100000011100000
0000000000000000111000000011111000000110110000011000100001100001000011000110000100001100001111111000001111100000001100000
0000001100000000111100000011111100001110111000111000110001110001100111000111001110011110011111111100011111100000001110000
0000000000000001110000000110110000001000100000010001100000100001000001000010000010000100000100011000000111100000000100000
0000000000000000000000000000111000000111111000011000010001100000100110000011001111111100000111100000000000000000000000000
0000000010000000011110000011111100001110011000111000110001100001100110000010001100001100011101110000111111000000010000000
0000001100000000111100000011111100001111111000111001110011110011100111100111001110011100011111110000011111100000011100000
0000000010000000001110000000111100000111001000001000110001100001100110000110001000011100011111100000111100000000000000000
0000000000000000000000000011110000001111100000110000100011000000100110000000101111000011000111111100000000000000000000000
0000000100000000011100000001101000000110011000011000100000110001000011000110000110011000001001100000001110000000000000000
0000000000000000100000000011111100001111001100111000011011000000110110000001001000000110010000011000111111100000111100000
0000000000000000111110000001100100000110001000011000010000100001100010000010001100011100110001100001111110000001000000000
0000000000000111110000001111111000111010111001100000111011000000110110000000101100000011011100001110011111111000001111000
0000000000000000000000000011111100001111111101111100111011100001110110000111001111111110001111111000001110000000000000000
0000000000000000011100000001100100000111111000011000110001100001000010000010001000001000010000110000110011000000111000000
0000000100000001111100000111111100011111011000110000110011100001110110000011101100000110011100111100111111110000011100000
