0000000000000000000000000011100000000001000000000010000000000100000000010000000000100000000001000000000010000000001100000
0000000000000010000000000111111000000000110000000001100000000110000000001000000000100000000010000000001000000000100000000
0000000000000000000000001111110000011111100000000011000000000110000000111100000001110000000001100000000011000000000100000
0000000000000000000000000000000100111110011001000001100000000011000000001100000000110000000011000000001100000000011000000
0000000000000000000000000000001000011011110000111111100000000110000000001100000000110000000001100000000110000000001100000
0000000000001100000000011100000000111111100000111111110000000111110000000011100000011110000001111000001111100000011100000
0000000000000000000000001111110000000000100000000011000000000100000001111011000000111000000011000000000100000000001000000
0000000000000000001000000011111000001111110000001011000000000110000000011100000111111000001111000000000110000000001100000
0000000000000000000000000011100000001111110000110001100001000010000000001100000000110000000001100000000110000000001000000
0000000000000000000000001111110000010000100000000001000000000010000000001000000000110000000001000000000100000000001000000
0000000000000000000000000001111000011111010000110000100001000011000000000110000000011000000000100000000011000000001100000
0000000000000000000000000000001100000011111000111100100111000011000000000100000000011000000001100000000010000000001100000
0000000000000000000000000000000001000000111010011111100000110011000000001100000000110000000001000000000100000000000000000
0000000000000000000000110000000001111111100000100001100000000011000000000110000000001100000000010000000000100000000001000
0000000000000000000000000000001001111111110000000001100000000011000000001100000000011000000001100000000011000000000110000
0000000000000000000000111111000001111111100000000001100000000011000000000110000000011000000000110000000011000000001100000
0000000000000000000000000000000000111111111000000000010000000001100000000110000000001000000000100000000010000000001100000
0000000000000011110000000111100000000001000000000010000000000100000000001000000000110000000001100000000010000000001100000
0000000000000010000000001111100000010001000000100010000000000100000000111110000000010000000000100000000001000000000010000
0000000000000000100000000111110000000001100000000011000000011110000001111000000000100000000001000000000110000000001100000
0000000000000000000000000111111100011111011000110001100001000110000000001100000000110000000001100000000110000000011000000
0000000000000001000000000111100000001111100000001011000000000110000000001100000000110000000001100000000011000000001110000
0000000000000000000000001111110000000000110000000001100000000010000000000100000000010000000001000000000010000000001000000
0000000000000000000000000000111000011111110000111111000000001100000000011000000000110000000001100000000011000000000110000
0000000000000000000000001011000000011111100000111111100000000011000000000110000000001000000000110000000001000000000010000
0000000000000000000000000111110000011111100000000011000000000110000000001000000000110000000001000000000110000000001100000
0000000000000000000000000000010000011111110000000000100000000011000000001100000000010000000001100000000010000000001100000
0000000000000000000000000001111001111111110000000001100000000011000000000100000000011000000000110000000001000000000110000
0000000000000000010000001110011000000000010000000000100000000010000000001000000000100000000011000000001100000000110000000
0000000000000000000000000111100000000000100000000011000000000100000000011000000000100000000001000000000110000000001000000
0000000000001111110000011111111000000000011000000000110000000011000000001100000000111000000011100000001110000000111000000
0000000000000000000000000011100000111101100000000011000000000110000000001100000000010000000000100000000001000000000110000
0000000000000000000000000011111110011111111000111001110011100011001110001110000000011000000001110000000011000000001110000
0000000000000000001000000000110000000011000000011110000000101000000000011100000000110000000001000000000010000000000100000
0000000000000000000000000111111000011111110000110001000001000110000000001100000000010000000000100000000001000000000011000
0000000000000000000000001111111000001111110000000001100000000011000000001100000000110000000001000000000110000000001000000
0000000000000000000000001111110000000000110000000000100000000011000000000100000000010000000001100000000110000000011000000
0000000000000000000000000111111100011111111000111001100000000110000000001100000000110000000011000000000110000000011000000
0000000000000000000000001111110000111101100000000011000000000110000000001100000000011000000000100000000001000000000010000
0000000000000000000000000000001100001111111000111011100001100110000000001100000000110000000011000000000100000000011000000
0000000000000000000000001111111000110000010000000001000000000010000000001100000000010000000000100000000010000000000100000
0000000000000000000000000111111000011111110000110011100000000110000000011100000000110000000001100000000111000000001100000
0000000000000000000000001111111000111111111001110001110000100011000000001110000000111000000011110000000111000000001110000
0000000000000000010000000011100000001001000000000010000000000100000000111110000000110000000000000000000010000000000100000
0000000000000000000000000111111000001111111000010001100000000111000000011100000001110000000011000000001110000000011000000
0000000000000000100000001111100000110001000000000010000000000110000001111111100111110000000001100000000011000000000100000
0000000000000000000000000000011001111111111011111111110000000011000000000110000000011000000001110000000011000000001100000
0000000000001110000000011111100000001111100001111111000010000011000001111110000011111110000011111110000001100000000011000
0000000000000000000000011111100000000001100000000001000000000011000000011111000000011000000000100000000001000000000010000
0000000000000000000000011111000000111111100000000001000000000110000000001100000000011000000000110000000001100000000011000
0000000000000000000000000000000000001111111000110000110011000001000100000110000000001000000000100000000011000000000100000
0000000000000000000000000011111001111111110000000001100000000110000000001000000000110000000001000000000110000000001100000
0000000000000000000000001111111100010011111000100001100001000011000011111111000000110000000001100000000110000000001100000
0000000000000000000000000000000001111110000000000111100000000001000000000110000000011000000000100000000001100000000001000
0000000000000000000000000011110000001000100000010011000000100100000000001000000000110000000001000000000010000000001100000
0000000000000000000000000001111100011111110001100001100000000110000000001100000000110000000001100000000110000000011000000
0000000000000000000010000000011100011111110000000001100000000011000111111110000000111000000001100000000011000000000110000
0000000000000000000000000000111000011111010001110000100011000011000000000110000000011000000000110000000011000000000110000
0000000000000000000000000000011000001111110000010001000000000110000000011000000000110000000011000000000100000000011000000
0000000000000000000000011111110000111111100000000011100000000111000000001100000000011000000001110000000011000000001110000
0000000000000000000000000000000000001111110000110001100001000010000010000100000000010000000000100000000001000000000110000
0000000000000000000000000001111000011111110001100011100000000110000000011100000000110000000011100000000110000000011000000
0000000000000000000000001111100000000001100000000011000000000100000000011000000000110000000001000000000110000000001000000
0000000000000000000000000111111100111111111011100001110000000011000000001110000000111000000001100000000110000000011000000
0000000000000000000000000011111000111110110000000001100000000010000000001000000000110000000011000000000100000000010000000
0000000000000000000000001111111100011111011000000000110000000011000000001100000000110000000011000000001100000000110000000
0000000000000000000000000000000001111110000000000111100000000001000000000110000000011000000001100000000010000000000100000
0000000000000011100000000001100000000001100000000011000000000110000000001000000000010000000001000000000100000000011000000
0000000000000000000000000000000000111111100001100001100001000011000000000110000000001100000000010000000001100000000010000
0000000000000000010000000001110000000000110000000001000000000110000000011000000001100000000110000000010000000001100000000
0000000000000000000000011111110000111111111000000001110000000111000000011100000001110000000011000000001100000000011000000
0000000000000000000000000011111000111111110000000001000000000110000000001000000000110000000001100000000010000000000100000
0000000000000000000000111000000001111111000000000001100000000001000000000010000000000100000000011000000001100000000011000
0000000000000000000000001111111000011111111000000000110000000011000000001100000000111000000011100000001110000000011000000
0000000000000000000000000001110000111111100010000001000000000010000000001100000000011000000000100000000001000000000011000
0000000000000000001000011111111000111111100000000011000000000110000000111111000001111110000001100000000011000000000110000
0000000000000000000000011111111001111111111001000001110000000011000000001110000000111000000011110000000111000000011100000
0000000000000000000000000000111000001110100000000001000000000010000000001000000000010000000001000000000100000000001000000
0000000000000000000000000110011000001111110000011111100000000110000000011000000001110000000011000000001110000000011000000
0000000000000000100000001111100000000001000000000010000000001100000001111100000000110000000001000000000010000000000100000
0000000000000000000000000000111100001111011000000001100000000010000000001000000000100000000011000000001100000000010000000
0000000000000000000000000111100110011111111001111000110011000011000000001100000000110000000011000000001100000000111000000
0000000000000000000000001100011000011111110000000001100000000010000000001100000000010000000001100000000110000000001100000
0000000000000000110000000011111100001100001000010000110001000001000010000100000000010000000001000000000100000000010000000
0000000000000000001000000011111000001100110000110001000000000110000000001000000000110000000011000000001100000000010000000
0000000000000000000000000000000000011111110000110111100000000110000000011000000000110000000011000000000110000000001000000
0000000000000000000000000000000000111111000000011011000000000110000000000100000000001000000000010000000000100000000001100
0000000000000000000000000000110000000011100000011110000000000100000000001000000000010000000001100000000011000000000100000
0000000000000000000000001111000000000011100000000001000000000010000000000100000000001000000000100000000011000000000100000
0000000000000000000000011110000000110111100000000001100000000010000000000100000000011000000000110000000001100000000011000
0000000000000000000000000000000100001101111000111000100001000011000000000100000000010000000001100000000010000000001000000
0000000000000000000000000011011000001111110000110001100001100010000010001100000000011000000000100000000001000000000110000
0000000000000000000000000001111000111111111000000001100000000010000000001100000000010000000001000000000110000000011000000
0000000000000000000000000110000000001111100000011011100000000011000000001100000000011000000001100000000010000000001100000
0000000000000000000000000000011000001111111011111101110000000011000000001110000000011000000011100000000110000000011000000
0000000000000000000000000000111100111111111011100000110000000001100000000110000000011000000001100000000110000000001100000
0000000000000000000000000000001100000111111001111110110011000011000000001100000000010000000001100000000100000000010000000
0000000000000000000000000000011100111111111001111111110111000011101100000110011000011100000000110000000011100000000110000
0000000000000000000000000111100000011001000000000010000000000100000000001100000001110000000000100000000011000000000110000
0000000000000000000000000011111000001111110000011001100000000010000000001100000000110000000011000000000110000000011000000
0000000000000100000000001111111000000000010000000001000000000010000000001000000000010000000001100000000010000000000101000
0000000000000000000000000000011100111111111000000000100000000011000000001100000000110000000001000000000110000000011000000
0000000000000000000000000111000000001111100000110001000001100010000011000100000010001000000000110000000001100000000010000
0000000000000000000000000011000000001111110000011001100001100110000000001000000000110000000011000000001100000000010000000
0000000000000000000000000000111100000111111000011001100001100010000010001000000000110000000001000000000100000000001000000
0000000000000000000000000010001000001111100000010001000000000010000000001000000000010000000000100000000001000000000010000
0000000000000000000000000011110000011000100000000010000000000100000000111100000000100000000001000000000000000000001000000
0000000000000000000000000110010000001111100000010001000000100010000000001100000000010000000000100000000001000000000010000
0000000000000000000000001000000000011111100000100001000001100010000000001100000000011000000000110000000001100000000010000
0000000000000000000000111111100000000001110000000000100000000001000000000110000000011000000000100000000010000000001100000
0000000000000000000000000001110000000111100000111001000001100010000010000100000000001000000000110000000001000000000010000
0000000000000000000000001111111000000000110000000011000000000100000000010000000001100000000010000000001000000000010000000
0000000000000000100000000001110000000001100000000011000000000100000000011000000000110000000001000000000110000000001000000
0000000000000000000000000011111000111100110000000001100000000110000000001000000000110000000011000000000110000000011000000
0000000000000000000000001100110000111111110000000001100000000011000000001100000000011000000001100000000110000000001100000
0000000000000000000000000001111000000110100000001001000000000100000000001000000000110000000001000000000110000000001000000
0000000000000000000000000111100000000001100000000001000000000100000000011000000000100000000001000000000110000000001100000
0000000000000000000000011111100000100001110000000000100000000011000000000110000011111000000001110000000001000000000110000
0000000000000000000000000000001100011111111000110000110000000011000000001100000000110000000011000000001100000000110000000
0000000000000001110000000111110000001001100000000011000000000110000000011100000011111000000001100000000010000000000100000
0000000000000000000000001000101000111111111001111111110000000011100000001110000000011100000001110000000110000000001100000
0000000000000000000000000000000000111111110011000000100000000011000000000110001111111110000001100000000010000000000100000
0000000000000000000000000000000001111111111011000000110000000001100000000010000000001100000000110000000001000000000100000
0000000000000000000000000111111000000000010000000001000000000000000000001000000000100000000001000000000100000000010000000
0000000000000000000000001111110000111000110000000001000000000110000000001100000000010000000001100000000011000000000110000
0000000000000000000000000000010000001111110000011000100001100001000010000100000000001000000000000000000000000000000010000
0000000000000000000000010000110000111111100001000001000011000010000000000100000001111110000000010000000000110000000001100
0000000000000000000000001111110000111000110000000001100000000011000000000110000000011000000000110000000011000000000110000
0000000000000000000000000001111001111111110011100001100000000011000000001100000000011000000001110000000011000000000110000
0000000000000000000000001000111100111111111000110001100000000110000000011000000000110000000011000000000100000000011000000
0000000000000000000000011000000000110000010001111001100110111111000001111111000111111100000000001000000000010000000000100
0000000000000000000000000011000000000111100000001011000000000110000000001000000000010000000001000000000010000000000100000
0000000000000000000000000011110000000000100000000001000000000010000000001000000000110000000001000000000010000000001000000
0000000000000000011100001111111000000001110000000011100000001110000000111100000001110000000111000000011100000000111000000
0000000000000000000000101100000001111111110011000000100110000001000100000010000000000100000000001000000000011000000000110
0000000000000000000000000001111000001100111000010001100000100010000000001000000000110000000001000000000100000000011000000
0000000000000000000000000111111000011011111000110000110000000011000000000110000000011000000001100000000111000000001100000
0000000000000000000000011111111001111111110000000001100000000010000000000100000000011000000000110000000011000000000110000
0000000000000000000000001111111000010011100000000001000000000110000000011001000000100000000011000000000110000000011000000
0000000000000000000000000000000001111111100000000111000000000110000000111111000000011000000000110000000000100000000001000
0000000000000000000000010000000000111111110000100000100000100011000000000100000000001000000000110000000001100000000010000
0000000000000000000000000111110000001111100000010001000000000110000000001100000000010000000001100000000011000000000100000
0000000000000000110000001111110000111001100000000011000000000110000011111111000111110000000001100000000011000000000110000
0000000000000000000100000001111000001111110000000011000000000110000000111110000111111100000011000000000110000000001100000
0000000000000000000000000000111000001111010000110000100011000011000100000100000000011000000000100000000011000000000100000
0000000000000000000000000001110000011111100000000011000000000100000000001000000000010000000001100000000011000000000110000
0000000000000000000000001111110000110000010000000001100000000010000000001100000000010000000001100000000110000000001000000
0000000000000000000000001011111000011100110000000001000000111111000001111000000000110000000001000000000110000000001000000
0000000000000000000000000111100000011011000000000110000000111111000011111111000000110000000001100000000011000000000110000
0000000000000000000000000000000000001110000100000100110000001110000001110000000001000000000010000000000100000000000000000
0000000000000000000000000000001110011111111000000000100000000011100001111110001111100000000011000000001100000000110000000
0000000000000000000000011111110000110000100000000011000000000100000000011000000000110000000001000000000010000000000100000
0000000000000000000000001110111000010111110000000001000000000110000000011000000000100000000011000000000100000000011100000
0000000000000000001000000111110000001100100000000011000000000110000000011111000011111000000011000000000110000000001000000
0000000000000000000000000111110000001111100000000011000000000110000000001000000000110000000001100000000010000000000100000
0000000000000000000000000011000000011111000001110010000000000111100000111111100011111000000000100000000001000000000010000
0000000000000000100000001111111000000000110000000001100000000010000000001100000000110000000011000000001100000000110000000
0000000000000000000000000000110000011111000000110110000000001100000000111100000001110000000001100000000001000000000010000
0000000000000000000000000000011100011111110000111001100001000110000000001100000000110000000001100000000110000000001100000
0000000000000000000000000011011000001111111000011011100001100111000000001100000000110000000011000000000110000000011000000
0000000000000000000000001111100000001111110000000001100000000011000000000100000000011000000001100000000010000000001100000
0000000000000000000000001111111000011111110000110011100001100110000000001000000000110000000000100000000001100000000011100
0000000000000000100000000011111000000111110000000001100000000110000000001100000000110000000011000000001100000000110000000
0000000000000000000000000001111100000100010000010001100001000010000000001000000000100000000010000000000100000000010000000
0000000000000000000000000111100000011111100000110011000000000110000000001100000000011000000000110000000001100000000010000
0000000000000111100000001101100000000001100000000011000000000010000000001100000011111100000000111000000001100000000011000
0000000000000000000000000111111000001111111000111001100001110111000000001100000000111000000001100000000111000000001100000
0000000000000000000000000011111100001100111000110001100000000111000000001100000000110000000011000000001100000000110000000
0000000000000000000100000011111100001111110000111011000001100110000000011000000001110000000011000000001100000000111000000
0000000000000000000000000011011000001110110000110001100000000010000000000100000000010000000001100000000010000000001100000
0000000000000011000000000111100000000001100000000001000000000110000000001100000000010000000001100000000110000000001100000
0000000000000000010000000011111000001100010000011001100000000011000000001100000000110000000011100000000110000000011000000
0000000000000000000000001000011100111111110000000001100000000110000000001100000000110000000011000000001100000000111000000
0000000000000000000000000000001100001111110000111111100000100110000000001100000000110000000001100000000110000000001100000
0000000000000000000000000011110000111111110000000001000000000110000000001100000000110000000001100000000110000000001100000
0000000000000000000000000011111000001111110000000001100000000110000000011000000000110000000011000000001100000000011000000
0000000000000000000000001111111100111111111000100001110000000111000000001100000000110000000011000000001110000001111000000
0000000000000000000000000001111100001111110000110001000000000110000000011000000000100000000011000000001100000000010000000
0000000000000000000000000011100000001101100000010001000000100010000011000100000000001000000000010000000000100000000001000
0000000000000000000000000000000000011011100011100000100000000001100000000100000000011010000000100000000010000000001000000
0000000000000000000000000111111000001111110000011001100000000110000000001100000000110000000011000000001110000000011000000
0000000000000000000000000000010001111111100011111111100000000011000000000110000000001100000000011000000000110000000001100
0000000000000000000000000000110000001111100000111011000001100110000000001100000000010000000001100000000011000000000100000
0000000000000000000000000111100000011111100000111001000000100110000000001100000000011000000000110000000001100000000011000
0000000000000000110000000011111100000100011000000001100000000111000000011000000001100000000111000000011100000001110000000
0000000000000000000000011111111000111111110000000001100000000110000000011100000000110000000001100000000110000000011100000
0000000000000000000000000111100000000000100000000011000000000110000000011000000001100000000011000000000100000000010000000
0000000000000000001000000011110000001111100000010010000000000100000000011000000000100000000011000000000110000000001000000
0000000000000000000000001111100001111111110011000011100100000011100000000011000000001110000000011000000000110000000001100
0000000000000000000000000000000000011111100000100001000001000001000010000010000100000100000000001000000000100000000001000
0000000000000000001000000011111000010100110001100001100010000011000000001100000000111000000001100000000110000000011000000
0000000000000000000000000001111100000111111000011001100000000110000000001100000000110000000011000000001100000000110000000
0000000000000000000000001111110000110001100000000001100000000010000000001100000000010000000001100000000010000000001100000
0000000000000000000000000010001000001111111000111111110000000010000000001100000000110000000011000000001100000000010000000
0000000000000000000000000011100000001101000000010010000000000100000000001000000000010000000000100000000001000000000110000
0000000000000000110000000011111000000100000000010000110000000011000000001100000000110000000011000000001100000001100000000
0000000000000000000000000001111000000111110000011000100000110011000001001100000000110000000001100000000110000000001000000
0000000000000000000000000111110000110001100000000010000000000100000000011110000001110000000001100000000010000000000110000
0000000000000000000000000111001000011111111001110001100011000011000000001100000000011000000001100000000110000000001100000
0000000000000000000000000111000000001111110000000011100000000110000000001000000000110000000011000000000110000000011000000
0000000000000000000000000000000001111111110000000000100000000010000000000100000000001000000000010000000001100000000010000
0000000000000000000000000011111100001111111000111101110011100011000110001100000000111000000011100000001110000000011100000
0000000000000000000000011111111000111000110000000001100000000011000000001100000000011000000000100000000011000000000100000
0000000000000000010000000111110000000001100000000011000000000100000000001000000000100000000001000000000110000000001100000
0000000000000001000000000111100000001001110000100001000001000010000000001100000111111100000000100000000001000000000010000
0000000000000000000000001111000000000111000000000011000000000010000000000100000000001000000000110000000011000000000100000
0000000000000000000000000110000000000011100000000001000000000100000000101000000001111000000001000000000100000000001000000
0000000000000000000000011111110000000000110000000001000000000110000000001000000000010000000001000000000010000000001100000
0000000000000000000000001111010000010011110000000011000000000100000000011000000000110000000001100000000011000000000110000
0000000000000000000000001111110000111111110000000001100000000011000000001100000000011000000001100000000110000000011000000
0000000000000000000000000111110010111111111101100000110011000011000011000110000000011000000000110000000001100000000011000
0000000000000000100000001111111000001111111000000001100000000111000000011100000001110000000111000000001110000000111000000
0000000000000000000000000001000000000101110000001100100000110001000001100100000010001000000000100000000001000000000100000
0000000000000000100000000001101000000111100000001011000000000100000000011000000000100000000011000000000100000000010000000
0000000000000000000000000011100000001101000000000010000000000100000001111000000001110000000001100000000010000000000100000
0000000000000010000000000110000000000011110000000001000000000010000000001000000000010000000001000000000110000000001000000
0000000000000000000000000001111100011111111000111111100000000011000000001100000000111000000011100000000110000000011000000
0000000000000000010000000111110010001111011100010000110000000011000000001100000000110000000011100000001100000000111000000
0000000000000000000000000111111100011110111100110000110001000011000000001100000000110000000011000000001100000000110000000
0000000000000000000000000011110000111111100001100011000000000110000000001100000000011000000000100000000011000000000100000
0000000000000000000000000111110000011111100000100011000000010110000001111100000000010000000001100000000011000000000110000
0000000000000000000000000001111000000111110000000001000000000110000000001000000000100000000011000000001100000000110000000
0000000000000000000000000111100000000000100000000001000000000100000000001000000000010000000001000000000010000000001000000
0000000000000000010000000011010000001000100000100001000000000010000000011100000000110000000001000000000010000000001000000
0000000000000000000000000000010000001111100000110001000000000010000000001100000000010000000001100000000011000000000100000
0000000000000000000000000111001000110011111001000001100000000010000000001000000000110000000001000000000110000000001000000
0000000000000000000000001111110000110100100001100001000011000010000010000100000000011000000000110000000001100000000011000
0000000000000000000000000111111000001111110000000011100000000110000000011000000000110000000011000000000110000000001100000
0000000000000000000000000000110000000011000000011010000001000100000000001000000001111000000001000000000010000000000100000
0000000000000000000000001000000000111111110000000001100000000010000000001100000000110000000001000000000110000000001000000
0000000000000000000000000000110000011111100000100001000000000010000000001000000000010000000001100000000010000000000100000
0000000000000000000000000010111000011110110000110001100000000110000000001100000000110000000001000000000110000000011000000
0000000000000000000000111111110001111111110000000011100000000110000000001100000000011000000001100000000011000000000110000
0000000000000000000000001111110000000000110000000001000000000110000000001000000000110000000001000000000110000000001000000
0000000000000000000000000000110000000111100000011111000000110110000000001000000000010000000001100000000011000000000110000
0000000000000000000000001100000000011111111000111100110001100000100010000001000100000110000000001000000000100000000011000
0000000000000000000000000000111000000111110000011001100011100010000010001100000000011000000001100000000011000000000100000
0000000000000000000000001111100000011111100000000001000000000110000000001100000000011000000001100000000011000000000110000
0000000000000000000000000011111100001111001000011000011000000001100000000110000000111000000011100000011100000001110000000
0000000000000000000000000000000000001001110000111111110001100011000000001100000000110000000011000000001100000000000000000
0000000000000000000000000000001100001111111000111101100011100011000010001100000000111000000011100000000110000000011000000
0000000000000000000000001111111000011111110000000001100000000010000000001100000000011000000001100000000110000000001100000
0000000000000000000000010000000001111111111000000000010000000000100000000011000000001100000000010000000001000000000110000
0000000000000000000000000111111000000101110000000011000000000100000000011000000000100000000011000000000110000000001000000
0000000000000000000000000010001000000111110000011001100000100010000000001100000000110000000001100000000010000000001100000
0000000000000000000000001111111000011111110000000001100000000010000000001100000000110000000001100000000110000000001000000
0000000000000000000000000001110000011111100000111111000001000110000000001100000000011000000000110000000001100000000011000
0000000000000000000000000111111000011000010000100000100000000010000000001100000000010000000001100000000010000000001100000
0000000000000001000000000111111000011000110000110001000000000110000000001100000000010000000000100000000001000000000011000
0000000000000000000000000111000000000011100000000001100000000011000000001100000001110000000110000000001000000000100000000
0000000000000000000000011000000000011111110000000001100000000011000000001100000000010000000001100000000110000000001000000
0000000000000000000000000011110000001101100000000001000000000010000000001100000000010000000001100000000010000000001100000
0000000000000000000000110000001101111111111001111111110000000011000000001110000000111000000001100000000111000000001100000
0000000000000000000000001111000000011111100000110001000000100010000000000100000000011000000000100000000001000000000010000
0000000000000000000000000011100000001001100000010000100001100001000010000010000000111100000000010000000001100000000010000
0000000000000000000000001111111000111000110000000001000000000110000000001000000000110000000001000000000110000000001000000
0000000000000000000000000111000100011111111001100011100010000011000100001100000000011000000001100000000011000000000100000
0000000000000000000000000111111000000111110000000001100000000110000000001000000000110000000011000000000100000000011000000
0000000000000000000000000010001100001111111000011111100001100011000010001100000000110000000001100000000110000000001100000
0000000000000000000000000000011100111111111000000000110000000011000000001100000000110000000011000000001100000000010000000
0000000000000000000000001111110000000001100000000010000000000101000000011100000011100000000011000000000100000000001000000
0000000000000000000000000000000000000001100011111111100111100011000000000110000000001100000000011000000000110000000001100
0000000000000000100000000011100000000011000000000111100000011111100000111000000001100000000011000000000110000000001100000
0000000000000000000000010000000000011001100000111111000001000010000000000100000000001000000000010000000000000000000001000
0000000000000000011000000011111000001100010000110000100011000011000000000100000000011000000001100000000010000000001100000
0000000000000000000000000000011100011111110000110001000000000110000000001000000000100000000011000000001100000000010000000
0000000000000000000000000111110000011111100000000011000000000110000000001100000000010000000000100000000010000000000100000
0000000000000000010000000011110000001101100000000010000000000100000000011000000000100000000011000000000100000000011000000
0000000000000000000000000001000110000111111000011001100000100010000010001000000000010000000001000000000110000000001000000
0000000000000000000000000111100001111111100011111111000000000110000000001100000000011000000000110000000001110000000001100
0000000000001111111000011111110000110000100001000001000000000010000000010100000111111110000111111100000000010000000000100
0000000000000000000000001111110000011111100000100010000000000100000000001000000001111000000111110000000001000000000010000
0000000000000000000000000111111100011111111100111101110000000111000000011100000001110000000111000000011110000000111000000
0000000000000000000000000001000000111111100001111111000000000110000000001100000000011000000000110000000001100000000010000
0000000000000000000000000000010000111111100001000011000000000100000001111111000000111000000000100000000001000000000000000
0000000000000000000000011111110000000000110000000001100000000011000000000100000000011000000001100000000010000000001100000
0000000000000000011000001111111000000000110000000001100000000110000000011000000000110000000011000000001100000000011000000
0000000000000000000000000000000001111111110000000000110000000001000000000100000000011000000000100000000011000000000110000
0000000000000001111000000000110000000001000000000110000000001100000000011000000000100000000001000000000010000000000100000
0000000000000000000000000010111000001111110000010001100001100010000010001100000000010000000001100000000010000000001100000
0000000000000000000000000111110000011000100000000001000000000110000000001000000000010000000001100000000010000000001100000
0000000000000000000000010000010000111111100000011001000000000010000000000100000000011000000000100000000001000000000010000
0000000000000100000000001111110000000000110000000001100000000010000000001100000000110000000001000000000110000000001100000
0000000000000001000000000011111000000001110000000110000000011111000001110000000001000000000010000000000100000000001000000
0000000000000000000010000000000100001111100000111111000001000100000000010000000001100000000110000000001000000000100000000
0000000000000000000000000000100110001111111100111001110011100011000000001100000000110000000011000000000100000000010000000
0000000000000000000000011111111100111111111001111111100011000111000000001100000000111000000001110000000011100000000111000
0000000000000000000000000001110000000111100000001101000000110110000001001100000000010000000001100000000011000000000100000
0000000000000000000000000000000010011111011101111011110011000011000000001100000000110000000001000000000110000000011000000
0000000000000111100000001111111000000000110000000001100000000010000000001100000000110000000001000000000110000000011000000
0000000000000010001000000111110000000001100000000010000000001100000000011000000000100000000011000000000110000000001100000
0000000000000000000000000111111000000000110000000001000000000110000000001000000000110000000011000000000110000000001000000
0000000000000000000000000100011100011111101000111000010011100001100110000011011100000110010000011000000000110000000001000
0000000000000000000000000110010000011111100000110011000001000010000000001100000000011000000000110000000001000000000010000
0000000000000111000000000111110000000011110000000001100000000111000000001100000000110000000011000000001100000000111000000
0000000000000000000000001111100000111011100000000001000000000010000000001100000000110000000001100000000110000000001100000
0000000000000000000000000111111000011111110000100000100000000001000000000110000000011000000001100000000110000000011000000
0000000000000000000000000110000000001011100000010001000000110010000001100100000000010000000000100000000001000000000010000
0000000000000000001000000011111000001111011000111100110000100011000000001110000000111000000011100000001110000001110000000
0000000000000000000000000000111000001111110011111111000110000110000000001100000000010000000001100000000011000000000110000
0000000000000000000000001110000000011111111000000000110000000011000000001100000000110000000011000000000100000000011000000
0000000000000000100000000111111000011111110000000001100000000110000000011100000001110000000011000000001100000000111000000
0000000000000111000000000011100000000001100000000011000000000110000000011000000000110000000001100000000110000000001100000
0000000000000000000000001111100000001011100000000001000000000110000000001100000000110000000001100000000010000000000100000
0000000000000011110000000100110000000001100000000010000000000100000000011000000000110000000001000000000110000000001100000
0000000000000000000000000111110000001000100000010001000000100010000001000100000000001000000000110000000001000000000010000
0000000000000000100000000011100000001111100000111001000000000010000000001100000000011000000001100000000011000000001100000
0000000000000000000000111111110001111111110000000001100000000011100000000111000000001100000000111000000011100000001110000
0000000000000000000000011110000000111111000000000111000000000110000000000100000000001000000000010000000001100000000011000
0000000000000000000000000000110000011111100000000011000000000100000000011000000000110000000001100000000010000000000100000
0000000000000000000000000011111000001111110000010001100000000110000000001000000000100000000011000000001110000000011000000
0000000000000000000000000000011000000111110000011001100001100010000010001100000000010000000001000000000110000000001000000
0000000000000000000000000001111100001110011000110001100001000010000000001000000000110000000011000000000100000000011000000
0000000000000000000000000111111000011111100000000010000000000100000000011100000011111110001111100000000001000000000010000
0000000000000000000000000001111000111111111011111000110000000011000000000110000000011000000001110000000011000000001100000
0000000000000000000010000001111100011111110000000001000000000100000000011000000001100000000110000000011000000000110000000
0000000000000000000000011111110000000000100000000001000000000110000000001000000000110000000001000000000110000000001100000
0000000000000011010000000111100000000001000000000010000000000100000000011000000000100000000001000000000110000000001100000
0000000000000000000000000100000000001111100000010011000000100100000000001000000001111000000000100000000001000000000010000
0000000000000000110000000111110000000001100000000010000000000100000000011000000000110000000001000000000110000000001000000
0000000000000000000000000000111000111110010000000001000000000000000000001000000000100000000011111100000100000000000000000
0000000000000000000000000000011000000111110000011111100000100110000000011000000001100000000110000000001100000000010000000
0000000000000000010000000010100000001000100000100001000000000010000000001000000000111000000001000000000010000000000100000
0000000000000000000000000000011100011111111100111000111000000111000000011100000001100000000110000000011100000000110000000
0000000000000000000000000001111100000110011000011000100000000010000000001000000000100000000010000000001000000000100000000
0000000000000000000000000000001110111001111001111111110011111111101110000110001100011100001000110000000001100000000011000
0000000000000000000000011111110000000000110000000001100000000010000000001100000000110000000001100000000010000000001100000
0000000000000000000000001111111000000000110000000001000000000110000000111100000000110000000001000000000010000000001000000
0000000000000000000000011111111000011111110000000001100000000110000000001100000000011000000001100000000011000000000110000
0000000000000000000000001100000000011100000000111111100000000011000000000110000000001000000000110000000001000000000010000
0000000000000000000000000111100000011111000000100010000001111111000111111111100000011000000000110000000001100000000010000
0000000000000000000000000010000000001100010000011111100000100010000001000100000000011000000000100000000001000000000100000
0000000000000000000000000001111100000111111000011001100001100011000000001100000000110000000001100000000110000000011000000
0000000000000000100000000001111100000000011000000000110000000111000000011100000001100000000110000000011000000001100000000
0000000000000000000000000011100000000111110000110000100001100001000011000100000000001000000000010000000001000000000010000
0000000000000000000000000011100000001111111000110001100001100011000011001100000100010000000001100000000010000000001100000
0000000000000000000000000111110000000111110000000011100000000110000000011100000000110000000011000000001100000000011000000
0000000000000000000000011111111000111111111000000000110000000001100000000110000000011100000001100000000110000000001100000
0000000000000000000000000000111100111111001001100000110000000011000000001100000000010000000011000000001100000000110000000
0000000000000001100000000111100000001001100000000001000000000100000000001000000000010000000000100000000001000000000010000
0000000000000000000000001111111101111111111000000000110000000011100000001110000000111000000001100000001110000000111000000
0000000000000111110000011100100000000001000000000010000000000100000000001000000000011011001111111100001001100000000000000
0000000000000000000000001100011000011111110000110011000001000010000000001100000000010000000000100000000011000000000110000
0000000000000000000000011110000001101110000000000111000000000110000001111111000001111110000000110000000001100000000011000
0000000000000000000000011111000000111111110001100001100001000011000000000100000000011000000000110000000001100000000011000
0000000000000000000000000100000000001111100000010001000001100010000000000100000000011000000000110000000001100000000011000
0000000000000000000000000001111100011111110000000011000000001100000000011000000000110000000011000000000111000000001100000
0000000000000000000000000000000000111111111001100000110011000001100110000110000000011000000000110000000011000000000110000
0000000000000000000000001111110000000000100000000001000000000100000000001000000000110000000001000000000010000000001000000
0000000000000000000000000000111001111111110000000001100000000010000000001100000000010000000001100000000010000000001100000
0000000000000000000000010000001001111011111001111111100000000011000000000100000000011000000000110000000011000000000110000
0000000000000000000000000011111000000111110000000001100000011110000000011000000000100000000010000000001000000000110000000
0000000000000000000000000001110000000111100000011011000000100100000000001000000000110000000001000000000010000000001100000
0000000000000000000000011111111000111111110000000011000000000110000000011100000000110000000011100000000110000000001100000
0000000000000000000000000000011001111111110000000001100000000010000000001100000000010000000001100000000011000000000110000
0000000000000000000000000011111101111111111000000000110000000011000000001100000000110000000011000000001100000000110000000
0000000000000000000000000001111000000000100000000011000000000100000000010000000001100000000010000000001000000000010000000
0000000000000000000000000111100000111111110000000001100000000011000000000110000000011000000001100000000110000000011000000
0000000000000000000000000111100000000001000000000010000000000100000001111100000000010000000000100000000001000000000010000
0000000000000010000000000011000000000001000000000010000000000100000000001000000000100000000001000000000110000000000100000
0000000000000000000000000001111000011111110000100001000000000110000000001000000000110000000011000000000110000000011000000
0000000000000000000000001111110000110000100000000001000000000010000000000100000000001000000000110000000001000000000110000
0000000000000110000000000111000000000011000000000001000000000010000000001100000000011000000001100000000011000000000100000
0000000000000000000000000000000000000000000000011100000000001111000001110000000000100000000001000000000000000000000000000
0000000000000000000000000000010001000001100001111001000000000010000000001000000000010000000000100000000001000000000010000
0000000000000000000000000000000001100011110000111000100000000011000000000100000000001000000000010000000000100000000010000
0000000000000000011000000111110000000001000000000110000000001100000000011000000000100000000001000000000010000000000100000
0000000000000000000000000111111000001110110000000001000000000110000000001000000000110000000011000000000110000000001000000
0000000000000011100000000001110000000001100000000010000000000100000001111100000001111000000001000000000010000000000100000
0000000000000000000000011110000000000110000000000010000000000110000000111111000000010000000001000000000010000000001000000
0000000000000000000000001111100000110001000000000010000000000100000000001000000000010000000000100000000001000000000110000
0000000000000010000000000011110000000001000000000010000000000100000000111110000000100000000010000000000100000000001000000
0000000000000000000000000011110000011101100000000011000000000110000000001100000000011000000000100000000011000000000110000
0000000000000000000000110000000001111111100001111111100000000001100000000011000000001110000000011000000000110000000001100
0000000000000000000000001111100000000001100000000001000000000110000000001000000000010000000001000000000011000000000100000
0000000000000000000000011111111000011111110000000001100000000011000000001100000000011000000001100000000011000000001110000
0000000000000000000000011111110000111101100000000011000000000110000000001100000000011000000000100000000001000000000010000
0000000000000000000000001111111000011111110000000011100000000111000000011100000000110000000001100000000111000000001100000
0000000000000000000000000000001000001111110000010001000000100010000011001100000000010000000000100000000011000000000100000
0000000000000111100000011111110000001011100000000111100000111111110011111111000001111100000011100000000111000000001110000
0000000000000000000000110000000000111111110000011111100000000010000000001100000000011000000000110000000001000000000010000
0000000000000000000000001111110000010111100001100011000000000110000000001100000011111100000010110000000001100000000011000
0000000000000000000000001111000000000001000000000011000000000110000000111111000000010000000000100000000011000000000100000
0000000000000000000000000011100100000111111000011001100000100010000000001000000000110000000001000000000100000000011000000
0000000000000000000000001111111000011111110000000000100000000011000000001100000000011000000001100000000011000000001100000
0000000000000000000000000000100000000111100000111001000001000010000000000100000000001000000000110000000001000000000010000
0000000000000000000000000000000001111111110011100001100000000011000000000110000000001000000000010000000001100000000011000
0000000000000000000000000000011100001111111000111001100011100011000000001100000000011000000001100000000110000000001100000
0000000000000000000000001111100000000001100000000011000000000100000000001000000000010000000000100000000011000000000110000
0000000000000000000000000111100000000001100000000011000000000100000000001000000000100000000001000000000010000000001000000
0000000000000000000000000000000000011111111000001111110000000011100000001100000001110000001110000000110000000011000000000
0000000000000000000000000001110000001111100000000010000000001100000000010000000000100000000011000000000100000000001000000
0000000000000000000000110000001000111001110000111111100000011110000000011100000000110000000001100000000111000000001100000
0000000000000000000000011111000000000011100000000001100000000001000000000110000000001000000000110000000011000000001100000
0000000000000000000000000110000000001111100000010111100001100010000000001100000000011000000001100000000010000000001100000
0000000000000000000000000001100000000111100000011001000000100010000000001100000000010000000000100000000010000000000100000
0000000000000000000000000001111000011111110000110001100000100010000000001100000000110000000001100000000010000000001100000
0000000000000000000000001100000000011110000001100011110010000001100100000010000000000100000000010000000000100000000011000
0000000000000000000000000111111000001111110000000011000000000110000000001000000000110000000011000000000100000000010000000
0000000000000000000000000010111100001111111000000011100000000110000000011000000001100000000110000000011000000001100000000
0000000000000000000000011111110000111111110000000011100000000110000000001100000000110000000001100000000011000000000110000
0000000000000000010000001111100000010001100000000011000000001111000000111100000001010000000000100000000001000000000110000
0000000000000000000000000000111000011111110001100001000000000010000000001100000000110000000001100000000110000000001100000
0000000000000000000000001111100000000000100000000001000000000100000000001000000000010000000000100000000010000000000100000
0000000000000000000000000000011100001111110000110001000000000110000000001000000000110000000001000000000100000000011000000
0000000000000000000000000000010000111111110011110000100000000011000000000110000000001100000000010000000000100000000011000
0000000000000000000000000000011000001111110000110001000000000100000000001000000011111000000001000000000100000000001000000
0000000000000000000000001000000000111111110000001001100000000011000000000100000000001000000000110000000001100000000011000
0000000000000000000000001111110000011111100000000011000000000110000000001000000000110000000001000000000110000000011000000
0000000000000000000000000000111000001111111000111001100001000110000000001100000000110000000011000000000100000000011000000
0000000000000001100000011111110000110001110000000001100000000011000000000110000000011000000001110000000111000000011100000
0000000000000000000000001111111000001111110000000011100000000110000000011100000000110000000011000000000110000000011000000
0000000000000000000000000111111000000111111000000001100000000110000000001000000000110000000011000000001100000000010000000
0000000000000001000000001111000000000001000000000001000000000010000000001100000000010000000001100000000010000000001100000
0000000000000000000000000001111100000110011000000000100000000010000000011000000001100000000110000000011000000001100000000
0000000000000000000000000111111110011111111000110001100000000110000000001100000000110000000011000000001100000000111000000
0000000000000000000000000000000000000011110001111000100000000010000000000100000000011000000000100000000001000000000000000
0000000000000000000000001111111000011101110000000001100000000011000000001100000000110000000011000000001100000000110000000
0000000000000011000000000011111100000000011000000001100000000110000000011000000011100000001100000000111000000001100000000
0000000000000111000000001011000000000010000000000110000000001100000001111111000011111000000000100000000001000000000010000
0000000000000010000000000111111000001111110000000001100000000011000000001110000000111000000011100000001110000000011000000
0000000000000000000000000011100000101101100001110001100001100001100010000011000000000110000000001000000000110000000011000
0000000000000000000000000011100000001101110000011001100000000010000000001100000000110000000001100000000110000000011000000
0000000000000000000000000111100000001001100000010001000000100010000001000100000000001000000000010000000000100000000001000
0000000000000011000000001111100000000001100000000001100000000011000000000110000000011000000001100000000110000000011000000
0000000000000000010000000011110000000111110000001111100000000110000000011100000000110000000011000000001110000000011000000
0000000000000000000000001100010000011111100000110001000000000110000000001100000000010000000001100000000010000000001100000
0000000000000000000000000111100000001111100000000011000000000100000000111000000001111000000000100000000001000000000010000
0000000000000001000000000111100000001111100000111101100001110011000011000110000000001100000000111000000001100000000011000
0000000000000000000000011100110000001111100000000011000000000100000000001000000000110000000001100000000011000000000010000
0000000000000000000000011110000000101111100000000001000000000010000000000100000000011000000000110000000001000000000010000
0000000000000000011000000111111000011111110000010001100000000011000000001100000000110000000011100000001110000000111000000
0000000000000000000000000111110000111111100001000011000000000110000000011100000000110000000001100000000011100000000111000
0000000000000100000000001111110000000000100000000001100000000010000000001100000000011000000001100000000011000000001100000
0000000000000000000000001111110000011111100000000001000000000110000000111100000001111000000000100000000001000000000010000
0000000000000000000000000000000001110000000000111111000000000001100000000001000000000010000000011000000001100000000000000
0000000000000000000000001111111000000111110000000011100000000110000000011000000000110000000011000000000100000000011000000
0000000000000000000000001111000000010001100000110000100001100001000000000100000000001000000000000000000001000000000010000
0000000000000000000000011111000000010011000000000010000000000100000000111111000000010000000000100000000011000000000100000
0000000000000111000000001111110000011111110000001111100000000011100000001111000000111100000111110000001111000000011100000
0000000000000000000000000001100000001111111000010001100000000010000000001000000000100000000010000000001000000000100000000
0000000000000000000000000011100000001101000000110000000000000010000000000100000000001000000000010000000001000000000010000
0000000000000000000000111000000001111111000000001111100000000001100000000011000000000110000000001000000000110000000001100
0000000000000000000000011111110000111111110000000001100000000011000000001110000000011000000000110000000011000000000110000
0000000000000010000000000111111100011000011000110000110001000011000000111100000010110000000001100000000010000000001100000
0000000000000000000000000000000000000000000000111100000000001111000001110000000000100000000001000000000000000000000000000
0000000000000000000000000000001000001111110000111101100001000010000000001100000000010000000001000000000110000000001000000
0000000000000000000000000000000000011111111101111100110011100011000000001100000000111000000111100000001110000000000000000
0000000000000000000000000111110000001100100000010011000000000100000000001000000000100000000001000000000110000000001100000
0000000000000000000000000000101000111111111000000000110000000011100000000110000000111000000011100000001100000000110000000
0000000000000000000000000111110000001000100000000001000000000100000000001000000000100000000001000000000110000000001000000
0000000000000000000000000111111000011000110000100001100011000011000000000100000000011000000000100000000011000000001100000
0000000000000000000000001101110000111111110001000001000000000110000000001100000000010000000001100000000011000000000110000
0000000000000000000000000111111000001100110000010001100000000110000000001100000000110000000001000000000110000000011000000
0000000000000111110000011111110000110001110001000011100000000110000000001100000000111000000001110000000011100000000111000
0000000000000000000000000000000000000000111001111111110011100001100000000110000000001000000000100000000011000000000100000
0000000000000010000000000100000000001111110000010000100000100010000001000100000000001000000000010000000000100000000010000
0000000000000000000000000000000000111111110001111111110001000011000000001110000000011000000000110000000001000000000110000
0000000000000000000000000011111000011111110000000001100000000110000000001100000000110000000001000000000110000000011000000
0000000000000000000000000111111000011111110000111001100001000011000000000110000000011000000001100000000111000000011100000
0000000000000000000000001111110000111101100000000011000000000110000000001100000000010000000001100000000011000000000100000
0000000000000000000000000001111000011111110000011101100000000111000000001100000000110000000011000000000110000000011000000
0000000000000000000000000111110000110000100001000001000000000010000000000100000000010000000000100000000010000000001100000
0000000000000000000000000001111000000110100000011011000000000100000000001000000000100000000011000000000100000000011000000
0000000000000000000000000111110000010000110000000001000000011110000000011111000001100000000011000000000100000000011000000
0000000000000000000000000000001000011111111011111111110111110001100000000110000000001100000000010000000001100000000011000
0000000000000000000000000111111000111111111001110000110000000001000000000110000000011000000001110000000111000000001100000
0000000000000000000000000000010000000111100000110010000000000100000000011000000000100000000001000000000110000000001100000
0000000000000000000000000111110000000000100000000010000000001111110001111000000001000000000100000000010000000000100000000
0000000000000000000000001111111000111111110000000001100000000011000000001100000000011000000001100000000011000000001100000
0000000000000000000000011111000000111111110000110000100000100001100000100010000000001100000000110000000011000000001100000
0000000000000000000000001111110000000001100000000010000000000100000000011000000000100000000001000000000110000000001110000
0000000000000000000000000000010001111111110011111111100000000011000000000100000000001000000000010000000001100000000011000
0000000000000000000000000100111000011111100000110001000001000110000000001100000000010000000001100000000010000000001100000
0000000000000000000000000000111000011111100000000001000000000100000000011000000000100000000011000000000100000000001000000
0000000000000000000000000101111000011100011001100000110010000001101100000010011000000100000000011000000000100000000001000
0000000000000000000000000000000001111111111010000001100000000011000000000110000000011000000000110000000011100000000111000
0000000000000000100000000110110000010000010000000000100000000010000000000100000000010000000001000000000100000000011000000
0000000000000000000000000111110000011110100000000001000000000110000000001000000000110000000001000000000110000000001000000
0000000000000000000000000001111000000111110000011001100001100010000000001100000000010000000001100000000011000000000100000
0000000000000000000000000001111110111111101101100000011000000001100000000110000000111000000011000000011100000001110000000
0000000000000000000000011111000000111111111000000111110000000111000000011100000001111000000011100000001110000000011000000
0000000000000000000000011111111100111111111001100000100011000011000110000110000110001100000000110000000001100000000011000
0000000000000000000000011111111000000000110000000001100000000110000001111100000111110000000001000000000110000000001000000
0000000000000000000000000011111101111111111011110001110000000011100000001110000000011100000001110000000111000000011100000
0000000000000000000000000011111100111110110000000001100000000110000000111111000111111110000001100000000011000000000110000
0000000000000000000000000111111000011111111001111000110000000011000000001100000000011000000001100000000110000000011000000
0000000000000000000000000001111100001111111000011000110001100001000010000100000000011000000001100000000110000000011100000
0000000000000000000000001100000000001111110000000001100000000010000000001000000000010000000001100000000010000000000100000
0000000000000000000000111111111001111111110000000011000000000110000000001100000000010000000001100000000011000000000010000
0000000000000000100000000011111100001111111000110001100000000010000000001100000000110000000011000000000100000000011000000
0000000000000000000000000011111100001111110000110001100000000110000000011000000000110000000011000000001100000000011000000
0000000000000000000000110000000001111111110000111111110000000111100000011110000001111100000011100000000111000000000100000
0000000000000001110000000010010000001000100000010000000001000010000010000100000001111000000000100000000001000000000100000
0000000000000000000000001111110000010001100000000011000000000100000000001000000000010000000000100000000001000000000110000
0000000000000001110000001111110000000001100000000011000000000110000000011100000000110000000011100000000110000000001100000
0000000000000011100000000111111000000011111000000001100000000111000000011100000001110000000111000000011100000000110000000
0000000000000100000000001111111000000011110000000001100000000110000000011100000000110000000011000000001110000000011000000
0000000000000000000000111111110000011111110000000001000000000010000000001100000000011000000000110000000001100000000011000
0000000000000000000000000000110000111111110000000001100000000011000000001100000000011000000001100000000011000000000100000
