0000111000000001100000000011000000001100000000011000000000110011100001100111000011101110000111111000000111100000000000000
0000001100000000110000000001000000000110000000011000000000110000000001011100000011111000000011110000000011000000000000000
0000011000000001100000000010000000001100000000011111000000111001000001100001000011000010000011011000000011100000000000000
0000011000000000110000000001100000000110000000011100000000110000000001100000000111111110001111111100000011100000000000000
0000100000000000100000000011000000000100000000001011110000011100100000110010000001001100000111110000001000000000000000000
0000001000000000110000000011000000000100000000001011000000110001000001000010000010001100000100110000001110000000000000000
0011000000000110000000001100000000011000111000110011010001100100100011011011000010110100000111111000000111100000000000000
0000000100000000001000000000110000000011000000001100000000010000000001100100000010010000000101100000001110000000000000000
0000001100000000011000000001100000000010000000001100000000011110000000111110000011001000000111110000000110000000000000000
0000011000000001100000000010000000000100000000011000000000110000000001111110000001100110000011001000000011100000000000000
0000001000000000110000000011000000000100000000010001100000100111000010011110000110111000000111100000000010000000000000000
0000110000000001100000000110000000001100000000111011111001101111110011011001100111111110001111110000000111000000000000000
0000001000000000100000000010000000001100000000010000000001100000000010000011000111100010000111111100000001100000000000000
0000011100000001100000000110000000001100111000110011110001001101100110011110001100111110011111111000011111000000000000000
0000000000000011000000001100000000010000000001100000000001011111110011100000100011000001000111111110000011110000000000000
0000000000000001111000000010000000001100000000010001000000101111000001110010000011000100000010011000000011100000000000000
0000110000000011100000000110000000001100000000011000000000110000000001101100000001111100000011111000000011100000000000000
0000010000000001100000000010000000001100000000011000000000110011000001111110000001101100000011110000000011100000000000000
0000000110000000011000000001100000000110000000001000000000110000000001001110000011111000000111100000000100000000000000000
0000001100000000011000000001100000000011000000001100000000011100000001111100000001001100000010110000000111000000000000000
0000000100000000011000000001100000000110000000011000000000110111100011011111000110101110001111110000001110000000000000000
0000000011000000001100000000110000000011000000001100000000110111000011111011001110000110001111111000001100000000000000000
0000000110000000011000000001100000000110000000011000000000111111000001110010000011101100000111110000000110000000000000000
0000000000000000111100000011110000000100000000011111000000111110000001101100000010011000000100110000001111000000001100000
0000110000000011100000000110000000011100000000110011100001111111100011111111000011111110000011111100000001100000000000000
0000001100000000110000000011000000001100000000011001110000101111100011110001000111100110000111111000000010000000000000000
0000001100000000010000000001100000000010000000001100000000010000000000111100000001111000000011100000000111000000000000000
0000001100000000110000000011000000000100000000011000000000100011110011011111000111111110000111100000001000000000000000000
0000000001000000001110000000100000000010000000001100000000010000000001100000000011100000000111100000001110000000001000000
0000000011001100001110000001110000000110000000111000000001100001110110001111001100111100011111110000011111000000000000000
0000001100000000110000000001000000000110000000001000000000011100000000101100000001001000000010010000000011100000000000000
0000000100000000011000000001100000000011000000001100000000011110000000110000000011001000000101110000001110000000000000000
0000100000000011000000000100000000001000001000010001110000101110100001111111000011111100000111100000000000000000000000000
0000000110000000001000000000100000000010000000001101100000110111000001011010000111111000001111100000000100000000000000000
0000110000000001000000000010000000000100000000001000000000111110000000110010000001100100000001111000000001100000000000000
0001100000000011000000000110000000011000000000110011110001111110110010010011001100001100001111110000000110000000000000000
0000000011000000000100000000010000000001000000000101100000111111100011110011001101111000011110000000000000000000000000000
0000011100000000100000000011000000000110000000001000000000110011000001101111000011110100000011111000000011100000000000000
0000011000000000100000000011000000000100000000011000000000110110000001111110000001100110000011111000000000000000000000000
0010000000000100000000011000000000110000010001100011110011001111110110011011100111111110000111110000000000000000000000000
0000110000000001000000000010000000001000000000010000000000100111100001011001000011100010000011111000000001000000000000000
0000000000000001110000000111000000011000000000100000000011000000000011000111100011111111000001111000000000000000000000000
0000001100000000110000000011000000000100000000011000000000100110000001111110000011001100000111110000000000000000000000000
0000010000000001100000000010000000001100000000010001100000100111000001011010000011111000000011100000000000000000000000000
0000000110000000110000000011000000001110000000111000000001100011100111011111001111100110001111111000001111100000000000000
0000100000000000000000000100000000001000000000010111000000111011000001100010000011111100000001111100000000000000000000000
0000000000000011000000001100000000010000000001100000000001101111110011111001100011111111000001111100000000000000000000000
0000001100000000111000000011100000000110000000011000110001100111100011011111000111111100000111110000000000000000000000000
0000001100000001111000000011110000001100100000011000000000110000000011111110000111111100001110011000001111100000000010000
0000000110000000011000000001100000000010000000001000000000100000000001001110000111100100001111110000000110000000000000000
0000000100000000010000000001100000000010000000001100000000010011000001111110000011001000000111100000000110000000000000000
0000011000000000100000000010000000000100000000011011100000100101000001010010000010111000000111110000000110000000000000000
0000000010000000011110000001100100000010000000001000000000110000000001000000000010110000000110010000001111000000001100000
0000001000000000110000000011000000000100000000011001100001100111100011010001000111111110000001110000000001100000000000000
0000110000000011000000001100000000010000000000100000000001000011100010011101000111110110000111111000000001100000000000000
0000001000000000111000000011100000000111000000011101100001110111000011111111000111111110000111111000000111110000000000000
0001100000000010000000001100000000010000000000100001100001000101100010010001000111100010000111001000000111100000000000000
0000001000000000110000000011000000001110000000011111000000111110000001100100000011001000000110110000000111100000000000000
0000000110000000011000000000110000000011000000001100000000111110000011111100000111111000001111100000000100000000000000000
0000001100000000111000000011000000000100000000011000000000110111000001011110000010111100000111110000000111000000000000000
0000011000000000100000000011000000000100000000001000000000010001000000101110000011111100000011110000000010000000000000000
0000001000000000110000000001000000000100000000001000000000100000000001001110000010110100000111110000000100000000000000000
0000000000000001100000000110000000001100100000011111100001110011000011100110000011001100000011011000000111100000000000000
0000011000000000110000000011000000000110000000001000000000010000000000101100000001111100000011111000000011110000000000000
0000001100000000110000000011100000000110000000001100000000011100000000111110000001001100000011111000000011000000000000000
0000001100000000010000000001000000000110000000011001110001101110110111110001101111011110011111100000011000000000000000000
0000010000000001100000000011000000000100000000001000000000011000000000110000000001111100000001111000000000000000000000000
0000000000000000001110000001101000000110000000010000000001100000000010000000000100001110001000110000010110000000011000000
0000010000000001000000000010000000001000000000010001100000100111000000001010000010100100000011110000000000000000000000000
0000100000000011000000000100000000011001100000111111100001111001100011000011000010001100000111110000000111000000000000000
0000110000000001000000000100000000011000000000100000000001000011110110001101000111111100000111110000000000000000000000000
0000000000000000010000000001100000000110000000001000000000100011000001011010000011111000000001000000000010000000000000000
0000100000000001000000000010000000001100000000011001000000100111000001011010000010101100000111110000000001000000000000000
0000011000000000100000000011000000001100000000011001100000100111100011011010000111111100000111110000000000000000000000000
0000011100000001100000000110000000001000000000110000000001101111000011110011000111000110000111111000000111000000000000000
0000001000000000100000000001000000000100000000001001100000100101000001011010000010101000000101100000000100000000000000000
0000000000000000011100000011101000000110000000001000000000110000000001100000000001111000000011110000000011000000000100000
0000010000000001100000000110100000001100000000011111000000111011000001100010000011000100000011001000000111100000000010000
0000011000000001000000000010000000000000000000010000000000100010000001010010000010000100000010010000000111000000000000000
0000000110000000011100000000110000000011000000001110000000111110000001100100000010011000001111100000001110000000000000000
0000001100000000111000000011100000000110000000011100000000110011100011001111000111111110001111111000000010000000000000000
0000000010000000111110000011111100001110010000011000000001110000000011000000000110111100001111111000001111110000000110000
0000001100000000010000000001100000000110000000001000110000110011100001001001000010110100000111100000000100000000000000000
0000011000000001110000000011100000001100001000111001111001100111110011111011001111101110001111110000011111000000000000000
0000001100000000110000000011000000000110000000011001000000111111000001111110000010111000000111110000000110000000000000000
0000000100000000011000000001100000000010000000001100000000010000000000100000000001110000000010100000000111000000000000000
0000000100000000011000000001100000000110000000001100000000011100000001111100000001101000000011110000000011100000000000000
0001100000000011000000000110000000001000000000110001110001101111100011110001000011000110000111111000000111000000000000000
0000000100000000011000000001100000000110000000011000000000100000000011001111000110111100001111110000001110000000000000000
0000001110000001110000000111000000011000000000100000000011000111100110011001101101100011001110001100001111100000000000000
0000000110000000011000000001100000000110000000001000000000010000000001111100000001001100000010011000000111100000000000000
0000001100000000010000000001100000000010000000000100000000011100000001111100000001011000000011100000000111000000000000000
0000000110000000001000000000100000000010000000001100000000010110000001011110000010111000000111100000000000000000000000000
0001100000000011000000000110000000001100000000010001100000100101000001011110000011111000000011100000000001000000000000000
0000011000000000100000000011000000000100000000011000000000111111100001111111000011001100000111110000000000000000000000000
0000000100000000011000000001100000000110000000001100000000110111000001111110000011101100000111110000000111000000000000000
0000001100000000111000000011100000001110011000111001111001101111110110111111001101111100011111100000011110000000000000000
0000000110000000011100000001110000000111000000001100000000110110000001111110000011101100000111111000000111100000000000000
0000001000000000110000000011000000000100000000011000000000100011100011001111000110111110001111110000001000000000000000000
0000000010000000001000000000110000000001000000000100000000011000000000111100000011011000000111000000001000000000000000000
0000000100000000011000000001100000000110000000001100000000011000000000101000000001011000000010110000000111000000000000000
0000100000000011000000000000000000001000000000010011000000101111000001011110000011111000000011100000000000000000000000000
0000011000000001100000000011000000001100000000011000000001110111100011011111100111110110001111111100000000000000000000000
0000100000000011000000000110000000001000000000010000000000100011100001101111000001111100000011110000000000000000000000000
0000000100000000011000000000110000000011000000000100000000011100000000111100000001011000000010110000000111000000000000000
0000000010000000001000000000110000000001000000000100000000011000000000100000000011111000000111110000000100000000000000000
0000000001000000000110000000011000000001100000000110000000011000000001111100000011111000000111100000001110000000000000000
0000110000000011000000000110000000001100000000010001100000111111100001111011000011100110000111111100000001000000000000000
0000000010000000001100000000110000000001000000001110000000111100000001111000000001010000000111100000000110000000000000000
0000110000000001100000000110000000001100000000010001100000111111100011100001000011000110000111111000000111000000000000000
0000011000000001100000000011000000001100000000110000000001100000100111001111100111100111001111111000000110000000000000000
0000011000000001110000000011000000001100000000011111000000111111000001110110000011111100000111111000000011000000000000000
0000011000000001110000000011000000001110000000011111000000111110000001111110000001111100000011110000000011000000000000000
0000011000000001100000000110000000001100000000110000000001100110000011011111000111110110000111111100000011100000000000000
0000011000000001100000000110000000001000000000110000000001100111100011111111100011110110000111111100000000000000000000000
0000000110000000011000000000100000000010000000001100000000010000000001111100000011001000000111100000000000000000000000000
0000000010000000001100000000111000000011100000001110000000111000000001100111000011111100000111110000001110000000001000000
0001100000000010000000001100000000011001110000010010110000100100100001001011000001010100000011110000000011100000000000000
0000011100000001101000000010000000001100000000011000000000110110000001111100000001101100000011111000000011100000000000000
0000010000000001000000000010000000000100000000011010000000110010000001100010000001000100000011110000000001000000000000000
0000001110000000110000000010000000001100000000010000000001100000000011011110000110000110000100001000000111100000000000000
0000110000000001100000000011000000001110000000011000000000110001100011111111000111111110001111111100001111110000000000000
0000001000000000110000000001000000000010000000001100000000011000000000111000000001111000000010110000000011000000000000000
0000001100000000111000000001100000000110000000011000000000110110000001111110000011111100000111111000000111000000000000000
0000000111000000111110000011000000011100000000100000000011001111100110110001101111000011001111001100000111110000000000000
0000001100000000110000000011000000000110000000001100000000010000000001111100000011101100000011110000000111100000000000000
0011000000000110000000001000000000110000111001100011110011001100110110011001100111110011000111111100000001111000000000000
0000110000000001000000000110000000001000000000010001000000101111000001010010000010100100000011110000000000000000000000000
0000110000000010000000001100000000011000000000100000000001111111100011100001000011000011000011100100000011110000000000000
0000001000000000100000000001000000000010000000001000000000010000000000111100000001111000000011100000000000000000000000000
0001100000000010000000001100000000010000001000100000111011000011010110001101100110011110001111111000000110000000000000000
0000011000000000110000000011000000000110000000011111100000111111000001111110000011111100000111100000000100000000000000000
0000000110000000011000000000100000000010000000001100000000010000000001111100000011001100000010110000000111000000000000000
0000100000000010000000000100000000000000000000000111110000110000100001000001000011000100000111111000000100000000000000000
0011000000000100000000001000000000100000000001000001110011000010110010000101000110001110000111111000000011000000000000000
0001000000000010000000000100000000001000000000010011100000101001000001010110000011111000000011100000000000000000000000000
0000000000000000011000000001010000000110000000001001100000100111000001001010000110111000000111100000000110000000000110000
0000011000000000100000000011000000000100000000001001100000010111000000101010000001110100000011110000000011000000000000000
0000100000000010000000000100000000001000000000100111110000011000110001100000000010000000000110011000000111100000000000000
0000001100000000110000000001000000000010000000001111000000011011000001100010000010000100000111110000000111000000000000000
0000011000000000100000000010000000000100000000001000000000010100000000111100000001101000000011110000000011000000000000000
0000000011000000001100000001100000000110000000011000000001100000000010001110000100001100001100110000001111000000000000000
0000000011000000001110000000111000000011000000001100000000111111000011111110000110001000001111110000001111000000000000000
0000010000000001100000000010000000001100000000011001100000100111100011011011000111111100001111100000000000000000000000000
0000000100000000011000000000100000000011000000001100000000011000000001111000000011001000000010110000000011000000000000000
0000000010000000001100000000110000000111000000001111000000111111000011100110000110001100001111110000001111000000000000000
0000011000000000100000000011000000000100000000011011000000111111000001110110000011001000000111110000000110000000000000000
0001100000000010000000001100000000010000110000100001111011000100010110011000100100010001000111111100000000000000000000000
0001100000000010000000000100000000001000000000110001110001100111100011001011000111101100000111111000000011000000000000000
0000000110000000011000000001100000000110000000001000000000111110000001110110000011001000000110100000000110000000000000000
0000000000100000000011000000011000000001100000000110000000110000000011000000001100110000011011110000011111000000000000000
0000000110000000011000000000110000000011000000001100000000110000000001011100000110111000000111110000000111000000000000000
0110000000001100000000001000000000010000000000100111100001011011100011110001100111100011000111111100000011110000000000000
0000001000000000110000000011000000001110000000011111000000110110000001100110000001001100000011111000000011100000000000000
0000001000000000100000000011000000000110000000001100000000011100000000110100000001101000000001110000000011000000000000000
0000000010000000001100000000000000000001000000000110000000011110000000111100000011110000000111000000001000000000000000000
0000110000000001000000000010000000001100000000011000000000101110000001110010000011100110000011111100000001100000000000000
0000010000000001100000000011000000000110000000001111000000011111000001110110000011111000000111110000000010000000000000000
0000000000000000010000000001000000000010000000001101000000011111000000111100000011110000000100000000001100000000000000000
0000000100000000011000000001100000000110000000001000000000111111000011111010000111000100000111111000000010000000000000000
0001100000000011000000000100000000011000000000110000000001100111110011111100100011000001000111111110000001000000000000000
0000000010000000001000000001100000000110000000001000000000110111000001011010000111101000001111100000001011000000000000000
0000000110000000001000000001110000000111000000011100000000111111100011111111000111100110000111111000000110000000000000000
0000011000000001100000000110000000001000000000110000110001100111110011001000100110011011000111111100000111100000000000000
0001110000000111000000001100000000011000000000110000000001101111000001111111100011100011000111001110000111111000000000000
0000110000000001100000000011000000001110000000011101100000111111100001111011000011111110000111111000000010000000000000000
0000001000000000110000000001000000000110000000011000110000100011100011001001000100100100000111110000000000000000000000000
0000010000000001000000000010000000001000000000010000100000100111000001001010000010011100000011110000000000000000000000000
0000000100000000010000000001100000000010000000001100000000011000000000101000000011010000000110100000000110000000000000000
0000010000000001100000000010000000001100000000010000000000111000000001111110000011000110000011111100000001100000000000000
0000000100000000011000000000100000000010000000001100000000011100000000101100000001001000000010110000000111000000000000000
0000000110000000011100000001110000000111000000011100000000110000000001111000000011111000000111110000001111100000000000000
0001100000000110000000001100000000010000000000100001111001000110110011001001100110011110000111110000000010000000000000000
0000010000000001100000000010000000000100000000011111110001111000100011000001000011000110000011111000000000000000000000000
0000001000000000110000000001000000000010000000001000000000010100000000100100000001001000000010010000000111000000000000000
0000000011000000001100000000110000000011000000001100000000110111000011011110000100111000001111100000000000000000000000000
0000000011000000000110000000111000000011100000001111000000111111000011100111001110011100111111110000111110000000000000000
0000001100000000110000000011000000000110000000011000000000110000000001101100000011111100000011111000000011000000000000000
0000000010000000001100000000100000000011000000000100000000011110000001110100000010010000000101100000001110000000000000000
0000011000000000100000000011000000000110000000001100000000011110000001111110000001101100000011110000000011000000000000000
0000000011000000011100000001110000000111000000011110000001111111000011110011000111000110001111111100000010000000000000000
0000010000000001100000000010000000001000000000010000100001100111100001011001000011100110000111111000000000000000000000000
0000000100000000011000000001100000000010000000001100000000011000000000111100000001011000000010110000000111000000000000000
0000000110000000011000000001100000000011000000001100000000110000000001111110000110000100000110111000001111100000000000000
0000000010000000001110000000110000000011000000001100000000110100000011111100000111001000001111110000011111000000000000000
0001000000000110000000001000000000010000011000100011011001001100010010011000100110010011000111111100000000000000000000000
0000000100000000011000000001100000000010000000001100000000010111000001111010000010101100000111110000000100000000000000000
0000000110000000011000000001100000000110000000001100000000111110000001100100000010001000000100110000001111000000000000000
0000011000000001100000000010000000001000000000110000000001111111000011111111000110000110000111111000000011000000000000000
0000000100000000111100000011110000001111000000111000000001101111100011111111001111111110001111111000001111000000000000000
0000001000000000111000000001100000000110000000001100000000011110000001111110000011011100000111110000000111000000000000000
0000000111000000011111000001100000000110000000011000000000100000000011001110000110111100001111110000001111000000000000000
0000000110000000010000000001000000000110000000001000000000010000000001100100000011111000000011110000000111000000000000000
0000000100000000010000000001100000000110000000011000000000110011000001011110000010101100000100111000000111000000000000000
0000000001000000001100000000110000000011000000000100000000010000000001111100000010010000000101000000001100000000000000000
0000001100000000111000000010000000001100000000110000000001101111000011100011000110000010001110011000001111100000000000000
0000001100000000011000000001100000000110000000001000100000111111100001111001000111001100001111110000000110000000000000000
0001000000000010000000000100000000001000000000010011000000101101000001110010000001100100000011011000000011100000000000000
0000000100000000011000000000100000000010000000001000000000010000000000111000000001010000000010100000000110000000000000000
0000010000000001000000000010000000000100000000001000000000010001000000101110000001111000000001000000000000000000000000000
0000100000000010000000000100000000001000000000110000111001101110010011110000100010000010000111111000000011000000000000000
0000011000000001100000000110000000011000000000100001111011001110010110010001100111111110000111100000000000000000000000000
0000011000000001100000000010000000001000000000010011100000101101000001010010000010101100000101110000000111000000000000000
0000000100000000010000000001000000000110000000001000000000100000000001011010000011000100000110010000000011000000000000000
0000001000000000100000000010000000000100000000010011000000101001000001110100000001110000000000100000000001100000000000000
0000001100000000010000000001000000000110000000001000000000010000000000101000000001111000000011110000000010000000000000000
0001100000000110000000001000000000010000000000100001100001000111100010011001000111100110000111111000000011100000000000000
0001100000000110000000001100000000011001100000100111100001001001100011110001000111100010000111111100000011110000000000000
0000011000000001100000000110000000011000000000100000000011000001100110001111101100110011001111111100001111110000000000000
0000000011000000001100000000110000000011000000001100000000011000000001011100000010001000000100010000001111000000000000000
0000110000000011000000000100000000011000010000100011110001001100100011010001000111100100000111111000000001000000000000000
0000001000000000110000000001000000000110000000001000000000110010000001011110000011100100000111110000000100000000000000000
0010000000000100000000001000000000010001100000110011100000101001100001010001000011100110000011111000000001000000000000000
0000010000000001000000000010000000001000000000010011000000101001000001000010000010000100000111110000000010000000000000000
0000100000000001000000000010000000001100000000001000000000010100000000101100000001001000000011010000000011100000000000000
0000001000000000010000000001100000000010000000001100000000010010000000111100000001111000000011110000000010000000000000000
0000001000000000110000000001000000000110000000001001000000111111000001110010000010001100000100110000000111000000000000000
0000001100000000010000000001100000000110000000001000000000110111000001011010000011101100000111110000000000000000000000000
0000010000000001100000000010000000001100000000010000000001100111100010010011000101001100000111110000000100000000000000000
0000010000000001000000000110000000001000000000110000000001111111100011110001000011000010000111111100000001000000000000000
0000000010000000001000000000100000000010000000001000000000100000000011011110000110101100000111110000000000000000000000000
0000000100000000001000000000110000000001000000000100000000011110000000110100000011111000001111000000001000000000000000000
0000100000000011000000000100000000011000000000100000000001001111000010010011000011000110000011111000000001000000000000000
0000110000000011000000000100000000010000000000100000000001000000000011011001100011100001000011111110000000110000000000000
0000110000000001100000000010000000001100000000010000110000100011100001001111000010011100000111110000000011000000000000000
0000000011000000001100000000110000000011000000001100000000110000000001011100000011111000000111000000011100000000000000000
0000001000000000100000000010000000000100000000010000000000101111000001100001000011000010000111000100000111110000000000000
0000000110000000010000000001000000000100000000010000000000101111100010110001000101000010001110001000000110000000000000000
0000001100000000101000000001000000000100000000001000000000011100000000111100000001101000000011110000000011000000000000000
0000000010000000001000000000100000000011000000000101000000011111000001110000000011001000000111100000000110000000000000000
0000011000000001100000000010000000000100000000011000000000111000000001111100000001001100000011011000000011100000000000000
0000011000000000110000000011000000000110000000001111100000111111100001110011000011001100000111111000000011000000000000000
0001100000000010000000001100000000011000100000100011110001000100100011011011000111101100000111111000000011000000000000000
0000000110000000011000000001100000000110000000011100000000110000000001111100000011111100000111111000000111000000000000000
0000100000000010000000001100000000010000000000100000000001000000110011000111000011001110000011110000000000000000000000000
0000000100000000010000000001000000000110000000001000000000010000000001111100000011001000000011110000000010000000000000000
0000110000000001100000000111000000001100000000110011110001101111100110011001100100100110001111111000000110000000000000000
0000011000000001100000000110000000001100000000110000000001100111000011011111000111111110001111111000000111000000000000000
0000110000000011000000000110000000001000000000110001100001101111100011110011000011000110000110001000000001100000000000000
0000000011100000011111000001110000000111000000011100000001110001100011001111001111111100011111111000011111000000000000000
0000001000000000110000000011000000001100000000011000000000110000000001111110000011110100000011111000000110000000000000000
0001100000000011000000000100000000011000000000110000000000100111100001111011000001111110000011111000000100000000000000000
0000000011000000001100000001110000000110000000011000100001100011100110001111001100111100011111100000011100000000000000000
0000000100000000011000000001110000000111000000001111100000111111000001111110000111111100001111110000001110000000000000000
0000010000000001000000000110000000001000000000010001100000101110100001110001000011100010000011001000000011000000000000000
0000000110000000011000000001100000000110000000001000000000110000000001000000000010111000000111010000000111100000000000000
0000011000000000100000000010000000001000000000010000110001000010100000001000000100000000001101000000001110000000000000000
0000001000000000110000000001000000000110000000001000000000010000000001100110000010011100000111110000000100000000000000000
0000100000000011000000000110000000001000000000010000000000111111000000110011000001100010000001111100000000100000000000000
0000000110000000111100000001000000000100000000011000000000101111000011110011000110000100001111110000000111000000000000000
0000100000000001000000000010000000000100000000011111100000111001000001100011000001100100000011111000000000000000000000000
0000001100000000110000000011000000000100000000001111000000011110000000100100000001011000000011100000000111000000000000000
0000000011000000001100000000100000000011000000001111000000111111000001100010000111111100011111100000000000000000000000000
0000011000000000110000000011000000001100000000011000000000111111000011111111000111111110001111111100000000000000000000000
0000001100000000111000000011000000000100000000011000000000111100000001111100000011111100000011111000000011100000000000000
0000000010000000011100000001110000000111000000011110000000111110000011000100000110001000001100110000001111000000000000000
0000011000000000100000000011000000000110000000011000000000111111100001111111000011111100000011110000000010000000000000000
0000000100000000011000000001100000000110000000001000000000010111000000111010000001001100000010010000000111000000000000000
0000001100000000111000000011000000001100000000010000000001100011000011111111000111000110001100011000011111100000000000000
0000000011000000001100000000110000000011000000001100000000011010000001101100000110111000001111110000000000000000000000000
0000011000000000110000000011000000000110000000011011100000111111100011011010000011111100000111110000000010000000000000000
0000011000000000100000000011000000000100000000011111100000111111100001100110000111011000000111100000000100000000000000000
0000010000000000100000000011000000000110000000001000000000010000000001100110000011010110000011111000000001000000000000000
0000001100000000111100000011101000000110000000011000000001111111000011011110000111001100000111111000000111100000000000000
0000011000000000100000000011000000000100000000001000000000110000000001001110000010101100000011110000000010000000000000000
0000110000000011100000001111000000011100000000110001110001100111110011001101100111011110000111111000000010000000000000000
0000001100000000110000000001000000000110000000001000000000111110000001100010000011000100000011111000000011000000000000000
0000001100000000110000000011000000000100000000010000000000100111000011010010000011100100000111111000000111000000000000000
0000000110000000011000000001100000000110000000011000000000100000000011000111000100011100001111110000001100000000000000000
0000001000000000110000000001000000000110000000011000000000110011000001111110000011000100000011111000000001000000000000000
0000001000000000110000000011000000000100000000001000000000011110000000111110000001111000000011110000000001000000000000000
0000001100000000111000000001100000000110000000001111000000111111000001111110000011111000001111100000001110000000000000000
0000001110000000110000000001000000000100000000001110000000110110000001000110000010000100000100011000001111000000000000000
0000011000000000110000000011000000000110000000001111000000111111000001110110000011111000000011110000000010000000000000000
0000011000000000100000000011000000000100000000011000000000111100000001100100000011000100000011111000000011000000000000000
0000001100000000100000000011000000001100000000010010000001101111000011110011000111000110000111111000000010000000000000000
0000001110000000100100000011000000000100000000001000000000110000000001101100000011111000000011110000000111000000000000000
0000010000000001000000000010000000001100000000010001000000100111000001010010000010101100000110110000000111000000000000000
0000000100000000011000000001100000000011000000001100000000111000000001111100000011101100000111110000000111000000000000000
0000011000000001100000000010000000000100000000011000000000111110000001110100000001000100000010010000000011100000000000000
0000011000000001110000000011000000001100000000011011100000100111000011011110000011111100000111100000000011000000000000000
0000000100000000010000000000100000000011000000000100000000011000000001111000000001010000000011100000000110000000000000000
0000001000000000110000000011000000000110000000011000000000110111000011011111000110100110001111110000000000000000000000000
0000010000000000100000000011000000000100000000001000000000010110000000101110000001100100000011111000000011000000000000000
0000001100000000110000000010000000001100000000110000000001100011000011001111000110100100001111110000001111000000000000000
0000000011100000001100000000110000000011000000001100000000111100000001111000000011110000001111000000001110000000000000000
0000001100000000111000000011000000000110000000011011100000111001100001000011000110001100001101110000001111000000000000000
0000000100000000010000000000100000000010000000000100000000010000000000101100000001111000000011110000000010000000000000000
0000110000000011000000000100000000001000000000110000000000100110000001011011000011100010000011111100000001100000000000000
0000110000000011000000000110000000001000000000010011110000101100100001011001000011110110000011111000000011000000000000000
0000000110000000011000000000100000000010000000001100000000011000000001111000000010001000000100100000001110000000000000000
0000100000000011000000000110000000001000000000010000000000100011100001101101000011111110000011111000000001000000000000000
0000011000000000100000000001000000000100000000011011110000101101100011010010000101111000001111100000000111000000000000000
0000000110000000011000000001100000000110000000010000000001100111000010011010000101100100001111111000001100000000000000000
0000001110000001110000000011000000001100000000011000000001111111100011111111000111111100001111110000001111000000000000000
0000100000000001000000000110000000001000000000010001110000101111100001110011000011000100000110011000000111000000000000000
0000000110000000011000000001100000000011000000001101100000111111000001111110000111111000001111100000011100000000000000000
0000110000000001000000000010000000000100000000011001100000100101000001001010000010011000000111111000000000010000000000000
0000000011000000001100000000110000000011000000011100000000111111100001110011000110000110001111111000001110000000000000000
0000001110000001111100000011100000001110000000011000000001111110000011111110000011111100000111111000000111100000000000000
0000000011000000001100000000100000000010000000001000000000100011000011011010000101000100001111100000011000000000000000000
0000001100000000110000000011000000001100000000110001110001011111110111110000101111000111001111111100000000000000000000000
0000011000000000110000000011000000000110000000011000000001111111000011111111000111000110001111111000000111100000000000000
0000011100000001110000000110000000011000000000100000000001000011100110001111001100011110001111111000001111100000000000000
0000001000000000100000000000000000000100000000001000000000010000000000110100000001001000000010010000000011000000000000000
0001000000000110000000001000000000110001111001000110011010001100010110110001100111001110001111111000000110000000000000000
0000011000000001110000000011000000001110000000011000000001110001100011001111100111111111001111111100000011000000000000000
0000000100000000011000000001100000000010000000001000000000011110000001111110000010001000000110110000000111000000000000000
0000001000000000100000000011000000000100000000010000000000100011100011001110000111111000000111000000000000000000000000000
0000110000000010000000001000000000010000000000100000000010000111110110011000000100100001000111101100000011000000000000000
0000111000000011000000000110000000011000000000110001100001101111100011111001100011100110000111111000000011000000000000000
0000000011000000001000000000110000000001000000000100000000010111000001011100000011110000001111000000001000000000000000000
0000000000000000000111000000111100000111100000011100000001100110000110011110001101111000011111100000000000000000000000000
0000001100000000111000000011100000000110000000011100000000111110000001100110000011001100000111110000000111000000000000000
0000001100000000110000000001000000000110000000001001100000110111000001001110000010111000000111100000000100000000000000000
0000000110000000010000000001100000000010000000001100000000011100000001100100000010011000000101100000001110000000000000000
0001000000000110000000001100000000010000110001100011110001000101000010001110000111111111000111110000000000000000000000000
0000001100000001110000000110000000001100000000110011111001111101110011100001100111111110000111111000001111100000000000000
0000000110000000010000000001000000000010000000001000000000110000000001111110000011001000000100110000001110000000000000000
0000001100000000011000000001100000000110000000011000000001100011000010001110000100111100001111111000000110000000000000000
0000110000000001000000000110000000001000000000110011110001000110100010011001000110110110000111111000000110000000000000000
0000010000000000100000000001000000000100000000001000000000100000000001000000000011111100000011100000000000000000000000000
0000001100000000011000000001100000000110000000001001100000110111000001011100000110110000000111000000000110000000000000000
0000001110000000110000000011000000001100000000010001100001101111100011110010000011001100000111110000000011000000000000000
0000000110000000011000000001100000000110000000011000000000100000000010011111000101111110001111111000000100000000000000000
0000000000000000000000000110000000011000000000100001111010000100010100001001001100011100000010000000000000000000000000000
0010000000000100000000011000000000100000111001000010011010000100010110010000100110110011000111111000000000000000000000000
0000010000000001100000000011000000001100000000011000110000100111100011001111000111111100000111110000000001000000000000000
0000010000000001000000000010000000001000000000010000110001100111100011111111000011111100000111110000000000000000000000000
0000000011000000001100000000110000000011000000001100000000111110000011111100000110011000001111100000011110000000000000000
0000001100000000011000000001100000000110000000011000000001101111000010110010000101101100001111110000000100000000000000000
0000000110000000001000000000100000000011000000000100000000010000000000101100000011111100000111100000000100000000000000000
0001000000000110000000001000000000010000001001100001111011000110110110001001000100011100001111110000000001100000000000000
0000000011000000001100000001110000000111000000011100000001110000000011011110000111111100001111110000000100000000000000000
0000011100000001111000000111100000001110000000111011110001111111110011111111000111111110000111111000001110000000000000000
0011000000000100000000001000000000010000011000110001110001100110100011011001000011110110000011111000000001000000000000000
0000000100000000011000000001100000000011000000001100000000110111000001111110000110001100001101110000001110000000000000000
0000001100000000111000000011000000000100000000011111000000111111000001110010000011100100000111011000000111100000000000000
0001000000000110000000001000000000010000011101100011101011001100000010110000000111000001000111111110000011100000000000000
0000001000000000100000000001000000000110000000001000000000010000000000100000000001111000000011010000000011000000000000000
0000010000000011110000001100000000010000000001100000000001011111110011110000100111000011000111111100000001000000000000000
0000010000000001100000000010000000000100000000011000000000110000000001101111000011110110000011111000000001000000000000000
0000001000000000110000000001100000000011000000001100000000011100000001111100000001001100000011110000000011100000000000000
0000011000000001100000000011000000001100000000010001100000101111100001111111000011101110000111111000000011000000000000000
0000001100000000110000000001000000000110000000001100000000111110000001100110000011001100000110110000000111000000000000000
0000001111000000110000000011000000000100000000011000000001111111000011111011001111001110011111110000001000000000000000000
0000010000000000100000000001000000000110000000001100000000010000000000100100000001010100000011111000000011000000000000000
0000000111000000011000000001100000000110000000011000000000100111000010011010000101000100001100110000001111000000000000000
0000011000000001110000000001000000000110000000001101000000110111000001011110000111111100001111110000000110000000000000000
0011000000000100000000001000000000010000000000100000111001000011010011001001100110110110000111111000000010000000000000000
0000000110000000011000000001100000000011000000001100000000110110000001111100000011111000000111100000000100000000000000000
0000010000000001100000000010000000000100000000001101100000110111000001111110000011111000000011110000000110000000000000000
0011000000000110000000001000000000010001110000100111110001001000100010110011000110101100000111110000000100000000000000000
0000011000000000100000000011000000000100000000011000000000100111100001011001000010100110000111111000000110000000000000000
0000000100000000011000000001000000000100000000001000000000110111000001110011000011001100000011110000000000000000000000000
0000001100000000111000000001100000000110000000001011000000111111000001111110000011111000000111100000000100000000000000000
0000001100000000110000000001000000000110000000011000000001100000000011101111000111111111001111101000000000000000000000000
0000011000000000110000000011000000000110000000001111100000111111100001111011000011100110000111111000000111100000000000000
0000001000000000100000000011000000000100000000011000100001100111100011001111000110110100000111111000000111100000000000000
0000000110000000011000000000100000000011000000001100000000011010000000111110000011101100000111110000000100000000000000000
0000011000000000110000000001100000000110000000001111100000111111000001110110000011001100000111110000001111000000000000000
0000000011100000001000000000100000000110011000011111111001111111110111111111001111111100011111100000000100000000000000000
0000001000000000100000000011000000000100000000001000000000110110000001111100000001101000000011110000000011000000000000000
0000011000000000110000000011000000000100000000011000000000100001100011000111000100011100001111110000000000100000000000000
0000010000000001100000000011000000000110000000001000000000010011000000111110000001100100000011111000000111000000000000000
0000010000000001100000000110000000001100000000111000000001111110000001111110000011111110000011111100000001110000000000000
0000000110000000011100000001100000000110000000011000000001111111000011111111000111000110000111011000000111100000000110000
0000010000000000100000000001000000000110000000001100000000010110000000110100000011001000000110100000000110000000000000000
0000110000000001000000000100000000001000000000010001100000000111000001001010000010111100000111110000000000000000000000000
0000001100000000111000000001000000000110000000001110000000011110000000100110000011001100000111110000000110000000000000000
0000001100000000011000000001100000000110000000011000000000110011100011011111000111111100001111110000001100000000000000000
0000000110000000011000000001100000000110000000011000000001100111000110111011001001001110011111110000000000000000000000000
0000000100000000010000000001100000000010000000001000000000010000000001101110000011101100000111100000000100000000000000000
0000000100000000001000000000100000000010000000001000000000100011000001011110000010111000000111000000000100000000000000000
0000000010000000111100000011100000001100000000111000000001101110000011111110000111000110000111011100000111111000000001000
0000110000000001000000000110000000001000000000010000000000100011100001001111000010111100000111110000000010000000000000000
0000001100000000010000000001100000000010000000001100000000110111000001011010000011000100000110011000001100100000000000000
0000001100000000010000000001100000000110000000011000000001100111100011011111000111100100000111110000000010000000000000000
0000110000000011000000000110000000001101111000111011110001101111100011111111000111111100001111110000001111000000000000000
0000110000000011000000000110000000001100000000011011000000011111000000110010000001101100000001110000000001100000000000000
0001100000000111000000001110000000011000000000110011110011101111110111011001100111110011000111111110000011110000000000000
0011000000000110000000001000011100110001100101100010001011001100110110011011001100111100001111111110000000000000000000000
0000110000000001100000000110000000001100000000010011110001101111100010111010000111101100001111110000000010000000000000000
0000110000000001000000000110000000001100000000011000000000110010000001111110000001100100000001111000000001000000000000000
0000001100000000110000000001000000000100000000011000000000100011000011001111000100111100001111100000001100000000000000000
0010000000001110000000011000000000110000011001100001111011000110010011011001100111111110000011111000000001000000000000000
0000001110000000111000000001100000000110000000011000000001111111000011111111000111100110000111111000000101000000000000000
0000010000000000100000000010000000000100000000001000000000011110000001110100000011001000000011010000000011100000000000000
0000010000000001000000000100000000001000000000010001100000100111000001011010000011100100000011110000000000000000000000000
0001100000000111100000001110000000011100111000110111111001111111110011111001100111110111001111111100000111110000000000000
0000110000000001100000000010000000001100000000011001100000110111000001111110000011111100000011110000000010000000000000000
0000010000000001100000000011000000001110000000011111110000111111100011110011000111111100001111111000001111000000000000000
0000001100000000110000000001000000000110000000011000000000110111000001000010000110001100001101110000001110000000000000000
0000001100000000111000000011000000001100000000011001110000100111100011001001000110000110000111111000001111000000000000000
0000000100000000010000000001100000000110000000001000000000111110000011000101000100011010001101100100001100000000000000000
0000001000000000010000000001000000000010000000001100000000011100000000110100000001001000000010010000000011000000000000000
0000000001000000000100000000010000000010000000001000000000100111000010010010000101001000001111000000000000000000000000000
0000000100000000001000000000100000000010000000001100000000110000000001010110000100001000001101100000001100000000000000000
0001100000000011000000000100000000011000000000110011110001101111100011011011000111111110000111111000000011000000000000000
0000001100000000110000000001000000000010000000001100000000010010000000111110000011101100000011110000000010000000000000000
0000000110000000111000000011100000000111000000011111100001100001100011000011000100001100001000111000001111000000000000000
0000000111000000011110000001110000000111000000011100000001111111000011111111001111111100001111110000001000000000000000000
0000000100000000010000000001100000000110000000011000000000100011000001011110000111100100000111110000001010000000000000000
0000001100000000101000000001000000000100000000001000000000010000000000111000000001011000000010010000000110100000000000000
0000011000000000110000000011000000000100000000011000000000110000000001100110000011011110000011101100000011100000000000000
0000000110000000010000000001100000000010000000000100000000011100000000111100000001111000000011100000000110000000000000000
0000011000000001100000000011000000000110000000001100000000110010000001111111000011101100000011111000000111100000000000000
0000100000000011000000000100000000011000110000110011110001101100100011010011000110100110000111111000000111000000000000000
0000111000000001110000000011000000001110000000111001110001101111110011011111100111111110001111111000000110000000000000000
0000000100000000010000000001000000000100000000001000000000100110000001110010000001001000000011100000000000000000000000000
0000011000000000100000000010000000000100000000011011000000111111000000111100000001111000000011100000000100000000000000000
0000000010000000001100000000110000000011000000001100000000010000000001111000000010010000001101100000001110000000000000000
0000000100000000010000000001000000000010000000001000000000010111000001010100000011010000000111000000000100000000000000000
0001100000000101000000001000000000010000111000100011011001000100010011001000100010010010000110111100000011100000000000000
0000110000000011000000000110000000001000000000010000000000100011000001101111000001110010000001111100000001100000000000000
0000000110000000011000000001100000000110000000001001000000111111000001111110000011101000000111100000000000000000000000000
0000000110000000011000000001100000000010000000001100000000110000000001111100000010011000000111100000001111000000000000000
0000001100000000110000000001000000000100000000011000000000101111000011110010000111000100001111110000000100000000000000000
0000001100000000010000000001100000000110000000001000000000110111000001011010000010001100000111110000000110000000000000000
0000001000000000100000000011000000000100000000001000000000110100000001111100000011001100000111110000000011000000000000000
0000001100000000110000000001000000000100000000001000000000111110000001110010000011000100000110010000000111000000000000000
0000001000000000010000000000100000000010000000000100000000011100000000111000000001010000000011100000000110000000000000000
0000001100000000110000000011000000001100000000011010000001111111000011100011000111100110000111111000000000000000000000000
0000110000000010000000000100000000011000000000100000000001000011000010001111000110010110000111111000000011100000000000000
0001000000000011000000000110000000001001000000011111100000110001100001100011000011111110000011111000000011000000000000000
0000000001000000001110000000110000000011000000001100000000111110000001110110000010001100000100110000001111000000001100000
0110000000001100000000011000000000110000000001100001100001100111100011001101100011111110000011111000000001000000000000000
0000011000000001100000000011000000001100000000011001000000100111000001011110000010111000000110110000000111000000000000000
0000001100000000111000000001110000000111000000011110000000111110000001111110000011111100000011111000000111100000000000000
0000100000000001000000000010000000000000000000010001000000100110000001001110000011111000000011100000000000000000000000000
0000000000000010000000001100000000010000000001100000111010000011110100001111001100111000001111100000000000000000000000000
0000010000000000100000000011000000000100000000001000000000110110000001001010000010011000000110110000000010000000000000000
0000000010000000001100000001100000000110000000011100000000111100000001101000000011011000000110100000000111000000000110000
0000011000000001010000000100100000001000000000010000000000100111000001010010000010100100000111001000000111100000000000000
0000000110000000011000000001110000000111000000001101100000110111000011001110000100111000001111110000001100000000000000000
0000011100000001110000000011000000001110000000011000000000111111100001111111000011111110000111111000000111000000000000000
0000010000000001000000000010000000001100000000010001100000100101000001011010000010100100000011110000000000000000000000000
0000000100000000010000000001100000000010000000001100000000011100000001101100000010001000000110100000000110000000000000000
0000001100000000011000000001100000000110000000011000000000111111000001111110000011111100000111110000000000000000000000000
0000000100000000010000000001100000000010000000001000000000110011000001001110000110111000000111000000000100000000000000000
0000001000000000110000000111000000001100000000110000000011011111000011111111000111000010000111101100000011110000000000000
0000000110000000010000000001000000000100000000011000000000100000000011111100000110001000001111110100000100000000000000000
0000001100000000110000000001000000000100000000001000000000100100000001110110000010000100000010001000000111100000000000000
0000110000000010000000000100000000011000000000100000000001000011100011001101100011110010000011111000000001000000000000000
0000000100000000010000000000100000000010000000000001100000010111000000110100000011001000000111000000000100000000000000000
0000000010000000011000000000100000000010000000001000000000110000000001001110000110111000001111100000001100000000000000000
0000001000000000110000000001000000000110000000001000000000010000000001100110000011011100000011110000000000000000000000000
0000011000000000100000000010000000001100000000010000000001100011100010001110000110011100000111100000000100000000000000000
0000010000000001000000000110000000001000000000010000000000100011100001001001000011000110000011111000000001000000000000000
0000001100000000110000000011100000001110000000011000111001101111110110111011001101111100011111110000011100000000000000000
0000001000000000110000000001000000000110000000011000100000100111100011011111000111111100000111100000000010000000000000000
0000001100000000111000000011110000000111000000011100000000111100000011111110000111111100001111111000001111000000000000000
0000000100000000011000000001100000000110000000011100000000110011100011001111000110110110001111111000000111000000000000000
0000010000000000100000000001000000000110000000001011100000110101000001011010000011111000000111100000000010000000000000000
0000001110000000110000000011000000001100000000110001000001111111000011100011000110000110000111011000000111110000000000000
0000010000000001100000000010000000001100000000011111000000111011000001100010000010001100000111110000000010000000000000000
0000000100000000010000000001100000000110000000011000111001100011110110001101101100111100011111110000011100000000000000000
0000011100000001110000000011000000001100000000111000000001111111100011110011100111000111001111111000000010000000000000000
0000001110000000110000000001000000000110000000011000000001101110000011111111000110000110001111111000000110000000000000000
0000000110000000011000000001100000000110000000011000000001100111100010011011000111111100001111110000001000000000000000000
0000001000000000110000000011000000000110000000011000000001100011100011001111000100111110001111110000000010000000000000000
0000000011000000001100000000110000000010000000001100000000110011000011011110000101101000001111100000001110000000000000000
0000001000000000110000000001000000000110000000011000110000100011100011001110000100111000001111100000011000000000000000000
0000011000000001110000000010000000000100000000010001000000101111000001110010000011001100000111110000000111000000000000000
0000001000000001100000000010000000001000000000010001000000101111000001110010000011000100000011011000000111100000000000000
0000010000000001100000000110000000001000000000010001000000100111000001001110000011011100000011110000000010000000000000000
0000011000000001000000000110000000011000000000100000000000000111100110111111001111101110000111110000000000000000000000000
0000011000000000100000000010000000001100000000010001100001000111000010010010000100110100001111110000000110000000000000000
0000011000000000100000000011000000000100000000001001100000101111000001110010000010001000000001100000001100000000000000000
0000000100000000011000000001100000000110000000011000000001100011100010011111001111100110011111110000001000000000000000000
0000010000000001000000000010000000001100000000011000000000110110000001101010000001100000000011110000000011000000000000000
0000001100000001100000000010000000011000000000100000000011000011100110000111100100000110001111111000000011000000000000000
0000010000000001100000000011000000000100000000011000000000110000000000101110000001111100000011111000000001000000000000000
0000001100000000110000000011100000000110111000011111110001111111100011111110001111111000011111100000011100000000000000000
0000000100000000010000000001100000000010000000001000000000011100000000110100000001001000000011110000000011000000000000000
0000001100000000011000000001100000000110000000001100100000111111100001110010000011111100000111100000001110000000000000000
0000000100000000010000000000100000000010000000000100000000010100000000111100000001100000000011100000000000000000000000000
0001100000000011000000001100000000011000000001100000111011000011110011001000100111111111000111111000000000000000000000000
0000001110000000110000000011000000000100000000011000000000111111000001111110000011001100000011111000000011100000000000000
0000000011000000011000000001100000000110000000011000000000100011000011001110000100111100001111110000001110000000000000000
0000010000000001100000000110000000001100010000110011110001101100100011010011000111111100000111110000000011100000000000000
0000000000000000010000000001100000000110000000010001110000111001100001111011001111111000011110000000000000000000000000000
0000001100000000110000000001000000000110000000011000000000100110000011111110000111001100000111110000000100000000000000000
0000010000000001000000000110000000001000000000110011100001101111000011110010000011001100000111110000000010000000000000000
0000110000000001000000000100000000001000000000000000000000000111000000010011000100000110000111100000000000000000000000000
0000001100000000100000000011000000000100000000010000000000111100000001101110000010000100000110011000000111100000000000000
0000001000000000110000000011100000000110000000001000000000110110000001111110000011101100000011111000000111000000000000000
0000010000000001100000000010000000001100000000010011100000100111000001011110000011110000000111000000000011000000000000000
0000001000000000100000000011000000000100000000011000000000100010000001111110000011101100000011110000000000000000000000000
0000010000000001100000000010000000000100000000011010000000100110000001001000000001011000000011110000000011000000000000000
0000000011000000001100000000110000000001000000000100000000011000000001100000000110000000001111110000001111000000000000000
0000011000000000010000000001100000000010000000001100000000111100000000101100000001001000000010010000000111000000000000000
0000001000000000110000000001000000000110000000001000000000111110000001100010000010000100000100010000000111000000000000000
0000001110000000110000000011000000001100000000010000000001101110000011010100000110001100000110011000000111100000000000000
0000001100000000111000000011100000001110000000011011110001111111100011111011000111111100001111110000001110000000000000000
0000100000000001000000000010000000000101110000010010100000101101000001010010000010111000000111100000000000000000000000000
0000111000000011100000000110000000011000000000010000100001100111100011011101000011110010000111111000000001110000000000000
0011000000000100000000001100000000111000011100100011111011001110010011110001100111111110000111110000000110000000000000000
0000001000000000100000000011000000000100000000001000000000011110000001000010000010001100000010110000000010000000000000000
0000110000000001100000000010000000000100000000001000000000110000000000111100000001001100000011111000000011100000000000000
