0000000000000000000000001100001000011000110000110001100000110011000001111100000000011000000000010000000000100000000001100
0000000000000010000000001110111000011101110000111011000011111111110111111111101110111000000001100000000011100000000000000
0000000000000000011000000001110000000111100000011111000001110110000111111110000111111000000000100000000001000000000011000
0000000000000000010000000000100000000001000000000010000000000010000001001100000011101000000000010000000000100000000000100
0000000000001000000000010000010000100000100001000001000011011111000011100010000000000100000000001000000000011100000000000
0000000000000000000010000100001000011000110001100011000011111110000111111111100001110000000010000000001100000000000000000
0000000000000000000001000000000110000000011000001001100001110110000011111100000001110000000110000000010000000000000000000
0000000000000000001000000000110000011001100000110011000001111111000011111110000011111000000001110000000001100000000000000
0000001000000000110000000001000000000100110000011001000000100010000011001100000111011100000011100000000001000000000010000
0000000000000000000010000011001100000110011000011000100001100011000111111100001111111000000000100000000001000000000000000
0000000000000001000000000010001000001100010000010001100001101110000001111100000000010000000000100000000001000000000110000
0000000000000000010000000001100000000111000000011010000001100110000011111100000110011000000000010000000000100000000001000
0000000000000001001000000010010000000000100000010001000000100100000001111000000000010000000000100000000001000000000010000
0000000000000000000011000000000100000100011000011000100001111111000111111100000000010000000001100000000110000000011000000
0000000000000000000100000010001000000100110000011101000001111110000000011000000000110000000011000000001100000000010000000
0000000000000000000010000000000100000100011000011000100001100011000011110100000111111000000000110000000001000000000010000
0000000000000000001000000000010000010000100000100001000011111110000011111110000000001000000000010000000001000000000001000
0000000000000000000000000001100000000111000000001010000000111100000000001000000000010000000000100000000011000000000110000
0000000000000000000100000011011000001100110000011001000001100110000001111100000000111000000001100000000011000000000110000
0000000000000000000001000000000100000000010000001101000000110010000011111100000000100000000001000000000100000000010000000
0000000000000110000000001100000100011000011001100011110011011111101111110011001110000110000000001100000000011000000000010
0000000000000000010000001000110000011001100000110001000001100110000001111100000011001000000000010000000000110000000001100
0000000000000100001100001100011000011000110000110001100001100011000011100110000111111100000001111000000000110000000001000
0000000000000000000011000001001100000110010000111001100011100110000011111111000001110000000111000000011100000000000000000
0000000000000100000100001000001000010000010001100000100011110011000011111110000000001100000000011000000000110000000001100
0000000000000000000000000011010000000111110000011010000000111100000001111100000000100000000011000000000110000000001100000
0000000000000010000000000100000000011000110000110001100001000111000011111110000011101100000000011000000000110000000001100
0000000000000000000100000000010000000100100000001010000000100100000011111100000000100000000011000000000100000000000000000
0000000000000000010000000001100000000011100000001011000000110110000011111100000000011000000000110000000001100000000011000
0000000000000000000000000110011000001100100000011011000000100100000001001000000011110000000001000000000010000000000100000
0000000000000001000010000110000100011100011000110000110011100011000111111110001111111000000000110000000011000000000010000
0000000000000000000010000000001000001100110000110001000011000100000110011110000011100000000011000000000100000000000000000
0000000000000000000000000010010000001100100000011011000000101100000001111000000000110000000001000000000010000000000100000
0000110000000001100000000010000000000100000000001000000000010000000000100100000001111100000011001000000000010000000000000
0000000000000000000100000000001000000100100000001001000000100100000011111000000000100000000011000000000100000000000000000
0000000000000010000000000100010000001000100000010001000000100111000011110100000100001000000000010000000000110000000000100
0000000000000010000000001100000110110000001001100000110011000001100011100110000001111100000000110000000001100000000010000
0000000000000000000000000001100110000110011100011100110011110011000111111110000000111000000001100000000111000000001100000
0000000000000000010000000000110000000010100000001001000000100010000111111100000000010000000000100000000011000000000100000
0000000000000000000000000011000100001100011000010001100001100011000011111000000001100000000011000000000100000000011100000
0000000000000010000000000100000000011000100000100001000001000010000001100101000001111100000000010000000000110000000000000
0000000000000010000000001100000000010000001101100000010011000001100011111111000000111000000000010000000001100000000000000
0000000000000000000000000110001000001000110000010001100001111110000000000100000000011000000000110000000001100000000011000
0000000000000000000000000001000010000110001100011100110001111111000111111110000000111000000001000000000110000000000000000
0000000000000001100000000010000000000100110000011001100000110110000011111100000000011000000000110000000001100000000010000
0000000000000000000010000001001000000100100000010001000000100111000001111100000001100000000001000000000110000000001000000
0000000000000011000000000110011000001001100000110011000001110111000011111110000000011000000000100000000011000000000110000
0000000000000000000000000100001000001100010000110001100001111110000110001100000000010000000000100000000001000000000100000
0000000000000000000000000001100000000111001100111000111001110011000011101100000011110000000011110000001100000000010000000
0000001100000000011000000001110000000111100000001111000000110110000001011111000111111110011111100000000011000000000000000
0000000000000000000000000011100000001100000000110000010001000001100011111110000111111100000000100000000011000000000010000
0000000000000000001000000000110000011001100000110011000001100110000001111100000001111000000000010000000000100000000001000
0000000000000000110000000001100000000111000000011110000001111100000011011000000000110000000001100000000011000000000010000
0000000000000000000011000000000100000110011000011001100001100010000011101100000011111000000011000000000100000000011000000
0000000000000000111000000011110000001111100000111011000001100110000011001000000111111111000111111100000001100000000000000
0000000000000000000010000000001100011000011001100001110011000111000111111100000110011000000000110000000011000000000000000
0000000000000000011000000000111000010001110000110011000011100110000011111100000000111000000000110000000001100000000011000
0000000000000010000000001100110000010001100000110011000001111110000000011100000000011000000000110000000001100000000010000
0000000000000000011000000000100000000010010000001001000000100110000011001000000111110000000011110000000100000000010000000
0000000000000000000100000100001000001100110000111001100001111110000011101100000000011000000000100000000001000000000110000
0000000000000000000010001100000110011000011001110000110011000001101111111110001111111100000000011000000000110000000001000
0000000000000001100000000011000000000100100000001001000000111110000000011100000000011000000000100000000001000000000010000
0000000001000000000110000000001000000100110000011001000001100110000010001000000111111100000001000000000110000000000000000
0000000000000011000100000110001000001100010000011001100001110011000011111111000111111100000111110000000001100000000010000
0000000000000000011000001100110000011001100000110011000001100110000001111100000000111000000000110000000001100000000000000
0000000000000011000000000110000000001101000000110010000001101111000011111111000111011100000000110000000001100000000000000
0000000000000000001000000000010000001101100000010001000000111111000011111100000000011000000000100000000001100000000010000
0000000010000000001100000010011000000100100000011011000000110110000011111110000111110000000001100000000011000000000000000
0000000000000000001000100000010001000000110010000001100010000011100111111110000111111100000000001000000000011000000000100
0000000000000000000000000010010000001100100000001011000000011100000000011000000000100000000001000000000010000000001100000
0000000000000000000100000110001100001000110000110001100001101110000011111100000000010000000001100000000010000000001100000
0000000000000000000110001000001000010000110000100001100001100010000011111100000000011000000000100000000001000000000110000
0000000000000000000110000000001000001000110000110001000001111110000111111100000000110000000001100000000011000000000100000
0000000000000000000000000010001000001100010000011001100001100010000011111100000000011000000000110000000001000000000010000
0000000000000001000000000111011000001100110000111011100011111111100011111111000001111000000011100000000111000000001100000
0000000000000000000000000011010000000100100000011011000001100110000011111111100111110000000000100000000001000000000000000
0000000000000000000110001100001100111000010001100001100011000011100111111110000011111000000000110000000001100000000010000
0000000000000000000100000000010000000100100000001011000000010110000001111000000000110000000001000000000110000000001000000
0000000000000000000000000110001000001100110000011001100011111111000111001110000000011000000000100000000011000000000110000
0000000000000001000000000111000000001110010000111001110001110011000011001110000111111000000111110000000011000000000010000
0000000000000000001000000010010000001000100000010001000000100010000001111100000000010000000000100000000011000000000100000
0000000000000000000000000010000110001100011000111101110011111111000011111110000000111000000011000000001100000000000000000
0000000000000000001000000000110000010001100001100001000001111110000111111100000100001000000000010000000001100000000011000
0000000000000000000100000000010000001000100000010001000000100110000001111000000000010000000001000000000010000000000100000
0000000000000000000110000000011000000100110000011011000001111111000011111100000001100000000011000000000110000000000000000
0000000000000001001100000110011000001100100000011011100001110111000011111100000000011000000000110000000001100000000011000
0000000000000000000000000100010000011001000000110011000001100110000011111100000000011000000000010000000000100000000001100
0000000000000000000000000000100000000001000000010010000000111110000001111000000000010000000000100000000001000000000000000
0000000000000100000000001000000100110000001001000000010010000000110100000011001111111010000000000100000000000000000000000
0000000000000011000000000100000000001000010000100000110001000111100111111110000110001100000000010000000000100000000001000
0000000000000000000100000010001000000100110000011001000000110100000001111110000111110000000011000000000110000000000000000
0000000000000000100100000001001000000100110000001001000000100010000001111100000000010000000000100000000010000000000100000
0000000000000000001000001000010000010000110000100001100011111111000111111110000000011100000000011000000000110000000000100
0000000000000000001000001000110000110001100001100011000001111110000011111100000000011000000000010000000000110000000000000
0000000000000000100000000011001000000100100000010001000001100010000001111100000000001000000000010000000000100000000001000
0000000000000000001000000000010000000100100000001011000000010110000001111100000010010000000000100000000001000000000010000
0000000000000000100000000011000000000100000000001000000000111010000000111100000000010000000001100000000010000000000100000
0000000000000100001000001000010000010001100000100111000001111110000011000100000000001000000000011000000000110000000001100
0000000000000001000000000100000000001000010000110000100001000011000011111100000000001000000000100000000001000000000010000
0000000001000000000110000011011000000110110000011001100000110110000111111110001111111100010001100000000110000000001100000
0000000000000000000100000010000000000100100000010001000000100010000011111110000000010000000000100000000001000000000010000
0000000010000000000100000000011000000111100000011011000001101111100011111111000111100000000011000000000110000000000000000
0000000000000000001000000010011000011000110000110001100011000110000111111100000111111000000001110000000011000000000010000
0000000000000001000010000111001110011100011001110001110011111111100011111111000000111000000001100000000111000000001100000
0000000000000000000100000010011000000100110000010011000001100110000111111111100001110000000011000000000110000000001000000
0000000000000000010000000000100000010001100000100011000001000010000011111100000011111000000000010000000000100000000000000
0000000100000000001000000010110000000101100000011010000000101101110011111011000111100000000011000000000100000000001000000
0000000000000000001000000000110000000111100000011101000011111111000111111110000000011000000000100000000011000000000110000
0000001000000000110000000001000000000110000000001000000000010000000001101100000001111000000000100000000001000000000000000
0000000000000000110000000011000010000100011000010001100000011110000000011000000001100000000110000000001100000000011000000
0000000000000011000000000110000000001100011000110000110001100011100011111110001111101100000000001000000000010000000000100
0000000000000000001000000000110000011001100000110011000001100110000001111100000001111000000000010000000000100000000001000
0000000000000000001000000001110000000110100000011011000001111110000110001111011000010000000000100000000011000000000110000
0000000000000000000001000000000100000000011000110000100011000010000111111100000000010000000001000000000010000000000000000
0000000000000000001000000000010000000000100000010011000001100100000011101000000000110000000001000000000010000000000100000
0000000000000000000010000100000100001000011000100000100011100011000001111100000000001000000000110000000001000000000110000
0000000000000000001000000000010000000001000000001010000000111111000001001000000010010000000000100000000011000000000100000
0000000000000000001000010000010000100000100001000000100010000001000100111110001110000100000000001000000000010000000000000
0000000000000000000000001100110000011001100000110011000001111110000011110100000010001000000000010000000000100000000001000
0000000000000000001000010000011000110000110001101111100111111111100111111111000000000110000000001110000000001000000000000
0000000000000000001000000100010000001000100000010001000001110010000010111100000000001000000000010000000001100000000011000
0000000000000001100000000010000000000100011000011001100000100111000011011100000011110000000011100000000010000000000000000
0000000000000000001000000000110000000011100000001011000001100100000111111110000001110000000000100000000011000000000100000
0000000000000010000100000100001000001000110000100000100001000011000110111110001111000100000000001000000000010000000001100
0000001000000000011000000001110000000111100000011011000000110010000011111111101111111111011000110000000000100000000000000
0000000000000000000110000000001100001100110000111001100011111110000111111110000000111000000001100000000111000000001100000
0000000000000000000100000000011100011000110000110001100011111110000111111100000111111000000000110000000001100000000011000
0000100000000011000000000110000000011000000000110000100001100011000001111110000000001100000000001100000000011000000000100
0000000000000000000000000110110000001101100000011011000000111110000000111000000000110000000001100000000011000000000110000
0000000000000000000001000011000110000100011000011000100011111111000111111110000000011000000001100000000111000000000000000
0000000000000010000000000100100000001001100000010011000000100110000001111100000000001000000000010000000000100000000001000
0000000000000000001100001000011000010000100001100001000011111111000011111100000000110000000001100000000011000000000110000
0000000000000000110000000001000100000110011000001001100000110110000011111100000000110000000011000000001100000000010000000
0000000000000000000000000010001000001100010000011001100001100010000011111100000000011000000000110000000001000000000010000
0000000000000000000001000001000110000110011000011001100001111111000011111000000000110000000011000000001100000000010000000
0000000010000000000100000000001000000100110000011001000000100110000011111100000111011000000000100000000011000000000000000
0000000000000000110001000001000100000110011000011000100001100011000111111110001111111000000001100000000010000000000000000
0000000000000010000000001100010000011000100000111111100000111111000000011110000000011000000000111000000001110000000011000
0000000000000011000000000100010000001000100000110001000001100110000011111100000000011000000000110000000001100000000001000
0000000000000000000000110000100000100001100001100001000001111110000011111100000000001000000000011000000000110000000001100
0000000000000000000010000110001100011000011000110000110001111111000011110110000100001000000000110000000001100000000010000
0000000000000010000000001100000000011000100000110001000001101110000001111100000000001000000000010000000000100000000001100
0000000000000000000000000011000110001100011000110000100001000011000011101100000011111000000011000000000100000000001000000
0000000000000000010000000000100000000001000000010110000001101100000001111000000001111000000000100000000001100000000000000
0000000000000000000010000000001000000100110000010001000000100110000011111000000000100000000001000000000100000000001000000
0000000000000000000100000000001000000100110000010001000001101110000011111110000000110000000001000000000100000000001000000
0000000000100000000001000010000100000100011000010000100001100010000111111100001000110000000011000000000100000000000000000
0000010000000001100000000011000000000111100000011011000000110110000001101100000011111000000000110000000001100000000000000
0000000000000000001000000010110000001001000000010110000000111111000000111000000000100000000011000000000110000000001100000
0000000010000010000100000100011000001000100000100001000011111010000111111111001000001000000000110000000001100000000000000
0000000000000000000000000000110000000011100000011001000001100010000111000111001111101100000000011000000000000000000000000
0000000000000000000001001000000110011000011000110011100001101111000011111100000111011000000000100000000011000000000010000
0000000000000000010000000100110000011001100000110011000001000110000011111100000011011000000000110000000001100000000001000
0000000000000010000000000100010000001000100000110001000001100010000001100100000001111000000000010000000000100000000001000
0000000000000000100000000001000000000011000000001111000000010100000000101000000001110000000000100000000001000000000000000
0000000000000000000100000000011000000000100000001001000000100110000001001000000011100000000111000000000100000000001000000
0000000000000001101000000110011000011000110000110011100001100111000011001100000111111000000110110000000000110000000001100
0000000000000000001100000001001000000110010000011001100001100110000011111111000000110000000011000000000100000000011000000
0000000000000000001000000010010000000100100000011010000000100110000001111100000000010000000000100000000001000000000010000
0000000000000000001000000011010000000100100000011011000000111110000001111100000000011000000000110000000001100000000011000
0000000000000000000000000000000110001110011000111001100001100110000011001100000111110000000111110000000110000000001000000
0000000000000000100000000011001100000110110000011001100001111111000011111110000011100000000011000000001100000000011000000
0000000000000000000000000100000100011000010000100000100011111111000011000100000000001000000000110000000001000000000010000
0000000000000000000100000001011000000110100000001001000000110110000001111110000000010000000001000000000010000000000100000
0000000000000000000000000000001110000100110000011011000000111100000001111110000001100000000010000000001100000000011000000
0000000000000000010001000011000110001100011000011011100000111110000000001100000000110000000011000000001100000000010000000
0000000000000000010000000000100000001001000000010010000000100100000001111100000000110000000000100000000001100000000000000
0000000000000000000000000100000100011000011000110001100011111111000111111100000000010000000001100000000011000000000100000
0000000000000000111000000001110000000101100000011011000001100110000111111111100111111110000000100000000011000000000110000
0000000000000000100000000011011000001100100000011001000001111111000011111100000000011000000000110000000001100000000011000
0000000000000000010000000010100000000101000000010010000000100100000001111000000000110000000001100000000011000000000110000
0000000000000000000100000010011000001000100000010001000001111111000000001000000000100000000001000000000010000000001100000
0000000000000000100000000011000000000100100000010001000001100010000111100111000111111100000000110000000001100000000000000
0000000000000010000000000110000000011000110000110001100001111111000001111110000000011000000001100000000011000000000110000
0000000000000000000000000000010000010000100001000011000011111100000010001000000000010000000000100000000011000000000110000
0000000000000000100000000010001000000100010000010001100000100010000011000100000111101000000001110000000001100000000001000
0000000000000000000100000000011000001000110000110001100011111111000011111110000000011000000000110000000001100000000000000
0000000000000000000000000001000000001110000100110000110001000011000011111110000000111000000001100000000110000000000000000
0000000000000000000100000001001000000100100000011001000000100100000001011000000011110000000001000000000010000000000100000
0000000000000010000110000100001000001000010000110011100001111110000111111100000100011000000000100000000011000000000110000
0000000000000000001000000000010000001100100000010001000000100110000001001100000011111100000000100000000001000000000000000
0000000000000000000000000000100000001001000000010010000000101111110011101000001100010000000000100000000001000000000000000
0000000000000000001000001000010000010000100000100011000001111110000000111100000000011000000000110000000001100000000011000
0000000000000001000000000110001000001100011000110001100011000011001111111110000011111100000000011000000000110000000000100
0000000000000000000110000001001000000110110000001101100001111111100111101100001000010000000001100000000110000000001000000
0000000000000000000010000010001100001100110000011111000000011100000000011000000000100000000011000000000100000000010000000
0000000000000000000011000000001100011000010000100001100001000110000011111100000001111000000010000000001100000000010000000
0000000000000001000000000010110000000100100000001011000000110110000001111000000111110000000000100000000001100000000011000
0000000000000001000000000010000000001000010000010000100001100011000001101100000001111000000000100000000001000000000000000
0000000000000000000110000011001000000110010000011001100000110110000011111100000110010000000000100000000011000000000100000
0000000000000000000011000000001100001000011000110001100001111011000011111100000000110000000011000000001110000000011000000
0000000000000001000110000110001100001100010000011001100001111111000011111110000111111000000000110000000001100000000010000
0000000000000000001000001000111000011001110000110011000000111110000000111100000000111000000001100000000011000000000100000
0000000000000011010000000110100000001001000000010010000001100100000011111110000011110000000000100000000001000000000010000
0000000000000000000000010000000010100000000101000000010011000000100010000011000011111110000000000000000000000000000000000
0000000000000000000000000010001000001000110000010001000000100010000001111100000000110000000000100000000001000000000010000
0000000000000000000000000011000010001110001100111000110011111111000111111110000000011000000001100000000010000000001100000
0000000000000000001000000000010000000100100000011001000001111111100011111110000000110000000001100000000010000000001100000
0000000000000000100000000011000000000100000000001001000000010110000000111000000000111000000001000000000010000000000100000
0000000000000100000100001000010000010000100001100001100011000011000110111110000111000100000000001000000000010000000000100
0000000000000000010000000001110000000111000000011011000001100110000001111000000000010000000000100000000001000000000010000
0000000000000001001000000010010000001100100000011011000000111110000000101100000000010000000000100000000011000000000110000
0000000000000000110000000001100000000011100000001010000000100110000011111110000111011000000000110000000001100000000000000
0000000000000000100010000011001100000110011000011001100001100011000011111110000000011000000001100000000011000000001100000
0000000000000000000000000010100000001101000000010010000001111111000011111100000000010000000000100000000001000000000010000
0000000000000000000110000100001100001000010000110001100011111111100111111110000000110000000001000000000110000000000000000
0000000000000100001100001100011000011000110000110001100001100011000011100110000111111100000001111000000000110000000001000
0000000000000001000000000100010000001000110000110001100001100011000011000110000011111000000000010000000000100000000001000
0000000000000000100100000011001000000100110000011001000001100111100011111111000000110000000001000000000110000000001000000
0000000000000001000000000010000100001100011000110000100011111111000110000110000000011000000000100000000011000000000100000
0000000000000000000000001100010000011000100000111011000001111110000000011000000000110000000001100000000011000000000011000
0000000000000010001000000100010000001000100000100001000001000010000010000110000111111100000000001000000000000000000000000
0000000000000000000000000001000100000110010000011001100001111111000011111100000000110000000001000000000110000000011000000
0000000000000000010000000001100000000111000000011010000001111110000011111100000000010000000000100000000001100000000011000
0000000000000000110000000011110000001101100000110011000011101111000111111100000000001000000000010000000000111000000000100
0000000000000000000100000100011000011000110000110111110011111111100110011000000000100000000011000000000110000000011000000
0000000000000000100100000011001000000100110000011001100000100010000011111100000011110000000001100000000011000000001100000
0000000000000000000010000010001100001100010000110001100001111110000011111100000000110000000001100000000110000000011000000
0000000000001000000000010000100000110001100001100011000001111111110000001100000000001000000000011000000000110000000001100
0000000000000000001000000100011000011000110000110001100001100011100011111110000011111100000000110000000001100000000011000
0000000100000000001100001000011000010000110000100001100011000011000100000110011111111100000000001000000000010000000000000
0000000000000000000000000110001000001000110000110001100000111110000000111100000000011000000001100000000011000000000110000
0000000000000000000100000100001000011000110000100001100011000011000111111110011110011100000000011000000000110000000000000
0000000000000000001000000000000000000101000000010010000000100100000001111000000000010000000000100000000001000000000010000
0000000000000011000011000110001100011000011000110001100011000111000111111110000111011000000000110000000011100000000010000
0000000000000000010000000001100000000010000000001100000000011111000001111100000000011000000000100000000011000000000100000
0000000000000000000100000000001000010000010001000001100110000011001011111110000000111100000000011000000000110000000001100
0000000000000011000000000100010000001000100000110001000001100110000011111100000000011000000000110000000001100000000001000
0000000000000000000010000010001000000100010000011001100001110011000011111100000000010000000000100000000011000000000100000
0000000000000000100000000010001000000100100000011001000000110110000001111000000001110000000001100000000011000000000000000
0000000000000000000110000011001100001100110000111001100001111111000111111110000111111000000001110000000011100000000110000
0000000000000000001100000000010000001000100000100011000001111110000001101000000000010000000000100000000001000000000000000
0000000000000000001000000011010000001100100000010001000000111110000001111100000000011000000000110000000001100000000010000
0000000000000000000000000010011000001100100000010001000001110010000000011100000000011000000000100000000001000000000010000
0000000000001000000100011000001000110000011001100000110011000001100111111111101111111110000000001100000000001000000000010
0000000000000000110000000011110000001111100000111011000001111110000111111111101111111110000000110000000001100000000011000
0000000000000000001000001100010000010000100000110001000001111111000000001100000000011000000000110000000001100000000011000
0000100001000011000110000110001100011000011000110000110011100011000111111111001111111100001100110000000001100000000000000
0000000100000000010000000001000000000110000000010001000000100110000010001001000111111110000001100000000010000000000000000
0000000000000000000100000001001000000100110000001111000000000100000000011000000000100000000010000000001100000000010000000
0000000000000010000000000100000000011000010000110000100001000011000011111110000011001000000000010000000000100000000001000
0000000000000000000000001100100000011001100000111111000001111111100000001100000000010000000000100000000001000000000010000
0000000000000000011000000000110000011001100000110011000001111110000011111100000000110000000001110000000011000000000000000
0000000000000000000010000011001000000100100000010011000000100100000001111000000011100000000011000000000100000000001000000
0000000001000000000110000000011000000111100000011110000001101001000011111111000011111000000110000000001100000000010000000
0000000000000000001000000010010000000100100000011011000000110111000001111110000011110000000001100000000010000000000100000
0000000000000000000011001000001100110000011001100000110011000011000111111110000011111000000000110000000001100000000010000
0000000000000010000000000100000000010000001001100000010011000001100011111110000000001100000000010000000001100000000010000
0000000000000000000100000000010000001000100000100001000001000110000111111110000000010000000001100000000011000000000000000
0000000000000000011000000000110000001001100000010010000001100100000001111000000000010000000000100000000001000000000110000
0000000000000000000010000000000100000100010000001001100000100110000011111000000001100000000010000000001000000000100000000
0000000000000010001000001100010000010000100000100001000011000010000011111100000000001000000000010000000000100000000001000
0000000000000001100001000011000110001100011000110000110011111011000111111100000000011000000001100000000011000000001100000
0000000000000001000100000110001000001100110000010001100001100010000011111111000111001000000000110000000001100000000010000
0000000000000011000000000010001000001000110000010001100001110010000011011100000000011000000000110000000001000000000010000
0000000000000000000000000010010000000100100000001011000000011100000000111000000000110000000001000000000010000000000100000
0000000000000000000010000100001100011000110000111111110001111110000000011000000001100000000011000000000100000000011000000
0000000010000000000100000000011000001100100000110011000001111111000001111110000001100000000011000000001100000000000000000
0000000000000000000000000110001100001100011000110001100001100011000011111100000011111000000000100000000011000000000110000
0000000000000000001100001000011000010000110000100001100001110011000110111100001000001000000000010000000000100000000001000
0000000000000000000010001100001100111000011001100001110111000111000111111110000111011000000000110000000001000000000010000
0000000000000000000010000000001000001100110000010001000001000110000011111100000010010000000001100000000010000000001000000
0000000000000001001000000010011000001100100000010001000000100010000011001110000111111110000111110000000001000000000000000
0000000000000000110000000011100000001111000000010111000001101111110010111110000111110000000011100000000110000000001100000
0000000000000000000000000110000110001100011000110000100011100011000111111110000100111100000001100000000010000000000000000
0000000000001100000000111000000101110000001111100000110011100001100011111111000011111100000000011000000000110000000000100
0000000000000000000000000010010000001101110000010111000000111110000001110100000000001000000000010000000001100000000011000
0000000000000000000000000010001000001000110000011111100001100011000110001101100000010000000001100000000010000000000100000
0000000000000000000000000100110000001001100000011011100000111111000000111000000000110000000011000000000110000000001000000
0000000000000010000000000100000000001000100000010001000000111110000000110100000000001000000000010000000000100000000001000
0000000000000100001000001000010000010000100000100001000001100111100011111110000000011000000000010000000000100000000001000
0000000000000001000000000110100000001101000000011010000000011110000000011100000000011000000000110000000001100000000011000
0000000000100000100010000011001100001100010000011001100001100010000011001100000110111100001111110000001110000000001000000
0000000000000000001000000000010000000001100000010010000001100100000111111110000000100000000001000000000110000000001000000
0000000000000001000000000110100000011001000001111111110001111110000000001100000000011000000000010000000000100000000001100
0000000000000000010000001000100000010001000000110011000001111110000001111100000010001000000000010000000000100000000001000
0000000000000000000011000000001100000010010000011001000001110110000111111111000000100000000011000000001100000000110000000
0000000000000000000000001000011000010000100000100001000001111110000001111110000000000100000000001000000000010000000000100
0000000000000000000010001000001000110000010001100001100011110011000011111110000000001000000000110000000001110000000011000
0000000000000000000000000010000000001100100000010011000000111110000001001100000000010000000000100000000001000000000010000
0000000000000001000001000110000110001000001000110001100001100011000011111100000011111000000011000000000110000000011000000
0000000000000000000010001100001100011000011000110000100001111111000011111100000000011000000000110000000001000000000110000
0000000000000000000000000010001000001100010000110000100001100001000111111110000000000100000000001000000000010000000000100
0000000000000000000010000010000100000100010000001001000000100010000001001110000111110000000001000000000100000000000000000
0000000000000010000000001000000100010000010001100001100001110011000000101100000000010000000001100000000011000000000100000
0000000000000000000100000000001000000000100000010001000001111110000011111100000000100000000011000000000110000000001000000
0000000000000011000000000100001100011000010000110001100001100010000001111100000001111000000000100000000001000000000010000
0000000000000110000000001100000000011000110000011011100000011110000000000100000000011000000000110000000011000000001100000
0000000000000000000000000000000110000010011000011101100001110111000111111110001111110000000011000000001100000000011000000
0000000000000100000010011100001100110000011011000000110010000011000111111110000111001100000000011000000000110000000001100
0000000000000010000000000100001000011000010000110001100011111111000100000110000000001000000000010000000000100000000001100
0000000000000000010000001100110000011001100000110011100000111110000001111000000000010000000000110000000001100000000001000
0000000000000001000000000110000000001101100000011111000000111110000001111100000000011000000000110000000001100000000011000
0000000000000000000001000000001110000100111000011011100001100111000011111110000011110000000010000000001100000000011000000
0000000000000000010000001000110000011001100000110001000001100110000001111100000011001000000000010000000000110000000001100
0000000000000000000010001100001100011000011000110000100001111111000011111100000000011000000000110000000001000000000110000
0000000000000000000110000000001000000110100000011011000001111100000000011000000000100000000010000000000100000000001000000
0000000000000000000000000001000110000100011000010001100001110111110111111110000000100000000010000000001100000000000000000
0000000000000000010000000011000100001100110000010011000001100100000011010000000011111000000010000000000100000000001000000
0000000000000001000000000010000100001000001000010000100001000001000011110100000001011000000000100000000001000000000010000
0000000000000000000010000010001100001100110000011111000000011100000000011000000000100000000011000000000100000000010000000
0000000010000000000100000000011000001100110000010001000001100110000111111111001000110000000001000000000110000000001000000
0000000000000000000000000011000010000110001100011000110001100011000011111100000111111000000001100000000110000000001000000
0000000000000000011000000001110000000010100000001001000000111111000011001100001000010000000000100000000001000000000110000
0000000000001000000000011000001100110000011001100000110001100001100011111111000110111110000000001110000000000000000000000
0000000000000000010000001000100000010001100000100011000011000110000011111100000000011000000000010000000000100000000001000
0000000000000000000010001000001000110000010001100001100011110011000011111110000000001000000000110000000001110000000011000
0000000000000000000110000010011100000110110000011011000000110111100011111110000111110000000011000000001110000000011000000
0000000001000000000110000000001000000100100000011011000000111100000000111110000001100000000010000000001100000000010000000
0000000000000000000100000000011000000110100000011001000000110111000001111100000001110000000001000000000100000000001000000
0000000000000010000000000100000000011000100000110011000001111110000001101100000000011000000000110000000001100000000011000
0000000000000000000100000000011000001100100000010001000001100110000001111100000000110000000001100000000010000000000100000
0000000000000000001000000000110000000101100000011011000001100110000011111100000000011000000000110000000001000000000010000
0000000000000010000000000010010000001100100000011011000000110110000000111100000000010000000000100000000001000000000011000
0000000000000000000000000100000000001000100000010001000000100010000000101100000000101000000000010000000000000000000001000
0000000000000000000000000011000100001100010000110001100001111110000000001000000000110000000001000000000100000000001000000
0000000000000000000011000001000100000110011000011001100001111111000111111111100000110000000011000000001100000000110000000
0000000000000011000000000110000000011000100000110011000000111110000000001100000000011000000000010000000000100000000001100
0000000000000001000100000110011100001100110000110001100001111111100111111111000110111000000001100000000111000000001100000
0000000000000000000000001100001000011000110000110001100011111111001111111110000000001100000000011000000000110000000001100
0000000000000001000000000010001000000100010000011001100000111111000001111110000000011000000000110000000001000000000010000
0001000000000010001000000100010000001000100000100001000001000100000010001010000100011100001111100000000011100000000000000
0000000000000000001100000010010000000100100000011001000000100110000001111000000000110000000001000000000110000000000000000
0000000000000010000110001100001000011000010000100001100011011111110111100110001100001000010000010000000000100000000000000
0000000000000000001000000100010000001000100000010001000000100010000001111000000000010000000000100000000001000000000010000
0000000000000000000001000000000110001000001000110000110011000011000111111100000001110000000001000000000010000000000000000
0000000000000100000000011100000000111000011011100000110111000111100111111111001111111110000000001100000000011100000000010
0000000000000000110000000001001000000110110000011001000000110110000001111100000000111000000001100000000010000000000100000
0000000000000000000000001110000100110000001001100000110001111101000000000110000000001000000000110000000001000000000110000
0000000000000000000000000000010000000110100000001010000000111110000000001000000000010000000001000000000010000000000100000
0000000000000000100010000011001000000110110000000111000000001100000000010000000001000000000010000000001100000000110000000
0000000000000000000010000000001100000100010000011001100001111111000111111000000000110000000001000000000110000000001000000
0000000000000000000001000000000100000000010000000001000000010110000011111000000001100000000100000000011000000000100000000
0000000000000000100000000011011000000100100000011011000000100110000001111100000001100000000011000000000100000000001000000
0000000000000001100100000110011000001100110000010001100000100010000011011100000111111000000100100000000001000000000110000
0000000000000000100000000001000000000110110000001001000000010110000001111000000011110000000000100000000011000000000100000
0000000000000000010000000001110000000011100000001010000000110110000011111100000100111000000000100000000001100000000001000
0000000010000010001100001100011000011000100000110001100001100011000011100110000011111100000011111000000000110000000000100
0000000000000000000100001000001000010000110001100001100011111110000001101100000000011000000000100000000011000000000110000
0000000000000000001000000000010000001001100000110010000001100110000011111110000000110000000001000000000010000000000100000
0000000000000001001000000010010000000100100000011001000000110110000011111100000111111000000000110000000001100000000010000
0000000000000000001000000000011000010000100000110001000001101111000011111110000000001000000000010000000000100000000000000
0000000000000000000000000110001100001100111000010011100000111110000000111000000001100000000110000000001100000000010000000
0000000100000000001000000001010000000100100000111001000011100010000111100100000001111000000000011000000000110000000000000
0000000000000000001100000100011000011000110000110011100001111110000000001100000000011000000000110000000011000000000110000
0000000000001100001000001000010000110000100001100001000011111110000001111111000000001100000000001000000000010000000000110
0000000000000000000100000010001000000100110000011111000000111110000001001100000000010000000001100000000011000000000100000
0000000000000000000001000001000110000110001000001000100001100111000111111100000000110000000011000000001100000000000000000
0000000000000000000000000000010000001000100000010010000000100100000001111110000000110000000000100000000001000000000010000
0000000000000000000100001000001000010000010000100001100001000010000011111100000001111000000000100000000011000000000100000
0000000000000000000000000001001000000110010000011001000001100010000111110100000000011000000000010000000000000000000010000
0000000000000000000100000011001100001110110000111011100011100111000111111111000111111000000001100000000111000000001100000
0000000000000000000000000010010000000100100000011011000000111100000000101000000000010000000001100000000010000000000100000
0000000000000010000000000100000000011000010000100001100001000111000011110110000000001000000000010000000000100000000001000
0000000000000000100000000001000000000010010000001000100000110001000011000110001111111100000000001000000000110000000000000
0000000000000000001000000110010000001101100000010011000001100100000011111111000011110000000001100000000011000000000010000
0000000000000000000000000001010000001100100000110001000001110010000000011100000000001000000000010000000000100000000001000
0000000100000000001100001000011000010000110000100001100011000011000100000110011111111100000000001000000000010000000000000
0000000000000001000010000110001100011000010000110001100001110011000001111100000001111000000001100000000011000000000110000
0000000000000010000100000100001000011000010000100000100001000001000110111110001111000100000000011000000000110000000000100
0000000000000000001000000110010000001101100000010011000001100100000011111111000011110000000001100000000011000000000010000
0000000000000000000100000001001000000010010000001001000000010010000001111100000110011000001000100000000001000000000010000
0000000000000000011000000100110000001001100000010011000000101110000001111000000000110000000001100000000010000000000100000
0000000000000001000010000110001100001000011000110001110011100111000111111110001111111000000001100000000011000000000000000
0000000000000000010001000001100110000110001100011000110000111111000111111110001110011000000000100000000011000000000100000
0000000000000000000100000000001000000000110000011001000000110010000011111100000100110000000001100000000010000000000100000
0000000000000000000100000010011000001100110000011011000001100110000011111110001111111100000001100000000010000000000000000
0000000000000000000011000011001100000100011000011001100001110110000011111100000111110000000011000000000110000000011000000
0000000000000000000110000001011000000111100000011011010001100111000011111000000000100000000011000000000100000000001000000
0000000000000000000000000010001000001000100000010001000000100110000000111100000000110000000000100000000001000000000100000
0000000000000001000100000010001000001100100000010001000000100010000001001100000011110000000000100000000001000000000010000
0000000000000010000100000100011000010000100000100001000001100010000011111110000000111000000000010000000000100000000001000
0000000000000000011000001000110000010001100000100011000001000110000011111100000110011100000000110000000001100000000001000
0000000000000000000000000000110000000001100000000110000000011110000001111000000000010000000001100000000010000000000100000
0000000000000000001000000100010000001000100000010011000001100110000001111100000000001000000000010000000000100000000000100
0000000010000000000100001100011000011000110000110001100001000110000111111100001111111000000000110000000011100000000010000
0000000000000000001000000000010000001001100000010010000001100110000001111100000000110000000000100000000001000000000010000
0000000000000000100000000001100000000111000000001010000000111100000001101000000000011000000000010000000000100000000001000
0000000000001100000000011000011000111000110001100001100011100011000011111110000011111100000000111000000001100000000011000
0000000000000000000001000000000100000010010000001101000000110110000111111100001001100000000110000000001000000000000000000
0000000000000000000001000100000100001000011000110001100001101110000001111000000000110000000011000000000100000000001000000
0000000000000000000100000000001000000110110000011101000000111110000000011000000000110000000011000000000110000000011000000
0000001000000000111000000001111000000110110000011001100001100011000111111111011111001100110000011100000000111000000000100
0000000000000010000100000100001000001000010000111111100001111111000011000110000100001000000000010000000000100000000001000
0000000000000000000011001100001100010000110000100001000011011111000111111110000000110000000001100000000110000000001100000
0000000000000000001000000000010000000010100000001010000000010100000001111000000001100000000001000000000010000000000100000
0000000000000000000100000000111000000111110001110001000011000010000001111100000000011110000000100000000001000000000010000
0000000001000000000110000000001000001100110000110001000001100110000111011100000111110000000001100000000110000000000000000
0000000000000001000010000110000110001000001000110000010011000000101111111110001100001100000000010000000000100000000000000
0000000000000000001000000000010000010000100000100001000010000011100100001110001111001000000000010000000000100000000001000
0000000000000000110000000011110000000101100000011011000000100110000011111100000111111000000000110000000001100000000011000
0000000000000001000000000010010000001100100000110001000001100111100011111100000011110000000001100000000011000000000000000
0000000000000011001000000100010000001000100000010001000001110011000011111110001100001110000000011000000000110000000001100
0000000000000001000000000100001000001000100000010001000000100010000001001010000001111000000000100000000001000000000010000
0000000000000000000011000010000110001100011000011001100001110110000011111100000000110000000011000000000110000000011000000
0000000011000000000100000000011000000100100000001010000000111111000011111100001101100000000011000000001100000000000000000
0000000000000000000110000000001000001000110000110001000001111110000111111100000000110000000001100000000011000000000100000
0000000000000011000000000110010000001000100000110011000001100110000011111111000000010000000000100000000011000000000110000
0000000000000000010000000001100110001110011100111000110001111111000011111110000001110000000011000000001100000000010000000
0000000000000001000110000010001100001100110000110001100011110111000110111100000000110000000011000000000110000000001000000
0000000000000000001000011000110000110001100001100011000111111110001111111110000000011110000000011000000000110000000001100
0000000000000000011000000001110000000111100000010011000001100010000011111100000000011000000000010000000000100000000001000
0000000000000000000010000000001100000100110000011001100001111111000001111100000000110000000011000000001100000000110000000
0000000000000001100000000110011000001000110000010001100001100010000010000100000111111000000000110000000000100000000000000
0000000000000000011000000000110000000011100000001100000000110110000001101100000011111000000000010000000000100000000000000
0000000000000000011000000000110000000011100000001111000000110110000011111111000000010000000001100000000011000000000110000
0000000100000000011000000000110000001101100000011001000001100011000011111110001100001100000000011000000000110000000000000
0000000000000000000000000010001000001000010000010001000000100110000001111000000000010000000001000000000010000000000100000
0000000000000001100000000011011000000110100000001111000000011111100000111110000001100000000011000000001100000000011000000
0000000000000000000000000001100100000110010000011001100000100110000001111110000000110000000011000000001100000000010000000
0000000000000000000011000011001100001100110000011011100001101111000111111110001111100000000011000000001100000000011000000
0000000000000001000010000110001000011000010000100001100011000011000111000100001111111110000000100000000001000000000010000
0000000000000000010000000001000000000110010000011001100000100110000001111100000000110000000011000000000100000000001000000
0000000000000000100010000011000100001100011000011001100001100011000111101110000001111100000001100000000110000000001000000
0000000000000000000001000010000110001000011000110000100011100111000100111100000000011000000001100000000010000000001100000
0000000000000000001100000100011000011000110000110011100001111110000000001100000000011000000000110000000011000000000110000
0000000000000000100010000011001100000110011000011001100001100011000011111110000000011000000001100000000011000000001100000
0000000000000000000010000010001100000110110000001101100000111010000011111100000100010000000001100000000010000000000100000
0000000000000000001000000000010000001000100000110011000001100100000000111000000000110000000001000000000010000000000110000
0000000000000000011000000100010000001001100000011111000000111110000000001100000000010000000000100000000011000000000100000
0000000000000000000000000010001000001100110000001001000000001110000000001000000000110000000001000000000110000000001000000
0000000000000000001000000000010000010000100000100001000010000011100100001110001111001000000000010000000000100000000001000
0000000000000000000100000000001000000100100000011011000000100100000001010010000011111000000110000000001000000000000000000
0000000000000100001000001000010000010000100000100001000001111110000001101100000000011000000000100000000001100000000011000
0000000000000010000000000100000000001000010000100000100001000011000111111111000000000000000000001000000000010000000000100
0000000010000000001110000000011000000100110000011011000000100110000011111110001111111000000011000000000110000000001000000
0000000000000001000000000011011000000110110000001101100000011111000011111110000111001100001100011000000000010000000000100
0000000000000000000011000010000100001100011000110001100001111110000011111100000000110000000001100000000010000000001100000
0000000000000000000001000010000110001100001000111000110001111111000011111100000000111000000011000000001100000000111000000
0000000000000010000000000100100000001001100000010011000000100110000001111100000000001000000000010000000000100000000001000
0000000000000001001000000100100000001001000000010010000001100100000001000110000011111000000000010000000000100000000000000
0000000000000000000000000011000000000100100000011011000000111110000000011000000000010000000000100000000011000000000100000
0000000000000000000000000010000110001100011000111001100011111111000111111100000000110000000011000000001100000000000000000
0000000000000000000000000011000000001100110000110001100001100111110111111111001100001000000000010000000001100000000000000
0000000000000000000001000000000110001000011000010001100001101111000111111110001100110000000001000000000010000000000000000
0000000000000001000000000110000110011000011000110000100011000011000011100110000011111100000000110000000001100000000010000
0000000000000000000000001111000100111011011011000000100011000011000011111110000001111000000000110000000011100000000111000
0000000000000001000000000010001100001100011000110001100001100011000011111110000011111000000001100000000010000000000100000
0000000000000011000000000100000100010000011001000000100110000010000111111111000000011000000000100000000011100000000000000
0000000000000000000100000010001000001100110000011001100001111111100011111111000000110000000001100000000110000000001100000
0000000000000000001000000000011000011000110000110001100001100010000001111100000001011000000000110000000001100000000010000
0000000000000000000000000001100100000110010000001101100000111110000000011000000001110000000011000000001100000000010000000
0000000000000000000001000001000110000110001000011000100001100011000111111100001100011000000001100000000010000000000000000
0000000000000000000000000001000000000110000000001100000000111110000000010000000000100000000001000000000010000000000100000
0000100010000011000100000100011000011000110000100001100001000011000011001110000111111100000111110000000000100000000000000
0000000000000100000000001000110000011001100000110011000001100110000001111110000000011000000000110000000001000000000010000
0000000000000000010000000000110000011001100000110011000001111111100011111100000000011000000000110000000001100000000000000
0000000000000000000110000011001100000110110000011001100001110110000011111100000000111000000011000000000110000000001000000
0000000000000000000010000000001100000100010000011001100001101111100011111000000000100000000010000000001100000000010000000
0000000000000000000000000010001000001100010000110000100011111111000111111110000000000100000000001000000000010000000000100
0000000000000000000010000000001000000000110000001001000000100111000011111000000001100000000110000000001000000000000000000
0000000000000001000000000110011000001100110000011001100001111111000011111100000110011000000000100000000011000000000110000
0000000000000011000110000100001000011000110000100001100011000010000110000111100111111100000000010000000000110000000000000
0000000000000000000110000000011000001100110000011001100001110110000111111100000001110000000011100000000110000000001000000
0000000000000011000000000110000000011000100000110011000000111110000000001100000000011000000000010000000000100000000001100
0000000000000000001100000110010000001100100000010001000000100010000011001110000111111000000000100000000001000000000000000
0000000010000000000100000001011000000110100000001001000000110110000001001100000111111100001101000000000110000000000000000
0000100000000011000000001110001100011000011001100000110011000011000110011110001111111100000000011000000000111000000000110
0000000000000001000000000110000100001000011000110001100001101110000011111100000000011000000001100000000011000000000110000
0000000000000000001100001000011000010000100001100001000011111111000011111100000000110000000001100000000011000000000110000
0000000000000001100000000110000100011100011000110001100001111111000001111100000000111000000011110000000111000000001100000
0000000000000000000000000100001100011000110000100001100001000101000011011100000011110000000001000000000110000000001100000
0000000000000000000001000010000100001100011000010000100001101111000111111110001100001000000000010000000001100000000011000
0000000000000000000000100000000111100000001010010000100000100011000011100100000011111000000000100000000011000000000110000
0000000000000001000000000110011000001100110000110001100001100111000011111110000000111000000000100000000011000000000100000
0000000000000000001000000000110000000111100000011001000001111110000011111100000000010000000001100000000010000000001100000
0000000000000001100000000010000100001100011000110000100001100011000011111110000111101000000000110000000001100000000010000
0000000000000000001000000000010000001001110000110111100011111111000111001100001000011000000000110000000001100000000011000
0000000000000000000000000011001100000100110000011001000001100010000011111111000111110000000001000000000010000000001000000
0001000000000010001000000110010000001000100000010001100000100011000011011110000111111100001110110000000001100000000000000
0000000000000110000000011100011000110000110001100001100011111111000000001110000000001100000000111000000001110000000011100
0000000000000000000000000000100010000010001000001100110000110011000011111100000000110000000011000000001100000000000000000
0010000000000100000000001100110000011001100000110111000001111110000001111100000000011000000000110000000001111000000000000
0000000000000000000010000000001100000100010000011001100000100110000001111000000000100000000011000000001100000000010000000
0000000000000000000100000100001000001000110000110001000001111010000111111100000000011000000000110000000001100000000011000
0000000000000000000000000110001100001000011000110001100001111111000011111100000011011000000000100000000001000000000010000
0000000000000000100000000001001000000100010000001001000000100111110011101000001100010000000000100000000001000000000000000
0000000010000000000100000000001000001000110000110001000001000010000011111110000011111100000001100000000011000000000000000
0000000000000010000000000100000000011001000000010011000000111100000000001000000000010000000000010000000000100000000001000
0000000000000000000000011000110000010001100000110011000001101110000001111100000000001000000000010000000000100000000001100
0000000000000001000000000010001000001100010000010000100001000001001111111110000000001000000000010000000000100000000001000
0000000000000000000100000000011000001100110000110001100011100111100111111110000111101100000000011000000000110000000000100
0000000000000000000100000010010000001100100000110011000001111111000000011000000000100000000001000000000110001100001000000
0000000010000000000100000010001000001100100000010001000001100111000011111100000100110000000001000000000010000000000000000
0000000000000001000100000110011000011000110000110001100001100010000011111100000000111000000000100000000011000000000100000
0000001000000000010000000001100000000111000000011110000000101100000001111011000000111110000001100000000011000000000000000
0000000000000001000011000110001100011000111001110001100011111111100111111100000000110000000011100000000111000000001100000
0000000000000100000000011100001100111000111000110011100001111111000011111100000010011000000001110000000011000000000110000
0000000000000000000100000000001000010000110000100001100001111111000111111110001100001000000000110000000000110000000000000
0000000000000000010000000000100000001001000000010010000000100100000001011100000001110000000000110000000000100000000001000
0000000000000100001000001000010000010000100000100001000001000010000011111110000000011000000000110000000001000000000011000
0000000000000010001000000100010000001000100000010001000000100010000001101100000000111000000000010000000000100000000001000
0000000000000001000000000010000000000100100000001001000000110011110001111100000110001000011000010000000001000000000000000
0000000000000000000011000011001100001110111000111001100011111111100111111111000001110000000111000000001100000000011000000
0000000000000001000000000010010000001000100000010001000001110010000010011100000000010000000000100000000001000000000110000
0000000000000000000000000110001100001000010000110001100001100111000001111100000001011000000000110000000001100000000011000
0000000000000010000010001100001100011000110001100001100011111111000111111110000000011000000001100000000011000000000100000
0000000000000000000000000000011000000010100000001010000000111100000001111100000001000000000010000000001000000000010000000
0000000000000000010000000000100000001001000000010010000000111100000001101000000000010000000000010000000000100000000001000
0000000000000000011000000000110000000101100000011011000001100111000111111100001110011000000000110000000001100000000011000
