0000011000000000100000000011000000000110000000011000000000111110000001111110000011001100000111111000000011000000000000000
0000000001000000011110000011111110001110001000111000000001100000000011000000000111111000001111111000001111110000000110000
0000010000000001100000000010000000000100000000011011000000111111000001110010000011111100000011110000000010000000000000000
0000001111000001111110000111100100011100000000110000000001100000000011011110000111111110000111111000000111110000000000000
0000110000000010000000001100000000010000000000100000111011000011000110000100101100001001001000001100001111100000000000000
0000000100000000010000000001000000000010000000001100000000011100000001100100000011001000000010100000000111000000000000000
0000000100000000011000000001100000000011000000001100000000111110000001111100000011011000000111100000001100000000000000000
0000001100000000010000000001100000000110000000001000000000010011000001111111000011111100000111100000000100000000000000000
0000001000000000010000000001000000000010000000001000000000010000000000111100000001101000000011010000000011000000000000000
0000011000000001100000000011000000001100000000010001100000101111100001111111000011101110000111111000000011000000000000000
0000001100000000100000000011000000000100000000011000000000110000000001001111000010110100000111110000000011000000000000000
0000001100000000111000000001100000000110000000001011000000111111000001111110000011111000000111100000000100000000000000000
0000000011000000001100000000110000000011000000001100000000110000000001111100000111010000001111100000000110000000000000000
0000110000000001000000000110000000001000110000010111110001111001100011100111000111111110000111110000000010000000000000000
0000000110000000011000000000110000000011000000001100000000110000000001011100000110111100001111110000001111000000000000000
0001100000000011000000000100000000011000110000110111111001011100110010110001100111100110000111111100000011100000000000000
0000011100000000100100000010000000001100000000010000000000100011000011001110000110011100000100110000001111000000000000000
0000001100000000111000000011100000001110000000011100000001110000000011001110000111111100000111111000000111110000000000000
0000000111000000111000000011100000000100000000011000000000100000000011111100000100001100001100111000001111100000000000000
0000011000000000100000000011000000000100000000011000000000110001000001001111000011111110000011111000000000000000000000000
0000001000000000110000000001000000000100000000011000000000100001100011001111000110110100001111110000001110000000000000000
0000011000000001100000000110000000001000000000110000000001111111100011111101000110000110000111111000000111100000000000000
0000011000000001100000000011000000000100000000011000000000110111000001111110000011101100000111110000000000000000000000000
0001100000000011000000000110000000011100000000110001100001101111100011111111000111111110000111111000000010000000000000000
0000100000000011000000000100000000001000011000010011010000100100100001010001000010100100000111110000000110000000000000000
0000110000000001100000000110000000001100000000011111100000111111000011110010000011101100000111111000000111100000000000000
0000000110000000111000000011100000011110000000111000000011100000000111000111000111111110000111111000000111000000000000000
0000001000000000100000000010000000001100000000010000100001100110100010011001000100100100000101110000001111000000000000000
0000001100000000010000000001100000000110000000001000000000110011000001001110000011111000000011110000000001000000000000000
0000011100000000110000000011000000000110000000001100000000111110000001111110000011001100000111111000000111100000000000000
0000110000000001000000000110000000001100000000011000000000110010000001111110000001100100000001111000000001000000000000000
0000000000000000000000000110000000010000000001000001001000000100010100000001001110111100000000000000000000000000000000000
0000000100000000011000000001100000000011000000001101000000010111000001111110000011001000000011110000000100000000000000000
0000000110000000011100000001110000000111000000001100000000110011000011011110000100111100011011110000011110000000000000000
0000000000000000000011000000011110000011110000011100000001110000000011111100001101111100001111100000000000000000000000000
0000001100000000110000000001000000000110110000001111100000111101000011110110000111111000001111100000000000000000000000000
0000000001000000001110000000100000000010000000001100000000010000000001100000000011100000000111100000001110000000001000000
0000001000000000110000000001000000000100000000011000000000111111000001000010000010000100000110110000000110000000000000000
0000000000000000000100000000010000000001000000000100000000011000000000100000000011010000000100100000000110000000000000000
0000000000000111111000001101111000011000000000010010000000111111000001110110000011000110000010000100000111111000000010000
0000001100000000011000000001100000000110000000011100100001111111100011111111000111111100001111110000001110000000000000000
0000011000000000100000000011000000000100000000011000000000111100000001100100000011000100000011111000000011000000000000000
0000110000000011000000000110000000001100000000011000000000101111100001111111000011100110000111111000000011100000000000000
0000011000000000100000000011000000001100000000011000000000100011000001001110000011111100000111100000000110000000000000000
0000011000000001100000000110000000001000000000010001000000101111000001110010000011000100000111111000000000000000000000000
0000000100000000010000000001000000000110000000001000000000111111000001000010000010001000000111100000000100000000000000000
0000000100000000011000000000100000000010000000001000000000110000000011000100000100011100001100110000001111000000000000000
0000011000000000100000000011000000000110000000001000000000011100000000101100000001011000000011110000000010000000000000000
0001100000000010000000000100000000001000000000010000000000100011000001111110000011100100000011111000000011000000000000000
0000110000000001100000000110000000001100000000110000000001100111100011111001000111000110000111111000000000000000000000000
0000010000000001000000000010000000001000000000010000110000000010100010001000000100010100000110110000000110000000000000000
0000011000000001100000000011000000001100000000011111100000111101000001100010000010001100000011110000000111000000000000000
0000110000000011000000000100000000001000000000110000000001100111100001011111000011100110000011111000000001000000000000000
0000011000000001100000000010000000001100000000010000000001100111000011011111000110110110000111111000000111000000000000000
0000001100000000111000000011000000000110000000001000000000110110000001111010000011100100000110011000000111100000000010000
0000110000000011000000000100000000011000000000110000000001001111100011110001100011100011000011101100000001000000000000000
0001100000000010000000001100000000010001110000100111110001111000100011100011000111111100000111110000000011100000000000000
0000000010000000011000000001100000000110000000001001000000100101000001010010000110100100000110110000000111000000000000000
0000001100000000111000000011100000000110000000011000000000110111000001111110000011111100000111110000011000000000000000000
0000010000000000100000000010000000000100000000010000010000100011100001001101000010111100000011100000000000000000000000000
0000001100000000011000000001100000000110000000011100000000110111100011111111000111111110000111111000000110000000000000000
0000001100000000111000000010000000001000000000010000000001100000000011011110000010100110000110001100000111110000000000000
0000001100000000110000000011000000000100000000011000000000100000000001011110000011001100000111110000000010000000000000000
0000011000000001100000000011000000000110000000011011100001111111100011101111000110111100001111100000000100000000000000000
0000000000000000011110000001111000000011000000001100000000010000000000100000000011110000000111100000000111100000000000000
0000011000000000100000000011000000000100000000001100000000011100000001100100000001001100000010011000000011100000000000000
0000000111000000011000000001100000000110000000001000000000100000000001000000000011111000000110010000000111000000000000000
0000001000000000110000000001000000000100000000001000000000011111000001110010000001001000000010100000000110000000000000000
0000000110000000011000000001100000000010000000001100000000110110000001111110000011111100000111110000000100000000000000000
0000000100000000010000000001100000000010000000001100000000010000000001011110000010101100000111110000000000000000000000000
0000000000000000010000000001100000001110000100011000111001100111110110011011001101111100011111100000000000000000000000000
0000000010000000001000000000110000000001000000000100000000011000000000111100000011011000000111000000001000000000000000000
0000001100000000010000000001000000000110000000001001100000100111000011011010000111111000000111110000000010000000000000000
0000001000000000110000000001100000000110000000001100000000011110000000110010000001100100000011110000000010000000000000000
0000000110000000011000000001100000000110000000011000000000110000000001001110000110000110001100011000001111000000000000000
0000000110000000001000000000100000000010000000000100000000010000000000100000000001000000000011100000000111100000000000000
0000011100000001111000000011000000001100000000011000000000100110000001111110000011100100000011111000000011100000000000000
0000001000000000110000000001000000000110000000001000000000010110000000111100000001001000000011110000000111000000000000000
0000001100000000100000000001000000000110000000001000000000010100000000111100000011001000000010010000000111000000000000000
0001000000000110000000001000000000010000000000100001111001001100010011110001000011000110000111110000001100000000000000000
0000110000000001000000000110000000001100000000110000000001100111000001011010000011100100000011111000000011100000000000000
0000000000000000010000000001100000000010000000001000000000010111000001111100000011111000000011000000000000000000000000000
0000001000000000100000000001000000000100000000001000000000100011000001001110000010011100000111110000000010000000000000000
0011000000001100000000010000000000100000000001000001110011000100100110011001000110110111000011111100000000100000000000000
0000011000000001110000000110000000001100000000010000000000100111000001011011000010100100000111110000001111000000000000000
0000001100000000100000000001000000000110000000001000000000110000000001111100000011001000000010110000000111000000000000000
0000000110000000011100000000110000000011000000001100000000111000000001111100000011111100000111110000000111000000000000000
0000000011000000001100000000010000000001000000000100000000011100000001111100000111001000001100110000001011000000000000000
0000011000000001110000000111000000001100000000111000000001110100000001111110000011110110000011111100000011110000000000000
0000100000000011000000000110000000001000000000110000000001100111000011010011000011111110000001110000000000000000000000000
0000010000000000100000000011000000000100000000001000000000010010000001011110000011100100000011111000000011000000000000000
0000000100000000011000000001100000000010000000001001100000110111000001011010000010101100000111100000000110000000000000000
0000001100000000110000000001100000000110000000001110000000111110000001100110000011011000000111100000000110000000000000000
0000100000000001000000000010000000001100111000010011110001101101100011110010000111101100001111100000001110000000000000000
0000000100000000011000000001100000000010000000001000000000010010000001111110000011101000000111100000000100000000000000000
0000001100000000110000000001000000000110000000001001100000111111000001110110000011011000000111100000000000000000000000000
0000001100000000111000000011100000001100000000110000000011000011100110011111001110110111011111111100000111100000000000000
0000000011000000001100000000010000000001000000000110000000011111000001111110000110000100001100110000011100000000000000000
0001000000000010000000000100000000001000000000010011000000101101000001110010000001100100000011011000000011100000000000000
0000000110000000011000000001100000000010000000001100000000011100000001101100000010001000000100100000000110000000000000000
0000011000000000100000000010000000001000000000010000110001000010100000001000000100000000001101000000001110000000000000000
0000000000000001000000000100000000010000000001100000111010000110110100011010001100111000000010000000000000000000000000000
0000001100000000110000000011000000001100000000110000000001100111100011111001000111000010001111111100010011100000000000000
0000000000000000011110000001111000000011000000001100000000010000000000100000000011110000000111100000000111100000000000000
0000000100000000011000000001100000000010000000001000000000110111100001011001000111000100001110110000001110000000000000000
0000001100000000110000000110000000001000000000110000000001100000000011011110000011000110000011111000000001000000000000000
0000011000000000110000000001000000000010000000000100000000011110000000110100000001011000000011100000000011000000000000000
0000000100000000011000000001110000000111000000011111000001111111000011111110000111111100000111110000000000000000000000000
0000110000000011000000000110000000001100000000010001100000111111100001111011000011100110000111111100000001000000000000000
0000001110000000111000000011000000001100000000010000000001111110000010000111000110000010000110011100000111110000000000000
0000001100000000010000000001000000000100000000001000000000011100000001101100000010001000000100110000000111000000000000000
0000000110000000011100000001110000000111000000001100000000111110000001111110000110111000001111100000001100000000000000000
0000000000000000111110000011001100000100000000011010000000111010000001100010000010000100000110010000001111000000001000000
0000011000000000100000000011000000000110000000001000000000111111000001110010000001100100000011111000000001000000000000000
0000001100000000011000000001100000000010000000000101100000010111000000101100000011111000000100100000001110000000000000000
0000001000000000110000000001000000000110000000011000100000100111100011011011000111100100001111110000000110000000000000000
0000001100000000110000000001100000000110000000011000000000111111000001111110000011111100000111111000000001000000000000000
0000001000000000110000000011000000001110000000011001100000100111100001111111000011111100000111100000001110000000000000000
0000001100000000100000000010000000000100000000011010000000101110000001100010000011000100000110001000000111100000000000000
0000001000000000110000000011000000000100000000001011000000110001000001000010000010001100000100110000001110000000000000000
0000000110000000110000000001000000000110000000001000000000110000000001101100000011111100000011011000000011100000000000000
0000000011000000001000000001100000000010000000001000000000110000000001111100000111001100000111111000000010000000000000000
0000000001000000001111000000111000000111000000011100000000110000000011111000000110111000000100110000001111100000000100000
0000000110000000011100000001100000000011000000001110000000011110000001111100000011110000000101110000001110000000001000000
0000000110000000011000000000100000000011000000000100000000010000000001101110000010101100001111010000000001000000000000000
0000000011000000001100000001110000000111000000111001110011101111111110110011001001000110011111111000011111000000000000000
0000110000000001100000000110000000011000000000110000010011000011110110000101000110011110000111111000000000000000000000000
0000000011000000001100000000110000000011000000001100000000011000000001111000000110010000001100100000011011000000000000000
0000000100000000010000000001100000000010000000001100000000010000000001101110000010111000000111000000000000000000000000000
0000010000000001110000000111100000001100000000111001100001100111100011011011000111111110001111111000000111000000000000000
0000001000000000010000000001100000000010000000000100000000011100000000110100000001001000000010100000000110000000000000000
0000001000000000110000000001000000000100000000011111000000111111000011000110000100000100001110110000000110000000000000000
0000011100000001111000000111100000011100000000110000000001100011100111001111100111111111000111111100000011100000000000000
0000000110000000010000000001100000000010000000001110000000011010000001100100000011110000000111100000001110000000000000000
0000001110000000110000000011000000001100000000010000000001100001100010011000100111000010000111111000000110000000000000000
0000001100000001111000000111000000011100000000111011110011101111110110010011100111111110001111111100000111000000000000000
0000011000000000110000000011000000001100000000011001000001101111000011111001000111000110001110111000001111000000000000000
0000000110000000011000000000100000000010000000000100000000010000000000111100000011001000000111100000000100000000000000000
0000000001100000001100000000110000000011000000000110000000111110000001100100000011011000000111100000001110000000000000000
0000001100000000111000000001100000000110000000011000000000111111000001111110000011001100000111110000000111000000000000000
0000110000000001100000000110000000001100000000110000000001000111110010011111100111111110000111000000000100000000000000000
0000000010000000001000000000110000000011000000001100000000011100000001100100000010000000000100010000000111000000000000000
0000000010000000001100000000110000000001000000000100000000011010000001101100000010110000000101000000001110000000000000000
0000000110000000001000000000100000000011000000001100000000110110000001011000000011111000000111110000000000000000000000000
0000010000000001000000000010000000001000000000010110000000100010000001000010000011000100000011110000000011000000000000000
0000011000000001100000000010000000001100000000010000000001100111000011011111000110110110000111111000000111000000000000000
0000000100000000011000000001110000000111000000011111000001111111000011111110000111111100000111110000000000000000000000000
0000011000000000100000000010000000000100000000010001100000100101000011010110000100111000001001000000001100000000000000000
0001100000000110000000001000000000110000000000100011110001001111110011110000100011110011000011111100000000000000000000000
0000110000000001100000000111000000001100000000011011100000111111100001110011000011101110000111111000000000000000000000000
0000010000000001100000000010000000001100000000010001110001100110100010011011000100101100001111110000000110000000000000000
0000000011000000001100000000010000000001000000000110000000011111000001111110000110000100001100110000011100000000000000000
0000000011000000011000000001100000000110000000011000000000101110000001111110000011000100000110010000000111000000000000000
0000000000000000111000000001000000000100000000001100000000010100000000101000000001001000000010010000000111000000000100000
0000000010000000011110000001100000000011000000000100000000011000000000111000000001110000000010100000000111000000000100000
0000011000000001110000000011000000001100000000011000000001110011100011001111100111111111001111111000001110000000000000000
0000000010000000001000000001100000000110000000011001110000101101100011110010000111011000001111100000001100000000000000000
0010000000000100000000001000000000010000110000110010110000100100100001001001000011010010000001111100000000100000000000000
0000001100000000110000000001000000000100000000011000000000110011000001101110000011111100000111100000000000000000000000000
0000000100000000010000000001000000000010000000001000000000010111000001110010000011000100000101110000000110000000000000000
0000010000000001100000000011000000000100000000011000000000110000000001011111000011110110000011110000000000000000000000000
0000011000000001100000000110000000001000000000110000010001100001110011000010100110000110000111111000000010000000000000000
0000000110000000010000000001000000000000000000001000000000000111000001010010000010000000000100010000001110000000000000000
0000000110000000010000000001100000000110000000001001110000111111100011110011000111001100011100110000011111000000000000000
0000001110000000111100000001000000000110000000001000000000100000000001111100000011001000000111010000000111100000000000000
0000011000000000110000000011000000000110000000011000000000111111000001111110000011111000000111110000000111000000000000000
0000111000000011100000001110000000011000000001110000110011000111110011001111100111111111000111111110000000000000000000000
0000111000000001000000000110000000001000000000110000000001000011100010001101100100100010001111111000001110000000000000000
0000110000000011100000000110000000001100000000011000100000110011100001101111000011111110000111111000000111000000000000000
0000010000000001000000000100000000001000000000110000000001111111000001100001000011000010000011000100000001100000000000000
0000001100000000111000000001110000000110000000001100000000010110000001111110000011111000000111110000000110000000000000000
0000001100000001111000000111000000001110000000011111000001111110000011111110000011111110000111111100000011110000000000000
0000001000000000100000000011000000000100000000010000000000100001100010001111000100011100001111110000001100000000000000000
0000001000000000100000000110000000001000000000100000111001000110010110011001000101000100001111110000001000000000000000000
0000000001000000001110000000110000000011000000001110000000011000000001100000000111000100001111111000001110000000000000000
0000011000000001110000000110000000001100000000010001100001100111100011001111000110011100000110111000000111000000000000000
0000011000000011000000000100000000011000000000100001110001000110110010010001100111100110000111111000000010000000000000000
0000001000000000110000000011000000000100000000011000000000100110000001011110000011101100000111110000000110000000000000000
0000000110000000011100000000110000000011000000001100000000111011000001111110000111111100001111110000000110000000000000000
0000001110000000111100000011100000001110000000011000000001100010000011001110000110111100001111111000001111100000000000000
0000110000000001000000000110000000001000110000010111110001111001100011100111000111111110000111110000000010000000000000000
0000000000000000010000000001100000000110000000010001110000111001100001111011001111111000011110000000000000000000000000000
0000100000000011000000001110000000011000110000100111111011001100110010010000100110110011001111111100000111100000000000000
0000001100000000110000000001000000000100000000001010000000111110000001100100000011011000000111110000000111000000000000000
0000000010000000001000000000110000000011000000001100000000110000000001001110000011111100000111100000000100000000000000000
0000001100000000110000000001000000000100000000001011100000111111000001110110000011111000000111100000000110000000000000000
0000111000000011110000000111000000011100000000111111100011111111110111000011101111111111000111111100000000000000000000000
0000000010000000001000000000100000000011000000000101000000011111000001110000000011001000000111100000000110000000000000000
0000111000000011000000000100000000001000000000010000000000100111000001111010000001100100000011010000000011000000000000000
0000000100000000010000000001000000000110000000001011000000010110000001111010000011111000000011100000000001000000000000000
0000001110000000110000000001000000000110000000001000000000010000000001111000000001111000000010010000000011000000000000000
0000001100000000110000000001000000000110000000011000000000100111000011110011000111000100001111111000001110000000000000000
0000000010000000001100000000110000000011000000001100000000010011000001101100000011110000000111100000000100000000001000000
0000000110000000011000000001100000000110000000011000000000110000000011000111000110011100001111110000000000000000000000000
0000100000000111000000001000000000110000000001100000111011000111110110110000100111000011000111111100000000000000000000000
0000001100000000110000000001000000000110000000001000000000010000000000101100000001101000000010010000000011100000000000000
0000000000000000111000000011000000001110000000011000000000111110000001100100000010001000000110110000000111100000000010000
0000111000000001100000000110000000011000000000110001100001001111100011011111000111111100000111110000000110000000000000000
0000110000000001100000000111000000001100000000011001110000111111100001111111000011111110000111110000000110000000000000000
0000110000000001100000000011000000001110000000011101100000111111100001111011000011111110000111111000000010000000000000000
0000100000000010000000000100000000001000000000110111111001111000010011000000101110000110010011111000000000000000000000000
0000000110000000011000000001000000000100000000011000000000100000000001011100000011001100000010010000000011100000000000000
0000001000000000110000000001000000000110000000001000000000110111000001111110000011111100000111110000000110000000000000000
0000001110000000110000000011000000001100000000010000000000100000000001010000000011111100000110011000000111100000000000000
0000001000000000110000000011000000001100000000011000100000101111100001110001000011100010000111111000000010000000000000000
0000100000000001000000000110000000001100000000010011100000100101100001001011000010111100000111111000000010000000000000000
0000000000000000001100000000110000000011000000001100000000111110000011100110000110001000000111110000000111000000000000000
0000000110000000011000000001100000000110000000001000000000110111000001001010000010111100001101110000001111000000000000000
0001000000000010000000001100000000010000010000100001110001000010100010001101000110011110000111111000000011000000000000000
0000000100000000011000000001110000000111000000001100000000010000000001101100000011111100000111011000000111100000000000000
0000010000000000100000000010000000000100000000010000000000100011000001001010000010111000000111110000000000000000000000000
0000000000001000000000010000000000000000111000000010001010000100000100001001000100010010000011111000000000000000000000000
0000100000000001000000000010000000000100000000001000000000100110000001001010000001111000000011100000000000000000000000000
0000001000000000100000000001000000000010000000001000000000010000000000111100000001111000000011100000000000000000000000000
0000000110000000011000000000100000000010000000001000000000111110000001110100000110011000000111100000000100000000000000000
0000000000000000010000000001100000000110000000010001110000111001100001111011001111111000011110000000000000000000000000000
0000011000000001100000000110000000011000000000100000000011001111110100110001101111000111001111111000001100000000000000000
0000001100000000110000000001100000000110000000001100000000110000000001101110000011111000000011100000000011000000000000000
0000001100000000010000000000100000000010000000000100000000011000000000111110000001101000000111100000000110000000000000000
0000001000000000110000000001000000000110000000001000000000110011100001011001000011100110000110001000000000100000000000000
0000000110000000011000000001100000000000000000001000000000000000000001000000000010011000000100100000001110000000000000000
0000110000000001100000000011000000001100000000011011100001111111100011111011000111111110000111111000000011000000000000000
0000010000000001100000000010000000001100000000010000000001101111000010011011000101100100000111110000000000000000000000000
0000000100000000010000000001000000000010000000001000000000010000000000111110000000110100000010000000000100000000000000000
0000000100000000010000000001000000000110000000011000000000100111100011110010000011011100000111100000000000000000000000000
0000011000000000100000000001000000000110000000001000000000010110000001111100000001101100000011110000000001000000000000000
0000000110000000001000000000100000000001000000000100000000011110000001111110000011011000000111100000000100000000000000000
0000001000000000111000000010001000000100000000011000000000111110000001100110000011001100000011011000000011100000000000000
0000011000000001100000000110000000011000000000100001110001001111110010110000100111000110000111111000000000000000000000000
0000000111000000011110000011100000001110000000111000000001100111110110011111001101111100011111110000011110000000000000000
0000000110000000001100000001110000000111000000011000000001100000000110001111101111111100001111000000000100000000000000000
0000000000000000001111000000110010000011000000001100000000111100000001111100000110001000001100100000011110000000000000000
0000000010000000001100000000110000000011000000001100000000010000000001101110000010101000000111110000000110000000000000000
0000000100000000001000000000110000000001000000000100000000011100000000100100000001001000000100100000000111000000000000000
0000000110000000011000000001100000000110000000001000000000110110000001111110000011000100000110011000000111100000000000000
0000001100000000110000000011000000001100000000011000000001100000000011011110000011100100000111111000000011100000000000000
0000000100000000011000000000100000000011000000001101100000011111100001110011000111111000000111000000000000000000000000000
0000001000000000110000000001100000000110111000011111110000111100100011100011000110011100001111110000011110000000000000000
0000011000000000100000000011000000000100000000011011100000101111000011010110000101101100001111110000000100000000000000000
0000000010000000001100000000110000000011000000001100000000011000000001111110000011101100000111110000001111000000000000000
0000011000000000110000000001100000000110000000011100000000111111000011111110000111111100000111110000000110000000000000000
0000001100000000110000000011000000000100000000011000000000100000000001001110000011111100000111110000001100000000000000000
0000010000000001000000000110000000001000000000010011110000111000010001100001000110000010000100011000001111100000000000000
0000000011000000001100000001110000000111000000001100000000110110000011011100000111111000001111100000000100000000000000000
0000001000000000110000000011000000001100000000011000000000100000000011011110000111111100000111111000000110000000000000000
0000011000000001110000000011000000000110000000011000000000110001100001000111000010011110000111111000001111100000000000000
0000110000000001100000000011000000001100000000011000110000110111100011011111100111110110000111111000000111000000000000000
0001000000000010000000001100000100110001111101000111001010001000110100010011001000101100001001110000001110000000000000000
0000001000000000010000000001100000000110000000001011100000111101000001010010000011101100000111110000000110000000000000000
0000000000000000111000000011100000001110000000111001100011101111110110111101101111111110011111111000000000000000000000000
0000001100000000010000000001100000000010000000001100000000010010000000101110000011101000000011100000000110000000000000000
0000000000000000100000000001000000000100000000001000000000010010000000101110000010011000000110100000000110000000000000000
0000000110000000011000000000100000000011000000001100000000111110000001111100000011111000000111110000001000000000000000000
0000001110000000110000000011000000000100000000001000000000100000000001000000000011111000000110010000000111000000000000000
0000001100000000100000000010000000000100000000011010000000101110000001100010000011000100000110001000000111100000000000000
0000010000000001100000000011000000001100000000011011100001101111000011011010000111101100000111110000000111000000000000000
0000010000000001100000000011000000001100000000010000000001100111100011111111000111101110000111111000000000000000000000000
0000001000000000010000000001000000000100000000001000000000100111000001010010000011111000000011000000000010000000000000000
0000001100000000110000000011000000000110000000011000000000110111000011111111000011001100000110011000000111100000000000000
0000011000000001101000000110000000001000000000010111000000101001000001010010000011100100000111011000000111100000000000000
0000000000000000001111000001111110001111000000011000000001100000000110000000001101111000011111111000001111110000000000000
0000011000000001100000000010000000001000000000110000000001111111000011111111000110000110000111111000000011000000000000000
0000001100000000111000000011000000000110000000011011100000111001100001000011000110001100001101110000001111000000000000000
0001000000000010000000001100000100110001111101000111001010001000110100010011001000101100001001110000001110000000000000000
0000000000000000100000000011000000000100000000001000000000010010000000101100000001101000000011100000000010000000000000000
0000011000000001101000000110000000011000000000110000000001111110000001100010000011000110000011001100000001110000000000000
0000011000000000100000000010000000001100000000010000000001100011100011011101100111100110000111110000000100000000000000000
0000001100000000111000000001100000000110000000011001100001100111000010011110000111111100001111110000000010000000000000000
0000001000000000100000000010000000001000000000010000000000100000000001000000000010100100000010001000000010100000000000000
0000000111000000011000000001100000000110000000011000000001100001000010011111001101100010011011111000011110000000000000000
0001100000000010000000001100000000011000000000100001111001000010010010001000100110010010000111111000000110000000000000000
0000001000000000110000000001000000000010000000000100000000011100000000100100000001001000000010100000000111000000000000000
0001000000000010000000000110000000001000110000110111011001001100010110011000101110111111001111111000000000000000000000000
0000001100000000111000000011100000000110000000011100000001111111000011111110000111111100000111111000000111100000000000000
0000000100000000010000000001000000000110000000001100000000011000000000101000000001011000000011100000000011000000000000000
0000000110000000011000000001100000000110000000011000000000110111000011011110000111101100001111110000000100000000000000000
0000001100000000110000000001000000000110000000001000000000111100000001111000000011010000000011100000000011000000000000000
0000001000000000010000000001000000000110000000011011100000111111000011110011000111100100000111111000000000000000000000000
0000110000000011100000001110000000011000000000110000000001100011100011111111100011111111000011100000000110000000000000000
0000000011000000000100000000110000000011000000001100000000110111100011111111000111111100001111100000001000000000000000000
0000010000000001100000000011000000001100000000011111100000111111100001110001000011000110000111111000000011000000000000000
0000010000000001100000000010000000001100000000011111100001110001100011000001000110000110000110011000000111100000000000000
0000000000001000000000001000000000010000000000100011110001001100100010010001000110111100000110111100000000000000000000000
0000010000000001100000000011000000000100000000001010000000111110000001110110000011111100000011110000000010000000000000000
0001100000000011000000000110000000001100000000011011000000111111000001110110000011101100000011110000000011000000000000000
0000001100000000110000000001100000000110000000001101100000111111100001111110000011111100001111100000001100000000000000000
0000001000000000100000000011000000001100000000010000000000100011000011011010000011000100000011111000000001000000000000000
0000110000000001100000000110000000001100000000011111100000111111000011110011000011111100000111110000000100000000000000000
0000010000000001000000000110000000001000000000110011100001101111000011110010000011001100000111110000000010000000000000000
0000001100000000111000000011110000000111000000011100000000111100000011111110000111111100001111111000001111000000000000000
0000000100000000011000000000110000000011000000001100000000011000000000111100000001111000000011100000000110000000000000000
0000001110000000110000000001000000000100000000001110000000110110000001000110000010000100000100011000001111000000000000000
0000011000000000100000000010000000000100000000001000000000111110000001100010000010000100000110010000000111000000000000000
0000010000000001000000000110000000011000000000100011110001001000010010010000100100011110001111110000000000000000000000000
0000000100000000011000000001100000000010000000001000000000110111000001111110000011101000000111100000001100000000000000000
0000000110000000011000000001100000000110000000011001110001100110100110110011011011000100011111110000001100000000000000000
0000011000000000110000000011000000001110000000011000000000100000000001011100000011111100000011111000000010000000000000000
0000001000000000110000000011000000000110010000001011110000111101100001110110000011111000000111100000000100000000000000000
0000001000000000100000000010000000000100000000011000100000100111000001010010000011111000000111100000000000000000000000000
0000001100000000111000000011000000001110000000111000000001110111110110001111001100111110001111110000000111000000000000000
0001000000000010000000000100000000001000000000010011100000101001000001010110000011111000000011100000000000000000000000000
0000000000000000000000001100000000110000001001000000111010000010010100001001000111111100000000000000000000000000000000000
0000000010000000001000000000110000000011000000001100000000011111000001100110000010001000000101100000001110000000000000000
0000000100000000011000000001100000000110000000011000000001100111000010011111001100100100001111110000000000100000000000000
0000110000000001000000000110000000001000000000010000111001100010010010001001000110101100000111110000000100000000000000000
0000000110000000011000000001100000000010000000001100000000010110000001110110000010001100000100110000001111000000000000000
0000000000000000001111000000111000000011000000001100000000111100000001101100000110001100001100011000011111100000001100000
0000000100000000010000000001000000000110000000011000000000100000000011011111000111100110000111110000000100000000000000000
0000011000000000100000000011000000001100000000011011100001101111100011010001000111100110000111111000000111100000000000000
0000011000000000100000000011000000001100000000010011000000101111000001010010000010000100000100111000000111100000000000000
0000010000000001100000000010000000000100000000011010000000111110000001100110000001101100000011110000000000000000000000000
0000001000000000100000000010000000000100000000001000000000010000000000100000000001011000000010010000000011000000000000000
0000010000000001100000000011000000000100000000001001000000110111100001101011000011110110000111111000000011000000000000000
0000000011000000001100000000110000000011000000001100000000110000000011111000000111001100000111111000000010000000000000000
0000000011000000011010000001100000000010000000001100000000110000000001100000000011110000000110110000001111000000000000000
0000111100000011100000000110000000001100000000110000000001100000000001111111000011111110000011111110000011111000000000000
0000001100000000100000000011000000001100000000010010000001101111000011110011000111000110000111111000000010000000000000000
0000000011000000001000000000100000000010000000001000000000100111000010011100001101110000001111000000000000000000000000000
0000000100000000010000000001000000000100000000011000000000100000000001001100000010011000000011100000000010000000000000000
0000000111000000011100000001100000000110000000011000000001101111000011111111000111111110000111111000000010000000000000000
0000001110000001111100000011100000001110000000011000000001111110000011111110000011111100000111111000000111100000000000000
0000000000000000011000000001110000000111000000011111110001111111110011111111000111111100000111100000000000000000000000000
0000000110000000011100000001110000001110000000111011100001111111000011100011001110000110001111111000001111100000000000000
0000000011000000001110000000110000000011000000001100000000010000000001111000000011011000000111110000001111000000000000000
0000001000000000110000000001100000000010000000001111000000011110000000111100000001111000000011100000000000000000000000000
0000000000000000000011000000011110000011110000011100000001110000000011111100001101111100001111100000000000000000000000000
0000001000000000100000000001000000000100000000001000000000100000000001001110000011101000000011100000000000000000000000000
0000100000000011000000001100000000110000110001000111111010001000010100110000100111100011000111111100000011100000000000000
0000001110000001111000000111000000011000000000100000110001000111100000011011000100100110001111111100011111100000000000000
0000100000000001000000000010000000001101100000011111110000110000110011000001000110000110000111111000000010000000000000000
0000100000000011000000000100000000011000000000100000000001111111100001000001000011000001000011000100000001110000000000000
0000001000000000110000000001000000000110000000001000000000110000000001101110000011100100000011110000000011000000000000000
0000000100000000011000000000100000000011000000001100000000010000000001111100000011100100000111111000000111000000000000000
0000011000000001100000000011000000001100000000011000000000110000000000100000000001000110000011111000000011100000000000000
0000001000000000100000000001000000000010000000001000000000010000000000111100000001111000000011100000000000000000000000000
0000111000000001010000000100000000001000000000100000000001011111000011110011000111100010000111111100000011000000000000000
0000001100000000010000000001000000000110000000011001100000100101100011110010000111001100001111110000000100000000000000000
0000001100000000101000000001000000000100000000001000000000011100000000111100000001101000000011110000000011000000000000000
0000010000000000100000000001000000000010000000000110000000011100000000111000000001110000000011100000000010000000000000000
0000100000000001000000000110000000001100000000010000000000100011100001101101000011110110000011111000000001000000000000000
0000000011000000011100000001100000000110000000001000000000111000000001111000000010011000001100100000001111000000000000000
0000001100000000110000000011100000001110000000111000110001100111110111011111001111111100001111110000000000000000000000000
0000001100000000110000000011100000000110000000011000000000110100000001111110000011111110000111111100000010000000000000000
0000001000000000100000000011000000000100000000010000000000100001100010001111000100011100001111110000001100000000000000000
0000001100000000111000000001110000001111000000011101100001101111100010111111001111111100001111111000000100000000000000000
0000001000000000110000000001000000000110000000011000000000110011000001111110000011000100000011111000000001000000000000000
0000010000000001110000000111100000001100000000111001100001100111100011011011000111111110001111111000000111000000000000000
0000010000000000100000000011000000000100000000001001100000010111000000111110000001111000000011100000000010000000000000000
0000000010000000001100000000111000000011100000001110000000011111000001111110000111111100001111100000011100000000000000000
0000011000000001100000000010000000001100000000010001100000100111100011010011000011101100000111110000000010000000000000000
0000000110000000011100000001110000000110000000011000000000110011100011001101000101100110001111110000011110000000000000000
0000001100000000010000000001100000000010000000001100000000010000000001111100000011111000000111100000000100000000000000000
0001100000000010000000000100000000001000000000010000000000100011000001001010000011111100000011111000000000000000000000000
0001000000000100000000001000000000010000110000100011110001000100100010001001000110011100000111111000000000000000000000000
0000111100000011000000001100000000011000000000100000000011001111000110110011000111100011001111111100000111100000000000000
0000110000000001100000000011000000000100000000011001000000110111100001111011000011100100000011111000000011000000000000000
0000001000000000100000000010000000000100000000001001000000010110000001101100000001110000000011000000000011000000000000000
0000000100000000010000000001000000000010000000000100000000010000000000101100000001100000000010100000000010000000000000000
0000011100000001100000000010000000001100000000010000000001100111000011011110000011100110000111111000000000000000000000000
0000000011000000011110000001100000000110000000011100000001111110000010001100000100001100001100111000001111100000000000000
0000001000000000100000000011000000001100000000110001111001001110110011111011000111111100000111000000000000000000000000000
0000111000000001100000000110000000001100000000010000000000100111100001111111000011100010000011001000000011100000000000000
0000000100000000011000000001100000000110000000011000000001100011100010001101000110110110000111111000000011000000000000000
0000001100000000110000000001100000000110000000011000000000110000000001111110000001111110000011111000000110000000000000000
0000000100000000011000000001100000000011000000001100000000110111000001111110000110001100001101110000001110000000000000000
0000001000000000010000000000100000000010000000000100000000001100000000110100000001001000000111100000000000000000000000000
0000000110000000011000000001100000000110000000001000000000110111100001010011000111111100001111100000000010000000000000000
0000100000000010000000001100000000011000000000110001110001100100100011001001000010100100000011111000000011000000000000000
0000000100000000011000000000100000000010000000001100000000010110000000111100000001111000000011000000000010000000000000000
0000000111000000011000000001000000000100000000010000000001000000000010001111001000110100001111110000001110000000000000000
0000011000000000110000000011000000000110000000001000000000111111000001111110000011011100000011110000000010000000000000000
0000010000000001000000000110000000001000000000010000000001100111000011111011000011001100000011110000000000000000000000000
0000001100000000110000000001000000000100000000001000000000111110000001110010000011000100000110010000000111000000000000000
0000001000000000110000000001000000000110000000011000000000110000000001001100000011111100000111110000000110000000000000000
0001000000000010000000000100000000001000000000010001010000100100100001001001000001000010000011011000000000000000000000000
0000010000000001100000000011000000000100000000011000000000110000000000101110000001111100000011111000000001000000000000000
0000001000000000110000000001000000000100000000011000000000110000000001001110000010110100000111110000000010000000000000000
0000001100000000110000000001000000001110000000011111100001100011100010000011001111111100001111110000000010000000000000000
0000000011000000001110000000111000000011000000001100000000111111000011111110000110001000001111110000001111000000000000000
0000111000000001100000000110000000001100000000011000000000111111100001111001000011110010000011111000000001100000000000000
0000010000000001100000000010000000001100000000011111100001110001100011000001000110000110000110011000000111100000000000000
0000000110000000011000000001100000000011000000001100000000110000000001101100000111111000000111100000001110000000000000000
0000110000000011100000000110000000011100000000110001110001100111110111011001101111111110001111111100000110000000000000000
0000001000000000110000000011000000001100010000110011111001001100010100010001101000111110011111110000001110000000000000000
0000111000000011000000000100000000011000000000100011100001001101100010110001000111000010000110011000000111100000000000000
0000000000000000011100000000101000000010000000001100000000010110000001110100000010101000000100100000001110000000001000000
0000010000000000100000000011000000000100000000011000000000110110000001111110000011001100000111110000000011000000000000000
0000000000000000000000000010000000011000000000100000011010000100010110000011000111111000000000000000000000000000000000000
0000011000000000110000000010000000000100000000001000000000010000000000101100000001101000000011110000000011000000000000000
0000001000000000100000000000000000000100000000001000000000010000000000110100000001001000000010010000000011000000000000000
0000000010000000001100000000110000000111000000001000000000110010000011001110000111111000000111100000000000000000000000000
0001000000000100000000001000000000110001101101100010001011001000010010010000100100100011000111111000000000000000000000000
0000000110000000011000000001100000000110000000011000000001110111000011011110000111111100001111100000000000000000000000000
0000000100000000010000000001100000000110000000001000000000110111000001011100000110111000000111100000000110000000000000000
0000000110000000111100000011000000000110000000001100000000111110000001100100000110001000001100110000001111100000001100000
0000000000000011000000001100000000010000000001100000000001011111110011100000100011000001000111111110000011110000000000000
0000000110000000001000000000100000000011000000000100000000011110000001111110000011001000000111110000000100000000000000000
0000011000000001100000000100000000010000000001000011110010001100010110010001101111111110000011110000000000000000000000000
0000001000000000110000000011000000001100000000110000000001101111000010111111000111101110001111111000001110000000000000000
0000001000000000110000000001000000000100000000001001000000100111000001010010000010100000000110010000000010000000000000000
0000011000000001110000000011000000001100000000011001000001100111000011011110000011111100000111111000000010000000000000000
0000110000000001100000000110000000001100000000110000000001100011100001001111100011110110000011111100000001000000000000000
0000000100000000010000000001000000000100010000010001110001100100100010010011000101101100000111110000000110000000000000000
0000000011000000001100000000110000000011000000001100000000101100000011001000000110011000001101100000001110000000000000000
0000000100000000010000000001100000000110000000001000000000111110000011000101000100011010001101100100001100000000000000000
0000010000000001100000000011000000000100000000011000000000110011000001001111000011010110000011111000000011000000000000000
0000000100000000011000000001100000000110000000001000000000011111000000110100000011001000000010110000000111000000000100000
0000000000000001100000000100000000010000000001000000011010000001010100000100101000000010001111110000000000000000000000000
0000001000000001110000000010100000001001000000000000000001001111000011100010000011000010000111011000000111100000000000000
0000001100000000110000000001000000000110110000001111100000111101000011110110000111111000001111100000000000000000000000000
0000011000000011110000001100000000010000000001000001110011000111110110010001100111100110000011111000000010000000000000000
0000010000000001000000000010000000000100000000010011100000101000100001100000000010101100000101110000000110000000000000000
0000001000000000010000000001000000000010000000001100000000010111000001111000000011101000000011110000000011000000000000000
0000001100000000110000000011000000000100000000011000000000100000000011111100000111000100000110001100000011110000000000000
0000100000000001000000000010000000000100000000011001000000011111000000110011000001100100000011011000000011100000000000000
0000000011000000001100000000110000000011000000001100000000111100000011111100000110001000000111110000000110000000000000000
0000001000000000100000000010000000000100000000011000000000100011100011001010000110111000000111100000000010000000000000000
0000001000000000100000000011000000000100000000010000000001100011100010001011000011111100000001000000000010000000000000000
0000001100000000010000000001000000000110000000001001000000010010000001100110000001001000000010110000000111000000000000000
0000011000000001100000000011000000000110000000001100000000011011000000111110000001100000000011111000000011110000000000000
0000000010000000011100000001100000000010000000001000000000111110000001110100000011001000000110110000001111000000000000000
0000100000000011000000000110000000001000000000010001100000100100100001001001000001010010000011111000000000000000000000000
0000010000000000100000000010000000000100000000011001100000100011000001001010000010111000000101100000001110000000000000000
0000000000000000011000000001100000000010000000001111110000111111100011111111001111111100001111000000000000000000000000000
0000000000000000111000000011110000001110000000011100000000111110000001100110000011000100000010001000000110110000000111000
0000011000000000110000000011000000000110000000001000000000111111000001111110000011011100000011110000000010000000000000000
0001000000000110000000001000000000010000000000100000100001100101100011011001000011111110000011111000000001100000000000000
0000100000000011000000000100000000001000011000010001010001100100100010001010000100111000001111110000000000000000000000000
0000000011000000011100000001100000000110000000011000000001100000000011111000000011111000000011110000000001100000000000000
0000001000000000110000000011100000000110000000011101000000111111000001111111000111001100001111110000001111000000000000000
0000000110000000011100000001110000000111000000011100000001110111000011111110000111101100001111110000011111000000000000000
0000001000000000110000000001000000000110000000001000000000110000000001111110000011101100000111110000000010000000000000000
0000011000000011100000000110000000011000000001110001100011001111110110011001101111111111001111111000000001000000000000000
0000000011000000001110000001110000000011000000001100000000111100000001111100000111011000001111100000001110000000000000000
0000000011000000001100000001100000000110000000011000000001100000000010001110000100001100001100110000001111000000000000000
0000010000000000100000000010000000000100000000001000000000010000000000101100000001101000000010110000000011000000000000000
0000011000000000100000000010000000000100000000001000000000100001000001001110000010100100000011110000000010000000000000000
0000000100000000001000000000100000000011000000000100000000011000000000101000000011010000000100100000001110000000000000000
0000010000000001100000000010000000001100000000011001100000100111100011011011000111111100001111100000000000000000000000000
0000000111000000011110000001110000000111000000001100000000111110000011101100000111001100000111111000000111000000000000000
0000001100000000111000000011100000000110000000011100000001111111000011111110000111111100000111111000000111100000000000000
0000010000000000110000000011000000000110000000011001000000111111000001110110000011111000000111110000000110000000000000000
0000000100000000010000000001000000000110000000001110000000110010000001100100000011001000000110110000000111000000000000000
0000011100000001100000000010000000001000000000010000000001100011000010011011000111000010000110001000000111110000000000000
0001100000000011000000000100000000001000110000110011110001101101100011110011000111101100000111111000000111000000000000000
0000100000000001000000000110000000001000011000110011111001101100010011011001100110110110001101111000001111100000000000000
0000000100000000001000000000100000000011000000000100000000011110000000100100000011001000000111100000000110000000000000000
0000001000000000100000000001000000000100000000001000100000100111000001011010000010100100000111110000000010000000000000000
0000110000000011000000000100000000010000000000100000000001000000000011011001100011100001000011111110000000110000000000000
0000010000000000100000000001000000000100000000001000000000010000000000101100000001101000000011110000000010000000000000000
0110000100000000010000000010000000000100000000010000000001000001100010001101000100100100000111110000000000000000000000000
0000110000000011000000000110000000001000000000010000000001100011000001001110000011110100000011111000000011100000000000000
0000110000000001100000000010000000000100000000011011100000111101100001100001000010000110000111111000000111000000000000000
0000011000000000110000000011000000000110000000001000000000111111000001111110000011011100000011110000000010000000000000000
0000011000000001100000000010000000000100000000001000000000010011000000101000000001100100000011000000000011000000000000000
0000000000000111100000001100000000110000000001100001110011000111110110001100100110011010000111111000000000000000000000000
0000000001000000001100000000010000000011000000000100000000010000000001100000000011100000000010100000000111000000000000000
0000001000000000110000000001100000000010000000001100000000011111000000110110000011011000000111100000000000000000000000000
0000010000000000100000000011000000000100000000011110000000111110000001100010000011000100000011111000000011000000000000000
0001000000000010000000001100000000010001111000100100010001110000010011000000100110000010001111111000001100000000000000000
0000001100000000011000000001110000000011000000001100000000011111000001111110000011111100000111110000000111000000000000000
0000000011000000001100000000110000000011000000011100000001110000000011000010000110011100001111111000001111000000000000000
0000000110000000011100000001110000000111000000011100000000110111000011111111000111111100000111110000000110000000000000000
0000110000000001000000000110000000001000000000010001100000100111100001010001000011100010000011111000000001000000000000000
0000000110000000011000000001000000000100000000010000000000100011000010011110000101111100000111100000001100000000000000000
0000000010000000011100000001101000000110000000011000000000100110000001111010000011000100000100011000001111100000001100000
0000000110000000011000000001100000000011000000001100000000110110000001111100000011111000000111100000000100000000000000000
0000011100000011111000000100000000011000000000100001100001001111100010111001000111100110001111111000001111000000000000000
0000011000000001100000000110000000001100000000110000000001100111000011011111000111111110001111111000000111000000000000000
0000001000000000010000000001100000000010000000001111000000111111000001100010000010000100000100110000001111000000000000000
0000000010000000011100000001100000000110000000001100000000110000000001110000000010010000000110100000000111000000000000000
0000001100000000111000000001100000000110000000001011000000111111000001111110000011111000000111100000000100000000000000000
0000100000000011000000000100000000001000000000110001000000100111100001001001000011110010000011111000000000100000000000000
0000001100000000010000000001000000000010000000001100000000010000000000100100000001011000000011100000000011000000000000000
0000000000000000001110000001110000000111000000011110000000111111000011100010000010001100000110111000001111100000000000000
0000001000000000010000000000000000000010000000000100000000010010000000100100000001001000000011100000000100000000000000000
0000001000000000010000000001100000000110000000001111100000111001100011100001000110000100001111111000000011100000000000000
0000010000000001000000000010000000001000000000010011100001100111000011010010000011101100000111110000000000000000000000000
0000000110000000010000000001000000000110000000001000000000010000000001100100000011111000000011110000000111000000000000000
0000110000000011100000000110000000001100000000110000000001101111000011111111000011100110000111111100000011100000000000000
0000001100000000110000000011000000001100000000110001110001011111110111110000101111000111001111111100000000000000000000000
0000011000000000100000000001000000000110000000001100000000011110000000100100000001001000000010110000000011000000000000000
0000110000000011000000000110000000001000011000010001110000100010100001001111000010011100000111110000001111100000000000000
0000110000000011100000000110000000011100000000110000000001100001100011000111000111111111000111111100000011100000000000000
0000001100000001110000000110000000001100000000110011111001111101110011100001100111111110000111111000001111100000000000000
0000110000000001100000000011000000001100000000011001000000110111000001111110000011111100000111110000000011000000000000000
0000000100000000010000000000100000000010000000001000000000010011000001001110000010011000000111100000000110000000000000000
0000110000000001100000000011000000000110000000001100000000011111000001111110000011111000000111110000000100000000000000000
0000001000000000100000000010000000001100000000010000100001000011100010001101000110011100000111110000000000000000000000000
0000001000000000100000000010000000001100000000010000100001000011100010001101000110011100000111110000000000000000000000000
0000001000000000100000000010000000000100000000001000000000110000000001100100000010000100000011011000000001000000000000000
0000001110000000110000000001000000000110000000001000000000010000000001111000000001111000000010010000000011000000000000000
0000011100000001110000000011000000001110000000011000000000111111100001111111000011111110000111111000000111000000000000000
0000001100000000110000000011000000001100000000011000000000100011100011011001000111100110000111110000000111000000000000000
0000001000000000110000000001000000000100111000001111110000101000100010011110000100111000001111100000001100000000000000000
0000110000000010000000000100000000011000000000100000000001000011100011001101100011110010000011111000000001000000000000000
0000001100000001111000000111000000011100000000110000000001000011000010011110000111111100001111111000001111100000000000000
0000011000000000100000000001000000000110000000001000000000010011000000111010000001101100000011110000000110000000000000000
0110000000001000000000010000000000100000011001000001111011000010010110000100100110001011000111111100000011100000000000000
0000000100000000011000000001100000000110000000001100000000111110000001111100000010001000000111110000001110000000000000000
