0000111000000011111000001100110000000000100000000001000000000110000111111110001100011110011001100110011110000000000000000
0000111000000001001000000000110000000001000000000110000000011000000000100000000010000010001100011000011111100000000000000
0000001000000111101100010000001100000000001000000000010000011000100010001010000100010100000000110000010011100000001000000
0000000000000000100000000111110000001000110000000000100000111111000011101111001100011011001101100010001110000000000000000
0000000000000000000000011111110000111111110000000001100000000010000000011100000001110000000111111100001111111000000000000
0000000000000001111100000111111100001111011000011000110001111111000110011110001000111110110011001101111100011001110000000
0000110000000011110000000111100000000011000000000110000000011100000011111100000111111100001110011100011000011100000000000
0000001000000111111100011110011000000000100000000011000000001100000000111000000011100000001111111100011111111100000000001
0000000000000001111000000011111000000000110000000001100001000111000011111111000111111111011111100000011100000000000000000
0001110000000111111100001000001000000000010000000001100000000110000000011000000001100000001100000000001111010000000011100
0000001110000111111110001000001100000000110000000011000000001100000000010000000011000010001110111100111111000001000000000
0001110000000011110000001100100000000001000000000110000000001000000001110000000111111000001100011110000000000000000000000
0000001100000001111100000011111000000100110000000001100001110010000110111100001000111111011111000110111000000000000000000
0000000000000000000000001111100000000001000000000110000000111000000011111111100111111110000000000000000000000000000000000
0000000110000000011110000001101100000110110000001011000000001100000000110000000011000000001100100000011111000000010000000
0000100000000011111000000100110000000000110000000001000000000110000000001100000111111111001111110000001000000000000000000
0000000000000011110000000100010000001000100000010011000000000110000000001000000000111000000111111100011100001000100000000
0000001100000000111100000000011000000001100000000010000000001000000000100000000011000000000100001000001111100000001000000
0001100000000011111100000000111000000000110000000111000000111100000011100000001111100000111111110100100001111000000001100
0011111000000000011100000000001000000000011000000000110000100001000011110110001100111000011111110000011100100000000000000
0000000000000000000000000001110000000000100000000001000000000100000011111111101111100000011100000000000000000000000000000
0000011100000001111000000001110000000001100000000011000000011100000001111000000111111110001111111100001100100000000000000
0000000000000001100000000111110000001110100000000000100000000010000000111110000011111100000100100000001110000000001000000
0000000000000000011110000011000100001100001000110000010000011101000001000110000100001000001000100000010110000000110000000
0000000000000000111000001111111000111000110001000001100000000011000001111111100111111111011011000000011000000000000000000
0000000100000001111100000111111000000000110000000011000000011100000001110000000110000000001111110000011111100000011100000
0001110000000011010000000100010000000000100000000001000000000010000001000100000111111001001111111110001100000000000000000
0000000000000000011000000011111000001110110000000001000000000110000011111100000111111111011111111110111000000000000000000
0000010000000000110000000000100000000001000000000010000000000100000000001000000000110000000011000000000111100000000000000
0000000110000001111110000011101100000000011000000000110000001111000111111100011111111100111111001100111000001000000000000
0000000000000000010000000011111000001100110000000011000000001110000001111111001111100110111100000000000000000000000000000
0000000000000000000000000000000000000111100000000011000000111111100011111000101111000000000000000000000000000000000000000
0000111000000011111000000110110000000001100000011011000001111110000010011001100111111111001111111100001100000000000000000
0000001100000001101000000000010000000000100000000001000000000010000000001000000011110000001101100000001101000000000000000
0000000000000001110000000111110000000001100000000011000000011100000011110001101111111111000000111000000000000000000000000
0000000000000001110000000110110000010001100000000110000000010000000001000000000110000000001111111110000000000000000000000
0000001110000000110110000000001000000000010000000001100000000010000000111110000111100000011110000001111000000000000000000
0000111000000000011000000000011000000000110000000001000000000110000011111000000100111000001111010000011100010000000000000
0000100000000111110000001111110000011100110000000001100000000010000000000100000000011000000001100000011111111100010000000
0001100000000011111000000000011000000000010000000001100000000010000000001000000001100000000111000000111111110000100000000
0011111100001100011000000000011000000000110000000001100000000011000000011110000111111111011111110000011110000000000000000
0000001000000001111000000110011000001011110000011100100000000001000000000110000000011000001101100000011111100000010110000
0001100000000001100000000001100000000001100000000001000000000011000000000110000011111100000100110000001111000000000000000
0001110000000011010000000100010000000000100000000001000000000010000001000100000111111001001111111110001100000000000000000
0000011100000001111100000111001000000100110000000001000000000110000001111000000111110000011110111100110000001000000000000
0001110000000011100000000001100000000011000000000111000001111110000011111000000111111000000111111100000000011000000000000
0000011110000001100100000000001000000000010000000001000001111010000000011100000100010100001111000000001100000000000000000
0000000000000011111000000111111000000000011000000000110000000011100011111110001111111110111111000110000000000000000000000
0000000100000001111100000110001000011000110000000001000000000110000000011000000011110000001111111000011100010000100000000
0000001100000000111000000011110000000101000000000010000001111100000111111000101001111111011100011000010000000000000000000
0000001000000011111000000000010000000000100000000001000000000010000000111100000011011000001101110000010110010000010000000
0000000000000000000000000001110000000000100000000001000000000100000011111111101111100000011100000000000000000000000000000
0000000000000011000000011111100000110000110001100000110000000111100000011110000001110000000011000000001111100000001111110
0000100000000011110000000111111000000001111000000001110000000111000001111100000011111000001111111000011100000000010000000
0000001100000000111110000011000100000000011000000001100000000011000001111100000111110000011111100000111001000000000000000
0001100000000111110000000011110000000011100000000111000000001110000000111011000111111110001111111100111111000000000000000
0001111000000110001100001000001000000000011000000000110000000001100001110011001111111100011000110000110011100000000000000
0000001000000001111000001111011000111000010001100001100010000110000000011000000001100000000110000000001111111100001111100
0000111000000010010000000100110000000001000000000010000000001000000000110001000111000100000110011000000011100000000000000
0000000000000011111110001111111100111110001000100000110000000001000000000100001111110000110110000100111100110001001110000
0001110000000111110000000000110000000000100000000001100000000011000001111110000111111110001111111100001111000000000000000
0000000000000011111000000000111000000000010000000001100000000110000000111000000011000000000100000000001000100000011110000
0000011100000001111000000011011000000000010000000000100000000111000001111110000111111110001111100000001110000000000000000
0000011000000001111000000111110000001101100000000011000000000111000001111111101111111110011111100000111100000000000000000
0000000000001111111100011111111100010011111000000011100000001111000000111100000011110010001111111110001111111000011111000
0001100000001111100000011111100000100011100000000011000000000110000010001100000111111000001111111100001111111100000000000
0000011100000001001100000000001000000000010000000001100000111110000011001100000110111100001111000000011000000000000000000
0000000000000000011110000001110100000011001000000000110000000011000011111100001000111000100110010001111000100000000000000
0000110000000000110000000000110000000000100000000001000000000100000011111000001111111111000000000010000000000000000000000
0000010000000011110000000111110000001101100000000111000000001100000001110000000111100000001111111000000001111000000000000
0000000000000011110000001110110000000001100000000011000000001100000000110000000011111111001111111110001000000000000000000
0000000000000111110000001111110000000000110000000001000000000110000000001100000000110000000011111100001111100000110000000
0001100000001100110000010000010000000000100000000000100000000001000001111110000010001100000100011000001001101000001100000
0000011100000011111100000100011000000000110000000001100001111111000111111110001100011111001111100000001110000000000000000
0000000000000111100000011001110000000001100000000001100000000011000000111100000011111110001111111100011110000000000000000
0000011100000001111100000000001000000000110000000001000000000110000000011000000001110000011111111001110000001000000000000
0000000000000100000000011111100000000000110000000001100000000110000000011000000001101110000111110000001000000000000000000
0011111000000100111000000000110000000011000000000110000000011000000001100000000011000000001111111110011111111000000000000
0000000000000001110000000011110000000000110000000001100000000010000001111100000010111100000101100000001110000000010000000
0000000000000000111000000111111000000000010000000001100000001110000001111100001111111100111100011110000000010000000000000
0000010000000000111100000000001100000000001000000000110001110011000111111100001001111000011110001000000000001000000000000
0000000000000001111100000011011000000000011000000000110001111011000111111100001100111000011111011000011000011100000000000
0000000000000011100000001101100000010011000000000110000000111100000011111001100111111111000110011000000000000000000000000
0000011110000000000100000000001000000000010000000000100000000011000111101100001001110000011111110000000000000000000000000
0000001110000000111100000011001100000000010000000001100000000011000011111100001111111000011111110001111100100000000000000
0000010000000011111000000110111000000000110000000000110011111011100111111110001100011100001111111000001110011000000000000
0000111100000001111000000000011000000000110000000001100000111011000011111110000100111000001111111000011111110000000000000
0000111000000011011000000100010000011000110000100000100001111001000110001110001100001100001000111000001111000000000000000
0000000000000000111100000111111100011000111000010011100000001110000000111000000011100000001111111000011111100000111000000
0000000000000111110000001111111000000011110000000111000000011100000001110000000111111110001111111110001100111100000000000
0000011000000001111000000011010000000000110000000001100000000011000000000110000111111000111111110001000011100000000000000
0000000010000000111110000011111100000000001000000000110000000001100111111110011000111100111111011000000000110000000001000
0011100000001111111110010000111100000000111000000011100000001110000000111000000111000000001111111110011111111100011000000
0000000000011000000000111000000000001110000000000111000000000010000000000100000000011000000001111100000011100000000000000
0000000100000000111100000010011000001000100000000001000000000110000000011000000001100000000111111000011000000000000000000
0000000000000000000000011111000000100011000000000011000000000010000000111100000011111110000011111100000000000000000000000
0001000000000011110000000011110000000000100000000001000000000110000000001000000000100000000011000000000111110000001110000
0000000000000000000000011111100000000001110000000001110000011111000001100110000110001000001100100000001110000000000000000
0000010000000111111000000000011000000000100000000011000000001100000000110000000110000111001111110000001000000000000000000
0000111100000000001100000000001000000000010000000001100000000010000111111100001101111011011110011100010000000000000000000
0011100000000101110000000000110000000000100000000011000000000100000000110000000011000000001110000010011111111000000000000
0001100000000111111000000000111000000000110000000111000000011100000001110000000011000000000111111100001111110000001000000
0001111100000000000100000000001000000000010000000001100000000010000011111000001101111000011110011110000000000000000000000
0000000000000001100000000111111100111110111001110001110000001111000000111100001111110000111110111000000001110000000001000
0000111000000011111000000100001000000000010000000000100000000001000000000100000000111100001101100000011110000000011000000
0000000000000000000000001111100000110001100000000000100001111101000100001111001000011011011011000000000000000000000000000
0000011000000001110000000011110000000001100000000011000000011100000001111000000011110000000111111100001100010000000000000
0000000100000000111100000001111100000000011000000001100000000110000011111100001111111000011110111000110000110000000000100
0000011000000111111100001000111000000000110000000001100000000011000000001110000111111000001111110000111111100000000000000
0000001100000000111100000011011000000000100000000001000000000110000000011000000001100000001111100000111011100000000000000
0000001000000001111000000110010000000000100000000011000000000100000000011000000001100000000110001000011111100000001100000
0000000100000000111100000011011000000000100000000011000000001100000000110000000001000000001110010000111111000000000000000
0000111100000011111100000000011000000000110000000001100000000011000011001100001111111000011111111110111000001000000000000
0000000000000000000000000011111110001100001000000000110000000011000001111100001101111100010111000000111000000000000000000
0000001000000011111000001110110000011001100000000011000000001110000001111100000111111100001111011110011100011100000000011
0000111100000011001000001100010000000000100000000001000000001111100001111111101110011011011011100010011110000000000000000
0000001100000001111100000010001100000000001000000000010000100001000010111010001000011100010001101100111110000000000000000
0000000000000000011000000011111000001110011000001000100001111011000110011100011111110000011110111000000000011000000000000
0000011110000001100100000000001000000000110000000001000000000110000000001000001111110000011111111000111000000000000000000
0000001110000000110100000011001000000000010000000000100000000010000000000100000111111000010011001000011100000000000000000
0000110000000111111000001111111000000001110000000011000000001110000000111000000011100000001111111100001111111000001111100
0001111000000111111000000000010000000000110000000001100000000011000000001100000011111100001111100000011110000000010000000
0000001000000000111000000000010000000000100000000011000000000110000000011111000011110000001111000000011100000000000000000
0000011110000111100110001000000100000000001000000000000000000001000000000010001111111100011111111110001100000000000000000
0000011100000001101000000110010000000110100000000001000000011110000001111100000010011000000111111000001110010000000000000
0010000000001111110000000011110000000001110000011111100001111111100011000111000110001110000110111000001111110000000100100
0000000000000011110000001000100000000000100000000010000000000100000000001000000000111110000011000010001110000000000000000
0000111000000001111000000001111000000001110000000011100000000111000001111110001111111100011111111000111111110000000000000
0000010000000001111000000010000000000000000000000001000000000010000000000100000011110000000101110000001110000000001000000
0000010000000001111000000000010000000001100000000011000000001100000000110000000011000000000100000000001111100000000000000
0000000000000011111000011111111000000001100000000011000000001100000000110000000001100000000011000000000111111100000111100
0000000000000000000000000001111000111000001000000000010000000001100000111110000110001000001000100000001100000000000000000
0000011100000011111100001100001000000000100000000011000000000100000000010000000001000000000100000000011001111000000000000
0001111000000111111000000000111000000001100000000111000000011100000001110000000111111110011111111110011000000000000000000
0000000000000001111100011111111000111100110001110011100000000110000000011100000111111111001111111110001010000000000000000
0000111000000111111000001100010000000000110000000001100000000011000001111110001111111000011000111110110001111100000000000
0000000000000111110000001111110000000001100000000010000000001100000000010000000001100000000010000010000111111000001111000
0000011110000001100110000000001000000000010000000001000000001100000000110000000111000000111111000001000011111000000000000
0000011100000001111100000011001100000000011000000000100000000011000001111100001111111000110111011001111000010001000000000
0110000000001111111000011111110000000001100000000011000000001100000000111000000011110000000111111110000111111100000011110
0000011110000001100110000110001100000000011000000000100000000001000011110100001101111110010011100000111100000000000000000
0000000000000000011000000001110000000010100000000001000000000100000000111000000100100000001011100000011001000000000000000
0000000000000000001100000000011000000000110000000011100000001111000000111000000011100000001111000000011100000000000000000
0000011000000011111100000111001100000000001100000000010000000001100111111110011101111100011111111100000000001000000000000
0000000110000000111110000011011100000000111000000001100000000110000001111110001111111110111110001101111000000000000000000
0000000000000111110000011100100000000001000000000110000000001100000000110000000011111000001111111110001000011100000000000
0000001000000011111000001110011000001000110000000011000000001100000000111000000011100000000111111000001111100000001000000
0000000100000000111100000001111100000000110000000011100000000110000111111000001111100000011111110000000000110000000000000
0000000100000000111100000011111000001110010000011001100000000011000000011100000111111110011111111100111100000000000000000
0000000000000111100000011001100000000001000000000010000000000100000001111000000110011001000100111110000110000000000000000
0000001000000000111000000011010000000100100000000011000000000100000000001000000011110000000111000000001111000000000000000
0000011110000001111100000010001000000000110000000011000000001100000000110000000011001110011111111101110000000000000000000
0000000000000001110000000111111000000000011000000000110000000001100000000111001111111100111111000000000000000000000000000
0000011100000011111100001111111000000000110000000011100000000111000001111110000111111000001111110000111111110000100011100
0001111000000111111000001100010000010000100000000001000000000010000001111100000100011000001111111000011110001000000000000
0000111100000011111100000000001000000000011000000001100000000011000111101110011001111100111111111000011011110000000000000
0000000000000000011110000001111100000010011000000000100000000010000001111100001101111000111110001001100000010000000000000
0001100000000111100000001111100000000011000000000111000000001110000001111100000111111110001111001110000000000100000000000
0000110000000000010000000000100000000011000000000100000000001000000000110000000001100000000011000100001101110000000000000
0000110000000001110000000100100000001001100000000001000000000110000000001000000001110000000111100000001100111000000000000
0000011000000000111000000001110000000010100000000011000000000100000000011000000111110000001111110000011000110000000000000
0000000000000000000000000100110000011111100001110011000010001100000000110001100011111111000111000000000000000000000000000
0000001100000000001000000000011000000000010000001101000001100110000110001100001000100110011110000000010000000000000000000
0000000000000000000000011110000000000111100000000000100000000001000000000011100001111100001111100000000000000000000000000
0000001111000000110110000010001100000000010000000001100000000110000011001000011001110000100110111001111000000000000000000
0001100000000111110000000000110000000000100000000001100000000011000000110110000010011000001100010000001001000000001100000
0000000000000001111000000111111000000000110000000001100000000110000001111100000111111000000111110000000001100000000011000
0000000000000000111110000001100100000000011000000000100000000110000001111000001111111000111100001001110000110000000000000
0001110000000011110000000000010000000000100000000001000000000010000000001100000011111000011011011100101000001100000000000
0000000000000000000000000000111000000111110000011101100001111111110111111111101111000000000000000000000000000000000000000
0000000000000001111000000010011000000000010000000001100000011111000011011011001001100011111110000000100000000000000000000
0000000000000001111000000111111000001100110000000001100011100111000111111100001111111010000111111110000000011100000000000
0000001000000000111000000001110000000001100000000010000000001100000001110000000111110000001111111000011000000000000000000
0000001100000001111100000110010000000000100000000010000000000100000000010000000001100000000110011000001111100000000000000
0000011000000011111000001100011000110000110001000011000010000110000000011000000001110000000111111110011100000000100000000
0000000000000011110000000001110000000000100000000001000000000110000000011000000000100000000111111000011101100000000000000
0000000100000000111100000010001100000000011000000000100000111111000011000110000110010000011011000000111100000000000000000
0000111000000001111000000110110000001001100000000011000000001100000000110000000011100110000111111100001111100000000000000
0000000000000000000000001111100000111111000000000010000000001100000000110000000001111110000011111110000000000000000000000
0000000000001111100000011111110000000111110000000011110000000011100001111111001111111111011111111100000000000000000000000
0000001000000000011100000000000100000000001000111000010010011001101000011110010000111000011111100000000000000000000000000
0000000000000000000000000001110000000010100000000000000000001100000011110000101110011100000000000000000000000000000000000
0000000000000011111000001100110000000001100000000110000000011000000001100000000110000000001100111100001111000000000000000
0011000000001111100000000011000000000110000000001100000000011000000001100000000011000001000111111110000111110000000000000
0000001100000000110000000111110000001100110000000001100000000011000000001110000000111000011111100001111111100000000000000
0000000000000110000000000110000000000110000000001100000000011000000000110000100011111111000111000000000000000000000000000
0001110000000110110000001000100000000001000000000110000000001100000000010000000001100000000111111100001110000000000000000
0000000000000001111000000111110000001110110000000001100001111110000111111110001000111110011111001100011000001000000000000
0011110000000011110000000011100000000011000000001110000000011000000011111111100111111111011111111100010000000000000000000
0000010000000000110000000000100000000001100000000011000000000111100000111101000110110000001111000000001100000000000000000
0000000011000000011110000001111100000011110000000000100000000011000111101100001001111000111111111000111101100000000000000
0000000110000000011100000001110000000011100000000011000000000100000011111000001111111100011111110000111000000000000000000
0000111100000011111100000000001100000000001000000000110001111101101111111110011000111100111111111100011000000000000000000
0000110000000111110000001101110000110001100000000011000000000110000000001000000000110000000011011100001111100000001000000
0000000000000011100000000111110000000011100000000011100001111111100111111111101111110011001111000000000000000000000000000
0000000000000000111100000011111000000110110000000011000000000100000000011000000001110000000111110000011001100000110000000
0000000000001111000000001111100000000001100000000001000000000010000000001100000000110000001111111110011000000000000000000
0000000000000000011110000001111100000001011000000000110000000011000011111110011111111100110111000101111000001000000000000
0000000000000000111000000111111000111101100000000011000000000110000000011000000001110000000011011110001111110000011100000
0000000000000001111000000111110000001100100000000001000000000110000000011000000011111000000111111000001100110000000000100
0000011100000001001000000000010000000000100000000001000000111100000001011000000100110000001010010000011000010000000000000
0000001100000000011000000000110000000001100000000010000000001110000000111100000001110000000111000000000100000000000000000
0011100000000111100000000001000000000010000000000100000000001000000000110000000001100000000111111110001111111000000000000
0000000000000001111000001110010000011000110000000001000000000010000000001100000000110000000111100000001101100000010001000
0000000000000111100000000001100000000001000000000001000000000010000001111100000110011001001000111100001110000000000000000
0000000000000000000000000001110000000000100000000001000000000110000011111111101110000000000000000000000000000000000000000
0000000000000000000000011111100000010001100000000011000000001100000000111000000001111111000111111000000000000000000000000
0000000000000011100000000111110000000011100000000011000000000010000000001100000000111000000011110000001111000000011000000
0000000000000111100000000111100000000011000000001110000000111000000011000000000110000100001111111110000000000000000000000
0000110000000010010000000000100000000001000000000010000000010100000001011000000010110000000111010000000000010000000000000
0000110000000011110000000111110000000001100000000011000000000110000000001100000001111000000111110000001111111000001000000
0000001000000000010000000000100000000001000000000010000000000100000001111000000100110000000110000000000000000000000000000
0001110000000011111000000111111000000000110000000001100000000111000001111100000111111000001111111000011111110000000000100
0001110000000010011000000000010000000000010000000000100001100001000111111110001100001111001100011000001111000000000000000
0000000000000000000000001111000000010011000000000110000000001000000000110000000011001100000011111110000000000000000000000
0000011100000001101100000000001000000000010000000001100000001110000001111111000110110010001111000000011000000000000000000
0000001000000001111000000111110000001110110000000001100000000010000001111100000111111110011111101110011100000000000000000
0000000100000000111100000011111000001100100000000001000000000110000000011000000011111000001011111000011100010000100000000
0000000000000000000000011111000000100011000000000010000000001100000000011000000001111000000011111110000000000000000000000
0000000000000011000000011111110000000000110000000001100000111111000011000110000100001110011111110110001100000000000000000
0000111100000001001100000000011000000000100000000011000000001100000000110000000111100000011111110000110001100000000000000
0000000000000000000111000000011110000000001100000000110000010011000011111100001111111000111110010000110000000000000000000
0000111100000011111100000000011000000000110000000001100000000110000000011100001111110000111111111101111000111000000000000
0001111000000000011000000000010000000000100000000001000000000010000000001100000111111000001111111000001100010000000000000
0000000000000001111100000111011000011100110000110001100001000110000000011000000001111110011111111100111000000001000000000
0000011100000111111100001000011000100000110000000011000000001100000000110000000011000000001111100000011111111000000000000
0011110000000111110000001000100000000001100000000011000000000110000000111111000111111111011111000010011100000000000000000
0000000000001111110000000000111000000000010000000000010000000000100000000001000000111110011110011000111111100000000000000
0000011100000011111100000000011000000000110000000011000000001100000000110000000111000000001101100000011111110000110000000
0000011110000001100100000010001100000000010000000000100000001011000011111100000100011100011011001000011100000000000000000
0000001000000000010000000000100000000001000000000010000000011000000001010000000011110000000110010000000000010000000000000
0000000000000111111000010000011000000000010000000000100000000001000110111100001000001100010000111100011011000100000000000
0000011000000011111000000100011000001000010000000000100000011111000001100111000100001000001000110000011111000000001000000
0000010000000011110000001100110000000001100000000011000000000110000000011111000011111111001111000000111100000000110000000
0000000100000000111100000010001100000000011000000000100000111111000011000110000110010000011011000000111100000000000000000
0000011100000001111100000010011000000000110000000001100000000110000001111110000111110100011011000000111100000000000000000
0000000100000000111100000011001000000100011000000000100000000001000011110110001100111000011001110000011111100000010000000
0000010000000011111000011000010000000000100000000011000000000100000000010000000001000000001100000000011111111100000000000
0000000100000000111100000001111000000001110000000011100000101110000111111000001111111110111111111100110000110000000000000
0000000000000000000000000100000000011100000000001100000000001000000000011111100011111111000110000000000000000000000000000
0000000000000001111000000010010000000000100000110001000011111110000100011100001001111111011110000110000000000000000000000
0000000000000011100000001101100000110001100001000011000000000110000000001000000000110000000111110010001101111100000000000
0001111000000011111100000001111000000000111000000001110000000011100011111111001111111100011111110000111111000000000000000
0000001000000111111100000100011000000001110000000011000000001100000000110000000011111110001111100000111100000000000000000
0000111100000011101100000000001000000000010000000001100000000010000111111100001001111000100111011101111000001100000000000
0000000000000111000000011111100000000011000000000010000000001100000000110000000001100000000011111110000000000000000000000
0001100000000011100000000001100000000001100000000001000000000010000001111110000101111000001100110000001111000000000000000
0000110000000111111100001000001000000000010000000000100000000010000000000100000011111100001101100100001110000000000000000
0001110000000010110000000000100000000001100000000011000000000110000000101100000011111000000101100000001110000000000000000
0000010000000011110000000111110000000001100000000011000000000110000000011000000001111110000111111000001111000000001000000
0001100000001111100000000001100000000011000000000010000000001100000001111000001111111111011100000110000000000100000000000
0000000000000000000000000000100000001101000000000010000000001100000000010000101111111100000000000000000000000000000000000
0000000000000000000000000011111100000100001000000000110000000011000011001000001111100000101111111000000000000000000000000
0001100000000100100000000000100000000000100000000001000000000010000000000100000011111000001111001100000000010000000000000
0000111100000111111100011111111000100001100000000011000000011110000001110000000110000000001111111110011111111100011100000
0000111100000011101100000000011000000000100000000001000000000100000000010000000011000000001111111100011110000000000000000
0000000000000011111000001000010000000000100000000001000000000100000000001000000000100000000011000000000100000000001011000
0000011000000011111100001100011000000000011000000000110000111001100011111110001100011100011000110000111111100000011000000
0000001000000000011000000000110000000001000000000010000000011111110011111100000111100000011110000000011000000000000000000
0000111100000001111100000000011000000000110000000011100000000110000000111000001111111000111111111101110000000000000000000
0001110000000111110000001111110000000001100000000011000000000110000011111100000111111100001111111000001000011000000000010
0000000000000011111100011111111000110000110000000001100000000110000000011100000000110000000011111100001111110000111100000
0001111000000111111000000111110000000001100000000111000000011100000001111000000111111110001110111110011000011100000000000
0000011100000000101100000000011000000000110000000001100000000011000011111110001111111100111111000000011000000000000000000
0011100000000011100000000001000000000011000000000110000000001100000000111111000011110011000111000000000110000000000000000
0000000000000000000000000111000000001011000000000010000000111100000011111111101111100111001100000000000000000000000000000
0000000000000011110000000000110000000001100000000010000000000100000000001000000011100000000101100000000100110000000000000
0000111000000011111000000000010000000000110000000001100000001011000011111110000110011100001111100000011110000000000000000
0000110000000000100000000001100000000011000000000010000000000110000000111100000110010000000111100000000011000000000000000
0000000000000111100000000001100000000001000000000110000000001000000001100000000111111111001100000000000000000000000000000
0000001110000000111100000000001000000000010000000000100011111110000110111100011000111100011111001100011000000000000000000
0000111100000011101110000100000100000000011000000111000000011000000001000000000111000000011111111100110000111000000000000
0000000000000011110000011111111000000000110000000001100000000110000000011000000001100000000110000000001111111100000000000
0000000111000000011110000000100100000000001000000000010000000001000001111100001111111000011110011000110000010000000000000
0000000000000111110000011000110000000000100000000001000000000010000000001100000000010000000001000000000100000000001111111
0000001100000000111100000001011000000011010000000000100000000011000110000100001111111000010011110000111100000000000000000
0000001010000000111110000011001100001100011000010011100000001110000001110000000111000010011111101100110011110000000000000
0000000000000001100000001111100000011111100000000011000000000110000011011000000011110000000011111110000000111000000000000
0000000000000000011000001111111000011001100000000011000000001100000000110000000011100000000110011000001111000000011100000
0000000000000111100000001111100000010001000000000011000000000110000000011111100111111111001111000000011100000000000000000
0111000000001111111000000000111000000000011000000000100000000010000000011000000001100000001110000000111111111100000000000
0000011110000001111110000000011000000000110000000011000000001100000000110000000011000000001110001100111111100000111100000
0000000000000011110000001111100000011001100000000011000000000110000000111110000011111110001111100110001110000000000000000
0000011000000001110000000000010000000001100000000010000001101100000011110000000111110000001100111110000000011100000000000
0000000000000000111000000011111000000000110000000011000000001110000000111000000011100000000110000000001111100000011100000
0000000000000000111100000111111000000000100000000011000000001100000000010000000001000000001110111000011111100000000000000
0000000000000000000000001110000000011110000000001100000000010001110001111111000111110000001100000000000000000000000000000
0000000000000001110000000000100000000001000000000010000000000111110011111100001100100000001110000000000000000000000000000
0001111000000011111000000000011000000000011000000000110000110001100111111110001101111000011111110000000000100000000000000
0000000000000111110000001100110000000000100000000001100000000010000111111100001111111000011111111110000000000000000000000
0000111000000001111000000000010000000001100000000011000000011100000000110000000011001110001111110000011110000000000000000
0000000000000000000000111111110001111111110000000001100000000111000000011100000001110000000111111000001111111000000000000
0000011000000001111000000000111000000001110000000011000000111110000011111100001111111100011110011110011000000000000000000
0001110000000011111000000110011000000110010000000000100000000001000000000110001111111100001111111100001110000000000000000
0000000100000000111100000011101100000000011000000000100000000011000001111110001110111110010111100100111100000000100000000
0000000010000000111110000111001000011100110000110011000000001100000001110000000111000000001100000000011111110000000011000
0000000000000000011110000011101100000000011000000001100000011110000110111000011011110000111101100000000001000000000000000
0000100000000111111000011101110000110001100000000011000000001110000001111100000011111110001111111100001110011000001000000
0000000000000011110000000111110000001001100000000011000000001100000000011000000001100000000111100000000111111000000001110
0000000000000000011100000001111100000000001000000000110000010011100111111110011111110000111100000000000000000000000000000
0000011000000001111000000110011000001000110000110001000001111100000011111000000111010000001000110010000000111100000000000
0000100000000111111000000000110000000001100000000011000000001100000000110000000011000000001111111100000111111100000000000
0001110000000000110000000000110000000000100000000001000000000010000011111100000100110000000101111100001110001000000000000
0000000000000000011000000000011000000000110000000001100001111110000110111000001111110000000000110000000000100000000000000
0000001100000000011100000000011000000000110000000011000000111100000011111000000111011000001100010000000000110000000000000
0000010000000111111000011000110000000001100000000010000000001100000000010000000001100001000110011100001111000000011000000
0000000100000001111100001111011000011000100000100001000000110110000001111100000011111110000111101110001110000100001100000
0001000000000111100000001001100000000001000000000011000000000110000000111100000001111000000111111110000110011000000000000
0000010000000011110000001000110000000000100000000001000000001110000000111100000010011000000101011000001100010000000000000
0000000000000011110000001110110000000000110000000001100000000110000000011000000011111111001111000000000000000000000000000
0001111000000110011000001000010000000000110000000001100000000010000001001100000111110000001111100000000000111100000000000
0000000000000000000000000001100000000101000100000110001000011000110011100011001110111000000000000000000000000000000000000
0001110000000000010000000000100000000001000000000010000000001000000000110000000011000000001111100000000001111000000000000
0000110000000111111100001000001000000000010000000000100000000010000000000100000011111100001101100100001110000000000000000
0000011100000001001000000000010000000000100000000001000011111010000100011100001000111000001110011000000000011000000000000
0000000000001111100000011111110000000111110000000011110000000011100001111111001111111111011111111100000000000000000000000
0000011000000001111100000111011000000100110000000001100000000111000011111100001111111100011110001100111000001100100000000
0000000000000011111100001110011000010000110000000011000000001110000000011000000001100000000110000000001111110000111110000
0001100000000111110000000000110000000001100000000011000000000110000000011000000001100000000110000000011111110000000100000
0000001000000000110000000001110000000001111000000011100000001110000001111000000011110000001111100000001110000000000000000
0000011000000000111000000000110000000001100000000011000000001110000011111000000111111000011011110000011100110000000000000
0000111000000011011000000000110000000001000000000010000000011100000001111000000011110000001110010000001000110000000000000
0000001100000001111110001111111100011110011000000000110000000001100011111111001111111110111111111100111111000000000000000
0000001000000001111000000111011000000000100000000011000000000100000000010000000001100000000110000000011111110000011100000
0000000000000011111000001100011100000001110000000111000000011100000001100000000110000111011111111000001110000000000000000
0000011110000001100100000110001000000000100000000001000000000110000011111000001000100000010011100100111101110000000000000
0001111000000010011000000000110000000001100000000010000000001100000000010000000001000000000111111110011111000000000000000
0000010000000011110000000111110000001101100000000111000000001100000001110000000111100000001111111000000001111000000000000
0000000000000000111000000010010000000000100000000001000000000100000000001000000011110000000101100000001110000000001000000
0000000000000111111100001111111100000000110000000011100000001110000000111000000011100000001110001100111111110000111100000
0000001000000001111000000000010000000001100000000100000000011000000000100000000010000000000100000000000111110000000000000
0000000000000011010000000000010000000000100000000001000000000010000000000100000011111110000101100000001110000000000000000
0001000000000111100000011111100000110001100000100001000000000011000000000110000001111110000011111110000110100100000111000
0000000000000011111100000111111000000000110000000011000000011110000001110000001111100000111111101100000001111000000000000
0000001110000000111110000001101100000000011000000001100000111111000011111100000110111000011111010000011100000000000000000
0000001110000000100100000010001000001000010000010000100000110011000011111100000100111000010011110000111100010000000000000
0000000000000000111100000111111100011000111000010011100000001110000000111000000011100000001111111000011111100000111000000
0000110000000000100000000001100000000011000000000010000000000110000000111100000110010000000111100000000011000000000000000
0000001100000000001000000000011000000000010000001101000001100110000110001100001000100110011110000000010000000000000000000
0000001000000001111100000111011100001000011000000001110000000011000001111100000111110000011111110000111101100000000001000
0011110000000111110000000000110000000000100000000001000001111010000111111110000111111110000111111110000000000100000000000
0000000100000001101100000110011000011000110000000001100000000110000000011000000001111000001111111000111000000001000000000
0000001110000000111110000000001100000000011000000000100000000011000010011100001111110000111111111000100000000000000000000
0000000000000001111100000010001000000000011000000001100000000111000000111100001111110000111110110000000000110000000000000
0000000000000000011100000011111000000111110000000011000000000100000001111001100111111110011110000000111000000000000000000
0000011000000111111000001100011000000000110000000001000000000110000000011000000001000000001110000000011111110000001110000
0001111000000011111000000000010000000000110000000001100000000110000011111100000110111000001111111000011100010000000000000
0000010000000011111000000110011000001000110000000011000000011110000000110000000011000000000110001110011111111000000110000
0001100000000111111000001000010000000000010000000000100000000001000000000110001111111100001111111000001110011000000000000
0000011000000011111000001100010000000000100000000001000000000110000000011000000011100000001111111100011001111000000000000
0000000000000000011000000001110000001111110000111000100001000011000000001100001111111000011111111000000000110000000000100
0000111000000011110000000100010000000000100000000001000000000010000001100100000011111000000111111000001111111000000000000
0000111100000011001100000000001100000000001000000000010000000001100111111110010000001110110011100100111100000000000000000
0000011100000011111100000110011000000000110000000001100000000110000000011100000001110000001111110000011111100000000010000
0000100000000011100000000000100000000001000000000010000000000100000000001000000001110000000011100000000011100000000000000
0000000000000111111000001100111000000000110000000001100000111110000011111100001100111111011111101100111100000000000000000
0000011000000011111000000110010000000001100000000011000000000100000000011000000001110000000111111100011000001100100000000
0000001000000011111000001100010000000000100000000001000000000110000000011000000001100000000111111000011111111000010000000
0000001000000001111000000111011000011100110000100001100000000110000000011100000011111000001111111000111100010000100000000
0011110000000011110000000011100000000011000000001110000000011000000011111111100111111111011111111100010000000000000000000
0000000110000000111100000001101000000000010000000000100000000010000000001100001111110000011111111000111000000000000000000
0000000000000111111000011111111000110000010000000000110000000001000000001100000001111000000111111000011111111000000000000
0000000000000000000000000011000000011011100000000001000001110011000110111110000110111111000111000000000000000000000000000
0001110000000011110000000100100000000001100000000011000000011110000011111110000110111110001111100100000110000000000000000
0000011100000011100100001000001000000000110000000001000000000110000000001000000011110000001111111000011100011000000000000
0000000011000000011010000011000000000100001000000000010000000001000111111111001100110000011110000000000000000000000000000
0000000000000000000000000000111100000001111000000001110000000011000000011100011111110000111100000000000000000000000000000
0000000000000000000000000011110000000100110000000001000001111110010111111001101111011110000000011000000000000000000000000
0000001000000000111100000001111000000000110000000001111000011111110111111100011100110000011111000000011100000000000000000
0000111000000110011000000000010000000001100000000010000000001000000000110000000011000000001100001100011111110000000000000
0000000000000000111000000110011000000000110000000001000000000010000000001100000000110000000011000000001111100000110000000
0000001000000011110000000000100000000001000000000010000000001000000000010000000001000000000111111100011000001000100000000
0000011000000011111000001111110000011000110000000001100000000011000011101100001111111100011111111100011110011000000000000
0000000000000001111100000011001000000000010000000000100000111111000011001111001100011001011011000000111000000000000000000
0000111000000001001000000000010000000000100000000001000000110010000011011100000100011110001101100000001110000000000000000
0000001100000011111100001100011000000000100000000011000000000100000000011000000011110000000111110000011100111000000000010
0001111000000111111000000000110000000001000000000110000000011000000001100000000010000001001111111110001111100000000000000
0000000000000111110000001101100000000011000000000110000000011000000000110000000011111111001111111110000000000000000000000
0000000000000000011000001111111000111000100000000011000000001100000000010000000001100000000110011110001111100000000000000
0000000000000001111100001111111000011100111000100111100000011110000001111000000011110000001111110000011100111000100000110
0001000000000111111100000000011000000000100000000111000000011000000001100000000110000000001100000110011111111000011110000
0000000000000000000000000111100000000001100000000010000000001100000001110001100111111110011110000000000000000000000000000
0001111000000011111000000000010000000000100000000011000000001110000000011000000001100000001111111100001111100000000000000
0000110000000011111000001100011000011000010000010000100000000001000000111110000111111100011111101100011110001100000000001
0000111100000011101110000000000100000000001000000000010000000001100000000110000001111000011111111100111100000000000000000
0000000000001111111000010000010000000000100000000001000000000010000001111110000110011111001001100000011110000000000000000
0000000110000000011100000011011000001100110000010011000000011100000001110000000111100000001111110000000001111000000000000
0000001000000001111000000110110000000001000000000010000000001000000000111110000001000000001100000000011000000000000000000
0011110000000111110000000001100000000001100000000011000000001110000011111100000111111100001111111100001100011000000000000
0001000000000111100000001001100000000001000000000011000000000110000000111100000001111000000111111110000110011000000000000
0000010000000011111000000110010000001000110000000000100000000001000001111110000111111000001101111000011111011000001000000
0011100000001001100000000001100000000011000000000110000000001100000000010000000011110001000111110110000000111000000000000
0000000000000111000000000011000000000011000000000010000000000100000000001000000001110000000001100000000000100000000000110
0000000000000000111100000011001000010000010000000001000000000010000001111000001100111000011110011000000000001100000000000
0000000000000111111100000000111000000001110000000111000000011100000001110000000111000000001111000000001111111100000000000
0000000000000111000000000011000000000001000000000010000000000100000111111000000000110000000000110000000000111100000000000
0011110000000000110000000000110000000000100000000001000000000010000001100100000111111000000111110000001100100000000000000
0000100000000011100000000100100000000101000000000110000000001000000000010000000001000000000010000100000111110000000110000
0001111000000011111000000010110000000000110000000001100000000011100111111111011100111100011111111000111111110000000000000
0000011100000000001100000000001100000000011000000001110000000111000000111100001111110000111110010000110000010000000000000
0000000000000000000000000011100000001101100000100001000000000010000001111100000111111111000110000000000000000000000000000
0000111000000011111000000111110000001111110000001111100001111111000111111111001111111111011111111100011111000000000000000
0000000000000001111000000110001100010000001000000000010000011101100111011110001000001110010001100100111100000000000000000
0000110000000011110000001100100000000001100000000011000000000110000000001100000000010000000111110000011100111000000000010
0000000000000000111100000011111000000001100000000110000000001100000000110000000001000000000111110000011110000000010000000
0001100000001111110000000001110000000001100000000111000000001100000000111000000001100000000111000000000111111000000100010
0001000000000011110000000000111100000000011000000001110000000111000001111000001111000000111111111000000000000000000000000
0000010000000111110000001101100000000011000000000110000000011100000001111000000111111000001110111010000000011100000000000
0010000000011111000000000011100000000011000000000011000000000011000001111110000011001110000111011100000111100000000010000
0000110000000011110000000000110000000001100000000001000000100110110011111111000100011000001101100000001110000000000000000
0001110000000000100000000001000000000110000000001000000000110000000001000000000010000000000110000110000111110000000000000
0000010000000001110000000010010000000000110000000001100000000011000001111100000100011000010001111000111110000000000000000
0000111000000000011000000000011000000000010000000000100000000001000000011100000111011000001001000000011100000000000000000
0000000000000000000000000111111000000000110000000001100000001110000000111000001111011110111000001110000000000000000000000
0001110000001111110000000011110000000011100000000111000000011100000001110000000111000000001111111110011111111100000000000
0000011100000000101000000010011000000000110000000001100000000010000001000100001111110000011011111000011100000000000000000
0000000000000001110000000110110000011000100000000001100000111001000111011110001000001100011000011100011111001100000000000
0000011000000000110000000000100000000001000000000010000000000100000001110000000010111110000110000000001100000000000000000
0000100000000011111000000100110000000101100000000011000000001110000000011000000001100000000111111100011111100000000000000
0000000110000000011110000000110100000000001000000000100001110001000111111100001000111000011111010000000000100000000000000
0000000000000001110000001111110000000001100000000110000000011000000011110111001111111111011101000000000000000000000000000
0000111000000011111000000100010000000000110000000000100000000001000000010100000011011000001000111000110111000000011000000
0000110000000011110000000001100000000011000000000100000000001000000000111000000001110010000110111100001100000000000000000
0000011110000001111110000011000100000000001100000000010000011001100111111111001100011100111111111000111100010000000000000
0001110000000010110000000000100000000001100000000011000000000110000000101100000011111000000101100000001110000000000000000
0000111000000010010000000000010000000000100000000001000000000010000001111100000100011000001001111000001100010000000000000
0001100000000011110000000011110000000001100000000011000000001110000001111100000011111100001101111100001111001000000000000
0000110000000011110000001100100000000001100000000011000000000110000000001100000000010000000111110000011100111000000000010
0000010000000011111000000000010000000000100000000001000000000010000000000100000110010000001111100000001111100000000001000
0001110000000000110000000000100000000001000000000010000000000100000000011000000011100000000111100000001001110000000000000
0000011110000111100100000000001100000000110000000001100000000110000001111100001111111000011111111100111100011000000000000
0000000000000001110000000111110000000001100000000011000000011100000011110001101111111111000000111000000000000000000000000
0000001000000000011000000000110000000001000000000010000000000100000000001000000111100000001011100000000000000000000000000
0000000000000001111000000000001000000000010000000000100001111011000100001100010000110110011110000000000000000000000000000
0001110000000100110000000001100000000011000000000110000000011000000000110010000011000100000111111000000011110000000000000
0001100000000100110000010000110000000000100000000001000000000001000000111100000010001100000100010000000101000000000100000
0000000000000111000000011111100000000010000000001100000000011000000000100000000001111111000011111010000000000000000000000
0000111000000000111100000000001100000000001000000000010001100001100111111110001000111000010111110000111000110000000000000
0000000000001111100000010001110000000000100000000001100000000001000000000110000001111100000111111100000110000000000000000
0000000000000000000000001100000000111100000000001100000000001000000000011001100011111110000011000000000000000000000000000
0000000000000000000000001111000000111111100000000011000000000110000000111100000011111110000010000110000000000100000000000
0001111000000000011000000000011000000000010000000001100011111111000100001100001100111100001111011000001000010000000000000
0000000010000000111110000011100100000000011000000001100000000011000011001100001111100000111111000000110011000000000000000
0001100000000001111000000000011000000000010000000000100001100001000111111110001100111000001111110000001100010000000000000
0000011000001111111000011000110000000001100000000110000000001100000000110000000111111010001111111110010000111100000000000
0000011000000000101000000011010000000100110000000001100000010010000001011100000100011000001001100000011101000000000000000
0000000000000000011000000011111000001110110000010011000000001100000011110000001111111011011000111100000000000000000000000
0000011000000001111000000110011000010000110000000001100000000010000000001100000001110000001111111000011100110000000000000
0001110000000011110000000000100000000001000000000110000000011000000001100000000010000000000110000110001111111000000000000
0000110000000011110000001101100001110011000000000110000000001000100000110001100001110011000110111100011100010000000000000
0000000000000000000000000000000000000111111001110000000000000000100001111111101100010000001110000000000000000000000000000
0000001110000000111100000111111100000000110000000001100001100011000111111100001101111000011111111000011100111000000000000
0000000000000000000000001111000000000010000000000100000000001000000000010000000011100000000000011100000000000000000000000
0001111000000000001000000000001000000000011000000000110000000001100000000110001111111100011111100000001100000000000000000
0000000000000001110000000001111100000000001000000000110000000111000000111111001111100000111110000001110000000000000000000
0000011000000000111000000000110000000001100000000111000000111110000001111100000010111100000111000000001100000000000000000
0000000000000000110000000011111100000110001000000000100000000011000000001100000011110000011011100000111001100000000000000
0000011100000001111100000010011000000000010000000001100000000110000000011100000011110000011111111000111001100000000000000
0000100000000011111000000000011000000000100000000011000000001100000000010000000001100000000110000000001111110000000100000
0000000000000011110000000000010000000000110000000011000000001100000000100000000010000000000110000000000111000000000011100
0000000000000000111100000000001000000000100000000011000000001000000001100000000111111110011110000000000000000000000000000
0000110000000011110000000110100000000001100000000011000000000110000011111100000111111100001111111100001110000000000000000
0000011100000001111000000000010000000000100000000011000000001100000000010000000111100000011111111000010000010000000000000
0000000000000000001000000000010000000000110000000111111000111110000011011100000101110000001110000000000000000000000000000
0001100000000111100000000111000000000110000000001100000000110000000001100000000111000001001111111110001111110000000000000
0000000000000000000000000000000000000111000000000010000000111100000011111111100110000010000000000000000000000000000000000
0000011000000000110000000000110000000000110000000011100000011110000001100100000010010000000111100000001110000000000000000
0000000000000000111100000001001000000100110000000001000000001100000000110000000001000000001111110000011100000000100000000
0000000000000001000000001101000000010001000001000011000000111110000011001110000100110110000111000010000000000000000000000
0000000100000001111100000011001000000000110000000011000000000100000000110000001111000000011111001000000011110000000010000
0000011110000000000100000000001100000000011000000000100001111001001100011100010000111000111111011100000000000000000000000
0000000000000000111100000011001000000100110000000011000000000100000000110000000001100000000111111000011011100000000000000
0000011100000001111100000001011000000000110000000011000000000110000000011000001111111100011111111000111000000000000000000
0000001100000001111000000111100000011111100000000011100000000011000000001110000000111000000111111000111111000000100000000
0000000000000111100000001111110000000000110000011000100001111101000010001110001100011100001001111100001110011000000000000
0000000000001110000000000011000000000010000000000010000000000100000000111100000011111111000011000110000000000000000000000
0000000000000111000000000111100000000001100000000010000000001100000001111000100111111111001110000000000000000000000000000
0000000000000011110000000110110000000000100000000011000000111111000001111110000110011110001101100000001111000000000000000
0000000000000111100000001001100000000001000000000010000000001100000001110000000111110000001001111110000000011100000000000
0000000000000011110000001100110000011001100000010011000000000100000000011000000001100000000010011100001111110000001001000
0000000000000001111110000011001100000000011000000001110000000111000000011100001111111000111111110000111000000000000000000
0000111100000000001100000000011000000000010000000001100000000011000111001100011111111000111111111100111000000000000000000
0000001100000001111100000111001000000000110000000001100000000110000000001100000011110000001111111000111100110000100000000
0000000000000011111000001000010000000000100000000001000000000100000000001000000000100000000011000000000100000000001011000
0000010000000000111100000000001100000000001000000000110001110011000111111100001001111000011110001000000000001000000000000
0000110000000000110000000000100000000001100000000001000000000010000000001100000011110000001111110000000000000000000000000
0000000000000010000000001110000000111110000000000110000000001100010000111111100011111111000010000000000000000000000000000
0000111000000111111000011000110000000000110000000011000000000110000000011000000001100000000111000000011111111000011100000
0000011000000001110000000011100000000011000000000110000000001000000000110000000001000000000110111100001111100000000000000
0000000000000111110000001001100000000001100000000110000000001100000000110000000011100011000111111100000110000000000000000
0001110000000111110000001111110000000001100000000011000000000110000011111100000111111100001111111000001000011000000000010
0000000000000111100000001111100000000011000000001110000000011000000001100000000110001111001111111100001111100000000000000
0001110000000001111000000000011000000000010000000000100000000011000000010100000111111100011001001100111100000000000000000
0000011100000001111000000010010000000000100000000011000000000110000011111100001101111000011111111000011000111000000000000
0000000000000001100000000111110000001110100000000000100000000010000000111110000011111100000100100000001110000000001000000
0000111000000111011000000000010000000000100000000011000000001100000000110000000011111111001111110000010000000000000000000
0000000000000111100000000001100000000011000000000110000000001100000000110000000001100000000011000000000010000000000111100
0000000000000100000000011111100000011001100000000010000000001100000000110000000001100111000011111100000001000000000000000
0000000000000000001100000001111100000110011000000000110000000011000001111100001100111100110111001001111000000000000000000
0000001100000000111100000001001000000000010000000001100000000110000000011000000111100000011110000000000111000000000001000
