0000000100000001101100000000011000000001100000000010000000001000000000100000000010000000001111000000110001100000000001100
0000000100000000111100000011001000000100110000000001000000001110000000111000000011000000011111001000110011110001000000000
0000000110000000010010000000000100000000010000000001100000000110000000110000000110000000110011110000000000000000000000000
0000111100000011111000000100110000000001100000000011000000001100000000110000000011101110001111111100011110000000000000000
0000011100000011111000001100010000110000110000100001100000000010000000001100000011111000001111111000001111111000000000000
0000001000000001111100001110001000110000010000000000100000000011000001111100000110111110001000100100011110000000011000000
0000000000000010000000000111100000000111000000000011000000111100000011111111100111101111000000000000000000000000000000000
0000000000000011110000001111110000011001100000000011000000000111100000111111100011111110011111100000111000000000000000000
0000000000000000011100000111111100011100011000000001110000001111000011111100001111111100111110011101110000011000000000000
0000011110000111100110001000000100000000001000000000000000000001000000000010001111111100011111111110001100000000000000000
0000000000000000000000000111000000011011000000000110000000001100000000111000000001111000000011111110000000000000000000000
0000000000000000000000001110000000011110000000011100000001111000000011111111100011111111000000000000000000000000000000000
0000000000000001111100001111011000111000110000000011100000000110000000011000000001100000000110000000011110000000011111110
0000000000000000100000000111111000000000110000000001100000011110000011111100001111101010011000011100000000010000000000000
0001100000000001110000000000110000000000100000000001000000000010000000001100000000010000000001100000001111100000010000000
0000010000000011110000001100100000000001000000000110000000001000000000010000000001111000000110011100001100000000000000000
0000100000000011110000001110100000000000100000000001000000000010000000001000000000110000000111110000011000110000000000100
0000000000001111110000011111111000100111111000000000110000000011000000001110000001110000000011000000001111111000001111110
0000001000000001111100000010001100000000001000011100010001101101100110001110001000011100010000111000011111100000011000000
0000110000000000110000000001110000000111100000011110000001110000000011110010000111111110000011111100000000000000000000000
0000000010000000011100000001001000000000110000000001000000000110000011111000000101110000001110110000000000100000000001000
0000000000000001100000001111100000011111100000000011000000000110000011011000000011110000000011111110000000111000000000000
0000001100000000101000000010000000000000000000000001000000000010000011110100000100110000001001100000001111000000000000000
0000000110000000111100000001101100000001010000000101100000000110000000001000000011110000001111110000111000110000000000000
0011100000001111111110010000111100000000111000000011100000001110000000111000000111000000001111111110011111111100011000000
0000110000000000100000000001100000000011000000000110000000011111000011111111100111110000001111000000001000000000000000000
0000101100000001111000000000000000000000010000000000100000111001000011111110000100111000001111100000011100000000000000000
0001110000000001110000000000110000000001100000000011000000000110000001111100000111111100011111001100111000001100000000000
0000000100000000111100000011111000001100100000000001000000000110000000011000000011111000001011111000011100010000100000000
0000000000000011111110001111111110011000001100000000110000000011100000001110000001111100001111111100111100001001100000000
0011111100000000001000000000001000000000110000000001000000000010000000001000000011111000001111001100011100000000000000000
0000010000000001110000000011100000000001000000000110000000001000000011110000101111110011000000111100000000000000000000000
0000000000000000000000011111000000110011000000000010000000011110000001111111000111110111000111000000000000000000000000000
0000001110000000110110000000001100000000011000000001100000000110000000001000000001100000011111100000111001000000000000000
0000100000000011110000000000110000000000100000000001000000000010000000110100000011111000000110110000000111100000000100000
0000001100000001111100000110011000001100110000000001100000000111000001011110000111111110011111111000111110000000110000000
0000100000000001110000000011111000000001110000000000110011111111100111111110001111111110001100001110000000000100000000000
0000100000000011100000000111100000000001000000000010000000000100000000001000000001111000000111111000000110000000000000000
0000001110000001111100000110001000000000010000000000100000000011000011111100000110111000001111111000001100000000000000000
0000000000000011000000001111111000011101110000000001100000000011000000001100000000110000000011100000001111100000000011000
0000001000000000001000000000010000000000100000000001000000000100000001111000000110111000001011010000000000000000000000000
0000000000000001111000000011111000000000111000000001100000000011000111111100011111111100111100011100000000011000000000000
0000001000000001111000000010010000000000100000000011000000000100000000001000000011110000000101110000001100000000010000000
0001100000000011110000000001110000000000100000000001000001100010000011101100000111110000000011100000000001111000000000100
0000000000000000011110000001111100000110011000000001100000000010000001111100001111111000111110011000111000000000000000000
0000111100000001001000000000010000000001100000000110000000011000000011100011001110001100001111110000000011000000000000000
0000000000000001111000000010010000000100100000000001000000000110000000001000000011111000001011110000011100100000000000000
0000000000000001111110000011111100000000111000000011100000011110000011110000011111000000111111101000000011110000000000000
0000000000000000000000011111100000010001100000000011000000001100000000111000000001111111000111111000000000000000000000000
0001100000000011111000000000011000000000010000000001100000000010000000001000000001100000000111000000111111110000100000000
0000001000000000111000000001110000000001100000000011000000001100000011111000001111100010011111101100000011110000000000000
0001110000000011110000000000110000000000100000000001000000010110000001111000000010110000000111110000000100111000000000000
0000110000000011110000000000110000000001100000000001000000000010000011110110000110111100000100110000001111100000000100000
0000111000000011111000000000110000000000100000000001000000011110000001111100000100111100001111011000011000011000000000000
0000000000000000111100000111111000011101110000000111000000111000000011100000001111111110011111111110000000000000000000000
0000001100000000111100000011001000000000010000000001100000000011000011111111001111111110011111000000111000000000000000000
0001000000001111111000000000011000000000010000000001100000000011000000011100000001110000000110000000011111110000011100000
0000000000000000000000000000111000000111110000011101100001111111110111111111101111000000000000000000000000000000000000000
0000000000000000000000000011110000000000100000000001100000011110000011001111001000110011011110000010000000000000000000000
0000010000000011110000001100110000010000100000000001000000000010000000011110000001111100000110111000000111000000001100000
0000001000000000011000000000010000000000100000000011000000111110000001111100000010111000000111110000001110000000000000000
0000001000000000010000000000100000000001000000000010000000011000000001010000000011110000000110010000000000010000000000000
0000011110000000100110000000001100000000010000000001100000000110000001111000001111111000011100011000000000010000000000000
0000100000000000100000000001100000000001000000000011000000000010000011111100001000011000100001101100000010000000000000000
0000001000000001111000000110010000001100100000000001000000011110000001111000000110111000001111011000001000110000000000000
0000000000000000011100000011111100000110001000000000110000000011000000011100001111111000111111111101100000000000000000000
0000000110000000011110000000011000000000110000000011000000001100000011110000001111111000011111100000110000000000000000000
0000011000000000011000000000110000000000100000000011000000000110000000111111100111110000001110000000000000000000000000000
0001111000000111111000001110110000001000110000000001100000000110000000001100000111111000001111111000011111111100000000000
0000000000000000000000000111000000000010000000000100000000010000000011100000001111111111000000000100000000000000000000000
0000010010000000111110000011000100000000010000000000100000000011000011111100001000111000011111011000111100011000000000000
0000110000000000010000000000100000000001000000000010000000000100000001001000000011110000000011110000000000110000000000000
0000000000000000011100000011101000001100010000000011100000011111000001101110000110110000001001000000011100000000110000000
0000011000000011111000001110110000001001100000000011000000000110000001111100000111111000001111111000011110110000000000100
0000010000000011110000000111100000001101100000000011000000000110000000001100000001111000000111110000001110110000001000100
0000001110000000011110000000001100000000011000000001100000000111001111111100011111110000111101100000000011000000000000000
0000000000000000000000000000111000000001110000000001100001111111000110111111001111100110011100000100000000000000000000000
1111111111111111111111111111111111111111111111111111111111111111111111111111111111111111111111111111111111111111111111111
0000000000000011111100000100001000000000110000000011000000000100000000010000000001000000000100000000011000000000011111100
0000011000000001111000000110000000000000010000000000100000000001000000000100000000001000001111100000010111100000000000000
0000000000000001111000000010110000000001100000000110000000001000000000110000000001000000000110011000001111100000001000000
0000011100000000111110000000001100000000011000000000110000000011000111111110011101111100111111001100111000011000000000000
0001110000001111110000000000110000000001100000000011000000000110000000001100000000110000001111111000001101111100000000001
0000100000000111111000000001110000000000110000000001100000111111000011111110000100011111011001110000011110000000000000000
0000011000000001110000000011100000000001000000000010000000001100000011110001000111000110001111111000000001100000000000000
0000000000000000000000000000000000010000000000011000000000010000000001111111100000000000000000000000000000000000000000000
0000000100000000011100000001011000000111110000000111100000000010000000001100000000010000001111100000111101100000100000000
0000111000001111111000111000011000000000110000000001100000000110000000011100000001111000001111111000111100011000000000000
0000001110000000111100000000001000000000010000000000100000000011000111111110011100111110111111000100111100000000000000000
0011110000001100110000010000110000000000110000000001100000000001000011110010000110111100000110111000000111100000000000000
0000011100000001111100000010010000000101100000000011000000001100000000110000000111100000011111111000100000111000000000000
0001110000000001111000000000110000000011100000001110000000111000000001100000000010000000000111111100000111111000000000000
0000110000000000110000000000110000000001100000000011000000000110000011111100000111111111001110000000011000000000000000000
0000011100000001101100000100001000000000011000000000110000000001100000111110000111011110011011000000111100000000000000000
0000110000000001110000000110100000000001000000000010000000000100000000111000000111111110001110000110001000000000000000000
0000000110000000011100000000001000000000110000000001100000001110000011111111001111111100111110000000000000000000000000000
0000000111000000001110000000001100000000010000000001100000000010000111101100001001111110110111000000111100000000000000000
0000011000000011111000001100110000010000100000000001000000000010000000000100000111111111001101111100011110000000010000000
0000000000000000001110000001110100000011001000000000100000000010000001111100001111111000011110010000110000000000000000000
0000011000000011111000000011111000000000110000000011000000001110000011111000001111111000011101111100000000011100000000000
0000111000000011011000000000010000000000110000000001000000000110000000011000000001100000001111111110111111110000000000000
0001000000000011110000000011110000000000100000000001000000000110000000001000000000100000000011000000000111110000001110000
0000010000000001110000000111100000001001100000000011000000000110000000011000000001100000000111000000011111110000010000000
0000011100000001001100000000001000000000010000000000100000010001000011111100000100011000001011011000011100010000000000000
0000000100000000011100000011100100000100001000000000110000000001000000000100000111111000010011011000111000110000000000000
0000000000000100000000011111100000011001100000000010000000001100000000110000000001100111000011111100000001000000000000000
0000010000000001110000000110010000001000100000010001000000000110000000111100000010111100001101001000001110000000000000000
0000110000000001110000000011110000000001100000000011000000111110000011111100000110111100001111011100000000001000000000000
0000000110000000111110000001001100000000011000000001100000000110000000011000001111110000110111111001111000000000000000000
0000010000000001110000000110100000000001000000000010000000000100000000001000000001111110000111000000011100000000000000000
0000111000000000010000000000110000000000100000000001000000000010000011001000000111110000000111110000000000000000000000000
0000011110000011111110000000000100000000011000000001100000000110000001011000011111100000111101100000110000110000000000000
0000000000000001110000000010100000000001000000000010000000110100000010111001101001111110001100000000000000000000000000000
0010000000000001110000000001100000000010000000001100000000010000000000100000000011000000000110000000000111111000000111000
0000011110000001110110000000000100000000011000000000100000111111000011001100001000011100110001101000111100000000000000000
0000000000000011111000001100110000000001100000000111000000011100000001110000000011000000000111111000001111111000010000000
0000100000000000100000000000100000000001000000000010000000100100000000111000000000111000000000001100000000000000000000000
0000000000000000110010000011100100000000010000000000100000000010000001111000000100100000010111000000110010000000000010000
0001111000000010011000000000011000000000100000000011000000001100000001110000000111110000001111111110011000011000000000000
0000110000000000110000000000100000000001000000000010000000000100000000011000000000100000000011110000001110000000000000000
0000110000000011110000000111110000001101110000000001100000000011100001100011000111111110011000111000011111110000000010100
0000000000000000000000001111100000100000100000000011000000001100000000110000000011111000000000000110000000000000000000000
0001110000000011011000000100011000000000010000000000100001000001000111000110001101111000001011111110000000010000000000000
0000011110000001111100000010001000000000110000000011000000001100000000110000000011001110011111111101110000000000000000000
0000111000000010000000000000010000000000100000000001000000000100000000101000000010100000000111000000000001110000000000000
0000111100000011001000000000001000000000110000000001100000000010000011101100001101110000011111110000000000011100000000000
0000000000000111100000011001100000100000100001000001100010000001000000000010000000001100000001110000000011110000000100011
0000000000000001111111000111000110001100111000000011100000001100000001110000000111000000011111111000111111110000000000000
0000000000000001111000000010001000000100010000000000100000000001000011110100000100111000001000110000011011100000011000000
0011111000000111111000000000110000000001100000000011000000001100000001110000000011101100001111111100011111000000000000000
0000011110000001111110000000011000000000110000000011000000001100000000110000000011000000001110001100111111100000111100000
0000011000000011111000000000110000000001100000000110000000001100000000110000000011111110000111111100001111000000000000000
0000011000000001111000000110010000011000100000000001000000000010000000000100000001011000000111111100001110000000000000000
0000111100000000001000000000010000000001100000000010000000001100000000010000000111111110001111111100000000000000000000000
0000000100000001111100000011111000000000011000000000110000000001000000111110001100111100011111011000011100000001100000000
0000000110000000111110000011011100000000111000000001100000000110000001111110001111111110111110001101111000000000000000000
0000011000000001111000000110010000001101100000001111000000011110000001111100000110111100001111111100001110011000000000000
0000111000000010010000001100100000000001000000000010000000000100000000011000000001110000000110110000001100111000000000000
0000111000000011111000000000111000000000110000000001100000110011000011111100001111111110011111111110111100011000000000000
0000011000000000001000000000110000000111000000011000000001100000000010000000000100000000001111111100000000001000000000000
0000011000000011111000000110011000000000010000000000100000000111000000111110000110111100011111000101111000000001000000000
0000000000000111111100001000011000000000110000000011000000001100000000110000000011000000000110011100011111100000011000000
0000000000000000111100000011111000001110010000000001100000000011000000001100000011110000001111110000011111100000010000000
0000000000000001111100000111001000000000010000000000100000000011000011111100001101111000001110010000000000100000000011000
0000000110000000111110000001001100000000010000000001100000000110000011111100001111111000111110010000110001100000000000000
0000000100000000001000000000010000000000100000000011000000000100000001111000000100111000000110011000000000010000000000000
0001011000001111111100011110111000000000110000000011100000001110000000111000000011100001001111111110011111111000011000000
0000000000000011110110001111111000011111110000011110100000000001000000000110000000011000001111100000011111000001111010000
0001110000000011110000000100100000000001100000000011000000000110000001111100000011111100001111111000001111010000000000000
0000000000000111100000000001100000000001000000000110000000001100000000010000000001100000000011000000000111111000000000110
0110000000001111000000000111100000000011000000001100000000011000000001100000000011000000000111111110000001111000000000000
0000111000000011111000000110010000000000100000000011000000001110000000111000001111111111001111111100000000000000000000000
0001100000000111100000000000100000000001000000000010000000011100000001001100000010110100000111001100000000001000000000000
0000001100000001111100000111001100001100010000000001100000000110000000011000000011100000001111111000111000000000100000000
0001000000001111111000011001110000000000100000000011000000001100000000000000000011000000000111111100011111111000000110000
0001110000000111110000001000010000000000110000000001100000010011000011111110000110011100001111101100001110001000000000000
0000000010000000111110000000001000000000010000000001100001111110001111111100011110011000000000110000000001000000000000000
0000000000000000011000000001110000000010100000000001000000000100000000111000000100100000001011100000011001000000000000000
0001110000000000110000000000100000000001000000000010000000000100000000011000000011100000000111100000001001110000000000000
0000000000000001111000000100010000000001100000000010000000001100000000010000000001000000000110111100001111100000000000000
0000000000000000011000000011110000011001000000000110000000001000000000100110000011111110000110000110011000000000100000000
0000000000000000011100000111111100000110011100000000110000000111000000111100000111111100011111110001111100000000000000000
0000000000000011111000000111111000000000011000000000110000000011100011111110001111111110111111000110000000000000000000000
0000111000000111111000001110110000000000110000000001100000000110000000011100000001110000000111111100011111111000111000000
0000110000000011110000000000110000000001100000000010000000000100000000011000000000111110001111111100111100000000000000000
0000000000000011111100000111111100001001110000010011000000001110000000011000000011100000000111000000001111110000000111100
0000000000000011111100001100001000000000110000000010000000001000000000100000000010000000001100000000011111111100100000000
0001000000000011100000000011100000000001100000000011000000000110000000011000000001100000000111111100001111000000000000000
0000000000000011110000000111111000000001110000000001100000000110000000001100000001110000000111110000001111100000000000000
0000000000000001111100000111101100001100011000000000110000000011100000011110000111111000011111100000111001100000000000000
0000000000000000011110000011111100000000110000000011100000001110000001110000001111000000011111111100100001100000000000000
0000000100000000111100000011111000001100100000000011000000001100000000110000000001100000000111111000011111100000110000000
0000111000000000010000000000110000000001100000000010000000001100000000111000000011111111001110000000011000000000000000000
0000000000000111111000000110000100000000000100000000011000000000100000000010000111111000011111111100111100011000000000000
0000000000000011111000000100110000000000110000000001100000000011000000001100000011111100001101110000011110000000000000000
0000000000000111000000011011000000000010000000000110000000001100000000011000000000111110000001110000000111000000000000000
0000011100000001101000000010010000000001100000000111000000111000000011100000001110011100011111111100001110000000000000000
0000000000000011111100000111111000000000110000000011000000011100000011110000001111000000011111111110111111110000000000000
0001110000000111110000000000110000000000100000000001100000000011000001111110000111111110001111111100001111000000000000000
0000011100000001111100000011111000000111110000000011100000000111000011111110000111111110011111111000011111000000000000000
0000100000000111110000011101100000000001100000000011000000011110000001111100000010111100000111011100001110011000001000000
0000001110000000111100000011001100000000010000000001100000000011000011111100001111111000011111110001111100100000000000000
0000000000000000111000000011110000000100110000000001000000001010000011111110001100010111010001000000111100000000000000000
0000001110000000111100000000001000000000110000000001100000000110000011111100001101111000011110010000111000000000000000000
0000000000000000111000000111011000011000110000000001100000000011110000111111001111110000011111000000111000000000000000000
0000011000000011110000000000110000000000110000000000100000000001000001111010000100011100001001111000011110000000000000000
0000111000000111111100011000011100000000011000000000011000000001100110000011011011101100110001111000111111000000010000000
0011111000001000011000000000010000000000110000000001100000000001000000011110000011111100001101101100011110001000000000000
0000101000000011111100000000011000000001110000000111000000011100000001110000000111011110001111111100111100000000100000000
0000000000000000000000000001100000000010100000000001000011111100000111110000000100011001000000001100000000000000000000000
0011000000000111100000000000100000000001100000000011000000001100000000111000000001100000000011001100000111110000000110000
0001111000000010010000000100010000000001100000000011000000000100000000001000000000110000000111111100001111111000000000000
0000011000000011111000000100011000000000110000000001100000001111000001111110001110111110011111101110011110000000000000000
0000000000000111000000001111000000000001000000000011000000000110000001111111000100110011011111000000001000000000000000000
0000000000000001111100000110001100011000011000110000100000000010000000001000000001100000000110000000011111110000000000010
0000000000000000011100000001111000000111110000001111000000011110000001111100000111111100011110011000111000110000000000000
0000011000000000111000000001111000000000110000000001100000111110000011111100000111111000001110111000011100110000000000000
0000000000000000111100000011111000000000100000000011000000000100000000010000000111100000001111100000111001100000000000100
0000010000000001111000000111110000111000100000100010000000001100000000110000000111100001011111111110000000000000000000000
0000100000000111110000001000100000010001100000000011000000000100000000011000000001100000000110000110001111111000000000000
0000001100000000111100000011001000000000010000000001100000011110000001111100000111111110001110011000011000000000000000000
0000000111000000000010000000000100000000001000000000110001110001000110100100001001110100011111111000110001100000000000000
0000001000000001111000000000010000000000100000000001000000000100000000001000000000100000001111100000011100000000010000000
0000000000000011111000000111110000011100110000110000110000000000100000000001000001000110001111111110110011100000111100000
0000000000000000111000000111100000000111100000000001100000000011000000001110011111111100111111111100000000000000000000000
0000111100000001111000000000110000000011100000001110000000011000000001110000000111111100000111111000000111100000000000000
0000000000000111100000011001110000100001100000000011000000011110000000101110000010110111001111000010011100000000000000000
0000000000001111110000011111110000000001000000000110000000001000110000100111100011111110001111100000111100000000100000000
0000011000000011111000001111111000001100110000000001100000000011000011111110000110111100001011101110011110001100010000001
0000000000000001110000001111110000110000100000000011000000000100000000011000000011100000001111111110001000000000000000000
0000000000000001010000000100100000000001000000000010000000000000000000011000000001110000000110010100001100010000000000000
0000000000000001110000001110110000000000100000000001000000000010000011111100001101111110011110000110010000000000000000000
0000000000000111000000001111000000000011000000000110000000011100000011111110001111111111000000000110000000000000000000000
0000010000000111111000001000010000000000100000000011000000000100000000010000000001100000000110000000001111110000000111000
0001100000000011111000000111111000000011110000001111000000111100000001100000000111000011000111111110001111111000000010000
0000000000000111111000011000010000000000100000000011000000001100000000110000000011000000000110001100000111110000000000000
0000111000000011111100000110001100000000011000000000110001110011000111111111001100011111011000110000011111000000011100000
0000000010000001111110000011111100000001110000000111000000011100000001110000000111011110001111111000011110000000000000000
0000011000000000011000000000110000000000100000000011000000000110000111111000001011111000011100011000000000010000000000000
0000011000000001111000000110110000000001100000000110000000001100000000011000000001100000000011111000000111110000000001000
0000000000000001100000001111110000100000100000000011000000001100000000010000000011000011000111111100000010000000000000000
0000001000000011111100000111111000001100010000010000100000000001000001110110000111111100001100111100011111110000001100000
0000000000000011110000001100110000110000110000000000100000000011000000000100000000010000001111111110011100000000000000000
0000011100000011111100000000011000000000110000000001100000000011000111111100011000111000110111111001111100110000000000000
0000000000000000111100000011001000001100010000001001000000000110000000011000000001100000000110000000011111100000100000000
0000110000000000011000000000010000000000100000000001000000000010000000001000000111110000001110010000000000010000000000000
0000011000000011111000000100011000000000110000000001000000011111000001101101000010010000001101100000011110000000010000000
0001110000000000010000000000010000000000110000001001100000111010000000011100000100110000001111100000001100000000000000000
0000000000000000000000001111100000000001100000000001000000111110000010001111001000110001011110000000000000000000000000000
0000010000000011110000001100100000000001000000000110000000001100000000110000000001000000000111111100001110001100000000000
0001111000000011111000000100011000000000110000000011000000000110000000110000000011000000001100111000011111110000011000000
0000000000000011110000001111110000001001100000000001100001110110000111111110001111111110000000001110000000001100000000000
0011100000001111110000001000110000000000110000000001100000000011000011111110000110011100001100111100001111100000000110000
0000011000000000011000000000010000000001100000000110000000011100000011100000000111000000001111111000000011110000000000000
0011110000000100110000000000100000000001000000000010000000001100000000010000000001000000000011111100000000011000000000000
0000011000000011111000001100011000000000100000000001000000000110000000011000000001100000000110010000011111100000010000000
0000000000000111111000011000111000000000010000000000110000000001000111111110001000111000011111111000011100010000000000010
0000000000000001111100000010001100000000011000000000110001111001000110010110001000111000100111110000111000111000000000000
0000000000000111110000000000110000000000110000000001100000000110000000011000000011111111011100000000100000000000000000000
0000001100000000001100000000001000000000010000000000000000001110000001001100000100100000001010000000011000000000000000000
0000000000000011111000000111110000000000100000000011000000000100000000010000000001000000000111111110011111111000000000000
0000000110000000011100000011111000000110110000000011000000001110000011111000001111111000011110111000111000100000000000000
0000001000000011111100000000111000000001100000000110000000001000000000100000000011000000000111011100001111110000000000000
0001111000000110001000001000001000010000011000000000010000000001100011111010001100011100011000110000001111000000000000000
0000000000000001111000000000010000000001100000000010000000001100000000110000000001000000000110100000001111000000001000000
0000010000000111110000000000110000000001100000000011000000001100000000010000000001000000000110001100001111110000000000000
0000111100000001001000000000010000000001000000000110000000011000000001100000000011000000011111111100000000011100000000000
0001111000000111111000001000110000000000100000000011000000001100000000011000000001100011001110111100111111100000110000000
0001111000000000011000000000010000000000110000000001100000000011000011111110000110111110001111100000011110000000000000000
0000000000000000000000001111000000110011000000000010000000001100000000111111000011110011000011000000000000000000000000000
0000000000000000000000000000000000011111000001111111100000001111110001111101100111000000001100000000000000000000000000000
0000010000000011110000001111110000010000110000000001100000000011000001111100000111111110011111111100011110000000010000000
0000000000000000000000000110000000011010000000001100000001011000000111110011100100111110000000000000000000000000000000000
0000000000000001000000001111110000000000110000000000110000110001100111111110001000111110001110000110000000000000000000000
0000001110000000111100000011001100000110011000000000110000000001000011100110001111111000001111110000011110100000000000000
0000001100000000111000000001010000000000100000000011000000001100000001111000000111111110011110111100111000000000000000000
0000000000000000000000000000111100000011111000000001100000000111000111111111111111110000111110000000000000000000000000000
0000000000000000000000000000000010000000001000011000100001011010000000111000000001100000000010000000000000000000000000000
0000100000000111110000001111110000011100110000000001100000000010000000000100000000011000000001100000011111111100010000000
0000000000000001110000000000010000000000100000000011000000001100000000010000000001100000000011000000000110000000000110000
0000000000000000111110000001011110000000011000000011100000011110000011110000001111111110011111111100111000000000000000000
0000000000000001111000000111111000000100110000000001000000000110000000011100000001111100011111111100011110000000010000000
0000001000000001111000001110011000110000100000000011000000001100000000110000000001000000000100001100011111100000001100000
0000001110000000111100000011011000000000110000000001100000000110000000111000000111111000011110111100111000110000000000000
0000000000000001110000000111110000011100110000110001100000000011000000011110000001111110000111110000001111000000011000000
0000011000000011011000000100001000000000010000000000100001111011000010011100001100111000001110010000000000110000000000000
0001100000000011100000000011100000000011000000000010000000001100000000011000000001111100000111111000001111100000000000000
0000001100000001111100000110001000000000110000000011000000000110000000011000000011100000001111110000111111100001000000000
0000011000000011111000001000011000000000010000000000100000001111000011101110000100011100001001100100010110001000110000000
0000001100000011111100011111111000111001100000000011000000001100000000111000000011100010000111111110011111101000010000000
0000000110000001111110000010000100000000001000000000100000000011000000111100001111111000011011010000111000000000000000000
0000001000000011111000001100010000000000100000000001000000000110000000011000000001100000000111111000011111111000010000000
0000000000000000000000010011111100011100001000000000100000000011000001000100000111110000001011111000011000001100000000000
0000000000000111000000011111100000000001100000000001100000000111100000011011000001100100000010011000000111100000000100000
0001100000000111100000001001000000000011000000000110000000001000000000010000000011111111001111111000011000000000000000000
0000001100000000111000000010110000000001100000000110000000001100000011111100000111101100011110001100011000000000000000000
0000000000000011110000000111110000000001100000000011000000000110000011111110000111111111011110001110000000000000000000000
0000000000000011111100000101111100000000011000000001110000000111000000111000000111000000011100000000111110000001111100000
0000001110000000111110000011000100000000011000000000100000000011000001111100001111111000011110111100110000010000000000000
0000110000000011010000000100100000001001100000000011000000000100000000001000000000110000001111111100011000001000000000000
0000010000000011111000000111110000000001100000000110000000011100000001110000000011000000000110000110001111111000000010000
0000110000000000110000000000110000000000100000000001000000000100000000011000000011000000001100110000001111000000000000000
0001110000000000100000000001000000000110000000001000000000110000000001000000000010000000000110000110000111110000000000000
0000000000000000000000000011000000000001000000000100001000010000010011000001000110001100000011100000000000000000000000000
0000000000000011111000001000011000000000010000000000000000000010000000110100000010011000001000110000011011010000011000000
0000000000000001111000000111111000000000010000000000100000110011000011111100001101111000001111001110011000000000000000000
0000001110000000111100000001011000000000100000000011000000001100000000010000000111000000011110000000111111011000000000000
0000000000000011111100000110011000000000110000000011000000001110000000111000000011100000001111111000011111100000000000000
0000011000000011111000000000010000000000100000000001000000000110000000001000000111111000001011011000011100000000000000000
0000111000000011010000000000110000000001100000000010000000000100000000011000000001100000001111111000011001000000000000000
0000000100000000111100000011101100001110011000000000100000001011000001111100000110111000011111110000111100100000100000000
0000011100000011100100000000001000000000010000000001000000000010000000001100000111110000001001100000011101000000000000000
0000001100000001111100000110001000000000011000000001100000111111000111011110011001111100111110001101110000001000000000000
0000000000000000000000000011000000011111000001111110000000001100000000111010000001111111000011100100000000000000000000000
0001000000000111111000000000011100000000011000000000110000000011000000001100000001110000001110010000011111000000010000000
0001100000000101000000000011000000000110000000001100000000011000000000110000000001100000000011111100000011111000000000000
0000011000000001111000000000111000000001110000000011000000111110000011111100001111111100011110011110011000000000000000000
0000111000000111111100011000011000000000100000000011000000000100000000011000000001100000000111111000011111111000010000000
0000000000000000000000001111000000000011000000000100000000011000000001111000000011111111000000000000000000000000000000000
0000000010000000111110000010001000000000110000000011000000001100000000110000000011001100001111111000111100000001000000000
0000011110000011111010000111000110000000001100000000011000000000100011110011001111111100111111111100111100000000000000000
0000000000000111000000001111000000000110000000000110000000011100000001110011100111111111001111100000000000000000000000000
0000000000000111111000000000111000000000110000000001000000000110000000111000000011100000001111111100011111110000000000000
0000011110000001111110000001000100000000001000000000110000000001100110001110001111111100111111110000111000000000000000000
0000000000000011100000000111100000000001100000000011000000111110000011011011000101100011001110000010000000000000000000000
0000000000000000000000000110000000011111000000100110000000001100000000110000000011111111000000000000000000000000000000000
0000000000000011100000001101100000010001000000000110000000011000000001100000000111111111001111110000000000000000000000000
0000000000001111110000000000110000000000100000000001000000000010000011111110001111110110011110000100000000000100000000001
0000000010000000011110000000111100000001010000000001100000000010000011111100001111111100111110000000110000000000000000000
0000000000000001110000001100110000010000100000001001000001111100000010011000001101111111001110011100000000000000000000000
0000001100000000111100000001001000000000010000000001100000000110000000011000000111100000011110000000000111000000000001000
0000000000000111110000001001110000000001100000000110000000011100000001110000100111011111011111111100000000000000000000000
0000111100000001111100000000011000000000110000000011100000000110000000111000001111111000111111111101110000000000000000000
0000000110000000111010000011000100000000001000000000110000000011000111111100011011111000111100010000000000000000000000000
0000000000000111110000001111100000000011000000001110000000110000000011100000000111110011000111111110000000000000000000000
0000000000000001110000000100110000000000100000000001000000000010000000011111100111111000011001100000011110000000000000000
0000011000000001101000000100010000010001100000000010000000001100000000110000000011000000001101111100011111100000000000000
0000000000000000111100000011101000001100110000010111000000011100000001100001001111111111011111111000100000000000000000000
0000000000000011100000011111110001111000110000000001110000000011000000001110000000011000000111111100011110000000110000000
0000111000000011111000000000110000000001100000000110000000011000000000110000000011000000000111111000001111110000000000000
0000000000000001110000000011110000001110100000011001000000000010000000111100000011111000000111110000001110000000000000000
0000001100000000011000000000111000000001100000000011000001111100000011111000001111111000001100110000000001100000000000000
0000111100000000001100000000001000000000110000000001100000000110000001111000001111111000111110011100000000000000000000000
0000000000000111100000001111110000000000100000000001100000011111000001111111100100010000001001100000011110000000010000000
0000000010000001111110000010001000000000110000000011000000001100000000110000000011000000001111111000111100000000000000000
0000000000000111110000111001110000000001110000000001100000011111000001111110000110001110000110110000001111000000000000000
0000000000000000011110000111101100000000010000000011100000001100000000110000000110000000111111111001110000000000000000000
0000111100000000001100000000011000000000010000000001100000000011000111001100011111111000111111111100111000000000000000000
0000000010000000011110000011100100000100010000000001100000011110000001111000000100111000011010010000111000000000000000000
0000000000000000011000000001111000000000010000000000100001111111000111111110001111110010011110000010000000000100000000000
0000000000000000011100000011111100000010011000000001100000001110000001110000001111111000111001111101000000110000000000000
0000000000000111100000001011100000000001100000000001000000000010000011111111101111111111001111100000000000000000000000000
0001100000000001110000000001110000000001100000000011000000011100000011110001101111111111001111111000000000000000000000000
0000001100000001111100000110001000000000010000000001100000000010000011111100001111111000111110111100000000010000000000000
0000000000011000000000111000000000001110000000000111000000000010000000000100000000011000000001111100000011100000000000000
0000000000001111100000111111100000000111100000000001000000000010000000000110000000001000000000110100000011110000001111000
0001111100000011111100000000111000000001110000000111000000011100000011110000001110000000011111111000011111110000000000000
0001110000000100110000000001100000000001000000000010000000001100000000011000000011111111001110000000011000000000000000000
0000011100000000111100000000001100000000011000000000110000111111101111111110011111111110011110000000000000000000000000000
0000010000000001111100001110001000011000010000000000100000000011000000011110000111111110011001101100111110001000111000000
0000000000000001111100001100001100100000010000000000100000000010000000001100000000110000000011111000011100011001100000000
0011000000001111100000000001100000000001000000000110000000001100000000110000000011000000000111111110000110000000000000000
0000000000000111110000011111110000000000100000000011000000001110000000111000000011100000001111111110011111111000000000000
0000110000000011111000001000010000000000100000000001000000000110000000001000000000100000000111110000001100110000000000100
0000000000000011110000001100110000000000110000000011100000000110000000011100000111111001011111111110111000000000000000000
0000010000000011110000000100110000011000100000000001000000000010000000001100000000111000000111111110001100011000010000000
0001110000000000110000000000010000000000110000000000100000000011000001111100000100111000001001101000011100000000000000000
0000000000000001111000000111111000010000011000000000100000000011000000011100000001100000000100000000011000000000111110000
0000110000000011110000000100100000000011000000000110000000011100000001110000000111001110001111111110001111110000000000000
0000000000000011100000000111110000000001110000000001100000000111000000011100000011110000001111100000000011100000000011000
0000011100000001111100000000001000000000110000000001000000000110000000011000000001110000011111111001110000001000000000000
0000001100000001111100000111011000000000110000000001100000000011000011111100001101111000011011111000111110100000100000000
0000000000000011111100011111111100011000111000000011100000001110000000111000000011100000001111000000011111111000011111110
0000000100000011111000011111110000000001100000000110000000011100000001110000000011111111001111111000111100000000100000000
0000000000000111100000001111110000000000110000000000110011111001101110111111001000011100011111111100001110001000000000000
0000011110000001100100000010001100000000010000000000100000001011000011111100000100011100011011001000011100000000000000000
0000000000000011111000001100011000000000010000000000100000010111000001111111000110001100001100110000011111000000001000000
0011111000001100011000000000010000000000100000000001000000111110000011001110000100011100001111101100001110010000000000000
0000000000000111111100001000011000000000100000000001000000000100000000011000000001100000000110000000011111111100011100000
0000000000000000011000000000011000000000110000000001000001111110000110011110001001100111011110000000000000000000000000000
0000011100000011001000000100010000001000100000000001000000000010000000000100000011110000001111111000011100011000000000000
0000001000000001111000000011011000001100110000010001100000000011000001111110000111111110001111100000011110000000010000000
0000111100000010001100000000001000000000011000000000110000000001000000111110000110111000110011011001111100010000000000000
0000010000000011111000001000011000000000010000000000100000011001000011111110001000001100010000101100011110000000010000000
0001100000000011111000000000110000000001000000000110000000011000000001110000000111111111011110000010000000000000000000000
0000000000000000111100000001101000000000010000000001100000000110000011111100011101111110011110000000111000000000000000000
0000001000000001111100000111011100001000011000000001110000000011000001111100000111110000011111110000111101100000000001000
0001111000000001111000000000110000000001100000000010000000001100000000011000000011111000001110011100111000001000000000000
0000000000011111110000011111111000000000110000000001100000000111000000011100000011111110011111111100111111000000000000000
0000111000000001111100000011111100000000001000000000010000000001100011111111001111111110111111001110011000000000000000000
0001110000000000110000000000110000000000100000000001100000000011000000001100001111111100001111110000001100000000000000000
0011110000000111110000001000100000000001100000000011000000000110000000111111000111111111011111000010011100000000000000000
0000011100000011001000000100010000000001100000000010000000001100000000111100000111101110011110000110111000000100000000000
0000111000000001011000000011010000000010110000000001000000000010000001101000000111110010011110011100011000000000000000000
0000000000001111100000011111100000000001100000000001000000010011000011111110000011111111000111111110000111000000000000000
0001111000000111111000000000010000000001100000000110000000001100000000110000000011000000001111110010000011111100000000000
0000000000000011111100011111111000000000100000000011000000001100000000110000000011111100011111111110100000000000000000000
0000111110000001111100000000111000000011100000001110000000110000000001000000000100000000001111111100011111111000000000000
0000000000000111111000001111111000011000111000000000110000001111100011111111000111111110001111111100001111000000001100000
0000000000000111110000011111110000000001100000000110000000011100000000110000000011100000000111001110000111111000000110000
0001100000000011110000000011110000000001100000001110000000111000010001100111100111111110011111100000010000000000000000000
0000000000000000011100000000001100000000011000000000100000111111000110001111011001110000011100000000000000000000000000000
0000000000000000001100000001110100000111001000001100010000000011000001111110001001100010011110000000000000000000000000000
0011110000000111110000001100110000000000100000000001000000000110000001111100000011111110000111001110001110000000000000000
0001000000000111100000001000100000010001100000000001000000000010000000000100000001101000000010111000000111000000000100000
0000000000001111110000010000110000000000110000000000100001111111000110001110001000001100011000110110011110000000000000000
0000000000000000000000000011100000011001000000100010000000001100000000111100000011111111001100000000000000000000000000000
0000111000000000011000000000010000000000110000000001000000000010000011101000001001110000011011110000011001100000000000000
0001110000000011110000000100100000000001100000000001000000000010000000111100000011111100000100111000001111000000000000000
0000000000000001110000001111110000000001100000000110000000011000000011110111001111111111011101000000000000000000000000000
0001111100000000001100000000001000000000010000000001100000000110000000011000000011100000001111110000011111110000000000000
0000111000000011111100000000001000000000011000000000100000000111000001111110000111111000011001100000011111000000011000000
0000110000000001110000000011100000000011000000000110000000001100000011111001101111111111011111111100010000000000000000000
0000000000000001111000000111010000011000100000000011000000000100000000011000000001111111001111111000011000000000000000000
0001110000000111110000000000110000000011000000001110000000011000000001100000000011000000000111001100000111110000000011000
0000000000000000111100000000000100000000001000000000100001110010001110111000011111011100000000001100000000000000000000000
0000010000000011111000000100110000000000100000000001000000000010000000111100000011111100001111111100011100000000010000000
0000011110000001111100000111111000001100110000000011100000001110000011111100001111111100011111111100111001111000000000000
0000001100000000111100000011011000001100010000000001100000000110000000111000000011100000001110010000011111100000001110000
0000000000000000000000000111000000000111100000000010000000001100000001111111100111111000001100000000000000000000000000000
0000000000001111000000011011100000000001100000000001000000000001000001111110000011111111000011110010000000000000000000000
0000111000000011111000000000010000000000000000000000100000111011000001011100000110011110001101110000001110000000000000000
0000001100000001111100000000000100000000001000000000110000010011000011111100001101111000011110110000000000100000000000000
0110000000001111111000011111110000000001100000000011000000001100000000111000000011110000000111111110000111111100000011110
0000110000000110110000001000100000100001000000000010000000011100000001011000000010010000000111110110000110111000000000000
0000001100000000111100000011111000000000110000000001100000000110000011111100001111111000011111111000011100110000000000000
0111111000001100011000000000110000000001100000000011000000000110000000011000000001100000001111111100001111111100000000000
0000001000000011111000001100011000000000110000000011000000001100000000111000000001100000000110000000011111111100011100000
0000111000000011111000000010110000000001100000000011000000111110000011111100000111111100001111011100000000111000000000000
0000000000000111100000000100100000000001000000000010000000000100000000001000000000100000000011000000000110000000001111100
0000000000000000001110000001110110000011001000000000110000000011000011111100001111111110011110000000111000000000000000000
0011100000000011100000000001000000000011000000000110000000001100000000111111000011110011000111000000000110000000000000000
0000110000000111111000001000110000000000100000000001000000000110000001111100000110111000001011110000011100110000000000100
0000011000000001110000000111100000011011000000000110000000011000000001110011000011100110001111111100010011110000000000000
0000110000000000110000000000100000000001000000000010000000001100000000010000000001100000000110000000000110000000000110000
0000000000000000111100000011111100000000111000000000110000000011000011111110001111111110010111000001111000000000000000000
0000011000000001111100000100011000000000100000000010000000001100000000110000000011100000001100100000010000110000000000110
0000000000000000000000000111100000011001100001000010000000000100000000011000000000100011000011111000000111000000000000000
0000000000000000000000001111110000000000010000000000100000000110000000110000001111100000011101111110000000000000000000000
0000110000000011111000000110011000001000110000000001100000011111100001111111100111011001001111100000011110000000000000000
0000001000000001111000000110010000001000100000000001000000000110000000001000000001110000000111100000000000110000000000100
0000001100000000111100000001011000000011010000000000100000000011000110000100001111111000010011110000111100000000000000000
0000000000000001110000001110110000011001100000000011000000001100000000011000000001100000001111111100011000000100000000000
0000000000000000111000000111011000001100110000001001100000000110000001111000000111100000001111100000000001000000000011000
0000111100000011111100000100001000000000010000000000100000000011000111111110001111111110010001110000110111000000000000000
0000001100000011111100000100011000000001110000000111000000011100000001110000000011000000001111110000011111110000000000000
0000000000000011111000000111111000000000011000000000110000000011100111111111011111111100111111110000000000000000000000000
0011110000001101100000000001100000000001100000000011000000110010000001100100000011111000000111110110000111111000000000000
0000001000000011111100000111001000000000110000000001100000000110000000011000000011111000011111111001111000010001000000000
0000001100000000111100000001001000000000110000000001000000011110000001111100000111101000001110011000011000100000000000000
0000000000000001111100001111111000111000110000000001100000000011000000001110000011111110011111111101111100000001100000000
0000011100000001111100000010001000000000010000000001100000000010000011111100001101110000011111100000010000110000000000000
0011110000000111110000001111110000000001100000000111000000011110000000111000000111111110001111111100001111111000000000000
0000011110000001100110000001101100000000010000000001100000000110000000011000000011100000011111100001110001100000000000000
0000000110000111111111001111001100000000011000000000110000011001000011111110001110111000011111011001111000011001000000000
0000110000000011110000000011110000000001100000000001100000000011000011100110000101111100001000111000011111000000000000000
0000001000000001111000001110011000010000110000000001100000001111000001111110000110011110011001100100011111000000011000000
0011110000000011110000000001100000000011000000000110000000001100000001110000000011111100000111111100000000011000000000000
0000000000000000110000000000110000000001000000011110000001111110000111111111001111100111011100000010000000000000000000000
0000111100000111101000000100010000000000100000000011000000001100000000110000000011000000001111110100011111111000000000000
0000000000000000001110000001111100000100001000000000100000000011000011111100001111110000111100110001100000100000000000000
0000000000000000110000000111110000001000110000000000100000000010000111111100001111111111001100000000000000000000000000000
0010000000000110000000001111000000001110000000000110000000111100100011111111100111111111000111100000000000000000000000000
0000111110000001100100000000000100000000001000000000010000010001100111111010001100011100011111110000011110100000000000000
0000011100000000111100000000001000000000010000000000100000111111000011111100001101111100011111011000111100011000000000000
0001100000000111111000001000010000000000010000000000100000000001000000000110001111111100001111111000001110011000000000000
0000011110000001111100000110001100000000111000000001100000000011000111111101001111110110011111111100000011110000000000000
0000000000000001111000000011011000000000110000000001100000000010000111111100011111111110011111001100000000000000000000000
0001100000001111110000000001110000000001100000000111000000001100000000111000000001100000000111000000000111111000000100010
0000000000000000011000000001110000000010100000000010000000000100000000110000000011110000001100100000000001000000000000000
0000111000000001111100000000011000000000110000000001100000000110000011111100001111110000111111111101110000010000000000000
0000000000000001111100000111111000000000110000000011000000000110000000011000000001100000000110001000001111100000011110000
0000011000000001111000000110010000001000110000000001100000000010000000001100000111100000001111100100000001111000000000100
0001111000000001111100000000011000000000010000000000100000010011000011111100001111111100011111011000011000000000000000000
0000001000000001111000000010010000000101100000000011000000001100000000110000000001000000000111111000001110010000010000000
0000000000000011110000011100110000000001100000000010000000001100000000110000000011000000000111111110001111111000000000000
0000000000000000000000011111110000111111100000000011000000001100000000110000000001100000000011111110000011111000000000000
0000000000000111110000001111100000001001000000000110000000011000000001110000000111111111000111111110000000000000000000000
0000111000000111111000011000010000100000110000000001100000000011000011111110000110011000000111111000000000011000000000010
0000111000000011111000000000011000000000110000000001100000000011000000111100000111111000001111110000011100100000000000000
0000111100000011111000000011011000000000110000000011100000001110000011111110001111101110011111111100010011100000000000000
0000001110000000111100000001101000000000010000000000100000110011000011111100000100111000001011110000011100000000000000000
0000110000000001110000000011100000000001100000000010000000001100000000111000000111111110001110011000011000000000000000000
0000011000000011111100001100011000000000011000000000110000111001100011111110001100011100011000110000111111100000011000000
0000000000000001111100000011001000000000010000000001100000000011000011111101101101111110010111111000111000000000000000000
0011110000000111110000000001110000000001100000000111000000001100000001111000000111111100001111011110011100001100000000000
0001111000000000011000000000010000000001100000000011100000011111100001111000000111110000001111000000011100000000000000000
0000000000000000011100000001111000000010110000000001100000000110000000001000000111111100011011001001111100000000000000000
0000011100000000001100000000001000000000010000011001100001011111000110011100001100011000001111011000000000000000000000000
0000000000000001100000000111100000000001000000000010000000001100010011111001101111111110000000000000000000000000000000000
0000010000000001111000000110110000001110110000000011100000001111000000111111000011011010000101100000001110000000011000000
0000001110000000110110000000001100000000010000000000100000000010000001111100001100111000010110011000111000100000000000000
0001110000000011110000000001110000000001100000000011000000001110000111111000001111111111011111111100011000000000000000000
0000001100000001111110000000000100000000001000000000110000011111000001111110000100011000011011100000111110000000100000000
0000000000000011111100001110011000000000110000000011000000001000000000100000000001000000000110000000000101111000001111000
0000011000000011110000000101100000001111000000001110000000001100000000010000100001100010011111111100111111110000000000000
0001110000000011100000000001100000000011000000000111000001111110000011111000000111111000000111111100000000011000000000000
0000011000000001011000000000010000000000100000000001000000000010000000011100000111111000001001001100011100000000000000000
0000001000000001111000000111011000000000110000000000100000000011000000001110000111111110011111111100111100000001000000000
0000000000000011100000001101100000000001000000000110000000001000000001110000100111111111000100001000000000000000000000000
0000001100000000110100000010001000000100100000001001000000000100000000011000000001111110011110000000111000000000000000000
0011111100000111001100001000010000000001100000000110000000011000000011110000000111111100001111111100000011111000000000000
0000111000000000011000000000011000000000110000000001000000000110000011111000000100111000001111010000011100010000000000000
0000000000000000000000011111100000111001100000000010000000001100000000110000000001100000000011000110000111111000000000000
0000000000000001000000000110000000001111100000000111100000111111000011111110001111111110001000000110000000000000000000000
0000110000000111111000011111110000000001110000000011100000000111000011101100001111111000001111111000001111111000000000110
0000001111000000111110000001000100000000011000000001100000000110000110111000001111110000011111110000100000000000000000000
0000111100000011111100000000011000000000110000000001100000000110000000011100001111110000111111111101111000111000000000000
0000011100000011001000000000010000000000110000000001100001100011000110100100001000111000001001100000011111000000000000000
0011110000000110110000000000110000000000100000000001000000000110000001111100000111111000011111111110110000011000000000000
0000000000001110000000011110000000000110000000000110000000000110000000001100000011111000000111111100000000001100000000000
0000011100000000111100000000001100000000011000000000110000000011000011111100001111111100011111001000111000000000000000000
0011110000000111110000000000100000000011000000001100000000011000000001100000000110000000001111111110000111100000000000000
0000111000000001011000000000010000000000100000000011000000000100000000001000000011110000000111110000000110100000000000000
0000000000000000000000000111110000011110110000000001100000001110000001110000000111111110011100000000000000000000000000000
0000000000000000011000000001110000001111110000111000100001000011000000001100001111111000011111111000000000110000000000100
0000000000000000010000000001010000000100100000000001000000000100000000001000000000100000000011001000001101010000000000000
0000011100000001101100000010001000000000010000000001100000000010000011111000001000110000011010010000011000011000000000000
0000111000000000011000000000110000000001100000000010000000011100000001100000100111111111011110000000000000000000000000000
0000110000000011110000000111100000000011000000000110000000011100000011111100000111111100001110011100011000011100000000000
