0000000000000111111000011100110000000001100000000110000000111111000001100110000000000110000000011000011111110000111110000
0000001000001111111000010000010000000001100000001110000000111111000000000011000111000011001100001100001111110000000000000
0000000000001111000000011111100000111111100000000111000000001110000000011111000000000110000111011100001111111000000111000
0000010000000011010000000100100000000000100000000011000000001111000000110010000000000100000100011000001011000000000000000
0000000000000011000000000111100000000001000000000110000000111100000000111100000000001000000000110000000011000000001100000
0000000000000011110000001101100000110010000000001111100000010011000000000011000000000110000010001100001101110000001111000
0000000110000001111100000000011000000001100000000111000000111111000000000010000000000100000000011001111111100000001000000
0000000000000000001100000111111000000000110000000011000000011100000000001100000000011000000000110000011111000000011100000
0000010000000011010000001000100000000011000000001100000000100111000000000011000000000010000100000100001001110000000000000
0000000000000011111100000111111000000001110000000111000000011100000000111100000000001100000000111000000111100001111100000
0000000100000001111100000011011000001100110000000011000000011110000000000110000000001100011000110000111111000000011000000
0000000000000010111100000111111000000000110000000110000000111000000000001000000000010000000000100000000011000000111100000
0000000000000111111000000001111000000000110000000111000000011100000000001100000000001000001000011000011001100000111110000
0000000000000001111100000111111000000001100000011111000011111111000000000110000000001100000000111001000011100001111110000
0000011000000011111000000000110000000001000000000100000000001000000000001100000000001000000000110000001111000000011000000
0000000000000001111110000011111100000000111000000111100000001111000000000111010000011100111111111000111111000000000000000
0000011000000011111000000000110000000011000000001110000000011110000000000110000000111100000011110000001111000000001000000
0000000000000000111000000011111000000000110000001111000001111110000000000100000000001000000001110001111111000011100000000
0000100000000011110000000000110000000001100000000110000000111000000000111000000000011000000000110000011111000000011000000
0000010000000011111100001100011000000001100000000110000000001100000000001100000000001100000000111001111111100001111000000
0000000000000011110000001111100000010001000000000110000000011100000000111100000000001100000000110000000111000000011100000
0000000000000001110000000111100000001001000000000111000000011111000000100110000000001100000000110000001111000000011100000
0000000000000000011110000011101100011100110000110011000000011110000000110110000000001100000100110000011111000000011000000
0000000000000000111000000111111000001111100000011111000000111011000001000110000000001000000000110000111011000000111100000
0000000000000111100000011001100000000001000000001100000000111110000000000110000000000110000000001100000000110000001111000
0000000000000001110000000010100000000001000000000100000000001110000000000000000000000000000000010000000101000000001100000
0000010000000011110000000001100000000010000000000100000000000100000000001100000000011000001000110000011111000000001100000
0001100000000111100000011000100000000010000000001110000000000111000000000010000000000100000000001000011111110000000100000
0000000000000000111000000111011000001000100000000011000000001100000000011000000000010000000000100000000001000000111100000
0000000000000011111100000111111000000001100000001110000001111100000000001110000000001100001100011000110000110000111111000
0000000000000001110000000100110000000001100000000110000000011000000001111000000000001000000000010000000101100000001100000
0000000000000001111100000010010000000001100000000010000000000100000000001100000000010000000001100000000110000000110000000
0000000000000011100000000001000000000010000000001110000000000010000000000100000000001000000000010000001111000000000000000
0000000000000001111100001111111000000001100000000110000000011110000000000110000000001100001000010000010011100000011100000
0000000000000000111110000001000100000000011000000111100000110001000000000110000000011000001111000000111100000001000000000
0000000000000011111110000111101100000000111000000111100000011100000001111000000000011000000001100000111110000001110000000
0000000000000011110000001111110000001001100000001110000000111100000000111100000000001100000000011000001111100000001110000
0000000000000111110000001101110000000000100000000111000000111000000000111100000000001100000000011000010001100000011110000
0000011110000001101100000000011000000011100000011111100001110001100000000011000111111110011111110000011111000000000000000
0000000000000001110000000001000000000110000000000110000000000010000000000100000000000100001000010000010011000000011000000
0000111000000011111000000000011000000001100000001110000000001110000000000010000000001100000000110001111110000010000000000
0000000000000000111100001111101000000000110000000111000000111111000000000010000000001100000001110001001110000011110000000
0000000000000011000000111111000001000110000000011111000001110111000000000011000000000110000000011100000111110000000000000
0000000000000011100000001111100000000011000000000100000000011100000000111100000000001100000000011000000110100000001111000
0000000000000000000000000011111100000000011000000011000000011110000001100100000000011000100011100001111100000000000000000
0000100000000011110000000000100000000010000000001000000000010000000000110000000000111000000000011000000111100000000000000
0000001000000001111100000110011000001001110000000110000000011000000000011100000000011100000000011000111111100000111000000
0000000000000000011100000011111000001100110000000011000000011110000001111110000010000100000000111000011111100000111000000
0000110000000111111000011100010000010001100000000111000000111111100000100011000000000110010000111000111111100000011000000
0000000000000001111000001110001000011100110000000011000000011110000000000010000000000100000000001000110000110001111111000
0000000000000111111000000000011000000001100000000110000000001110000000000100000000001100000000011000011000100000011110000
0000011000000001111100000000001000000000110000000111000000111100000000001100000100001000001000110000011111000000010000000
0000010000000001110000000000010000000000100000000110000000001100000000001000000000011000000000110000011111000000111100000
0000000000000111110000110000110000000000100000000011000000111111100011111001100010000011000000011100111111110000000000000
0000000000000000111100000111111100001110011000010000110000000111000000011100000000011000011000110000111111100001111100000
0000000000000001000000001111110000000000100000000011000000001100000000110000000000010000000001100000000010000000011000000
0000000000000000001000000001111000000100100000000010000000011100000001001100000000010000000000100000100010000001110000000
0000000000000000111000001111111000000000110000000011000000111110000001000110001000000110110000001100110000110000011110000
0000000000000011110000000110100000000001000000001110000000111110000001100100000000001000000010110000001111000000000100000
0000000000000011110000001100100000000011000000011111000000000011000000000010000000000100000000011000011111100000000100000
0000000000000111110000000000110000000001000000001100000001111110000000000111000000000010000100001100001100110000001111000
0001100000000111110000000000100000000010000000011110000000101111000000000011000000000110000000001100011001110000011110000
0000011000000000011000000000110000000111000000001111000000000011000000000110000110001100001110111000001111100000000000000
0000000000000000111100000111111000000000100000000110000000111110000000000110000000001100000000010000111001100000111100000
0000000000000010000000011111100000000011000000000110000000111000000001111100000000001100000000001100000000011000000011100
0000000000000011000000001110000000001100000000011110000000000011000000000010000000001000000000110000000011000000001100000
0000000000000001000000001111000000011111000000100010000000001100000000011100000000101100000000011000000000110000000011000
0000011000000001111100000000111100000001111000001111100000111111000000000110000000001100011111110001111111000001110000000
0000111000000001111100000011001000000011111000001111100000011111000000000110000100011100011111110000011111000000001000000
0000000000000011111000001111111000000001100000001111000000111111000001100111000000000110001100111000001111110000011110000
0000000000000001111000000000111000000000100000000110000000011000000000001000000000010000000001000000001100000011110000000
0000000000000011110000001111111000000100111000000011100000001110000001111000000111100000000111100000000011000000001110000
0000111100000001101100000000001000000001110000001110000000011110000000000100000000011000010001100000111111000000011000000
0000000000000001110000000111110000000101000000000110000000011111000001110110000011001100000010110000001111000000011100000
0000000000000011110000000000100000000011000000001100000000000100000000000100000000000100000000001000000000100000001111000
0000000000000011111000000000010000000011000000001100000000110000000000111100000000001000000000010000000011000000111000000
0000000000000111111000000000111000000001110000011110000001110000000011111100000000011100000000011000111111110000001100000
0000000000000111110000001000110000000001100000011110000000111111100000000011000000001110000011110000011110000000110000000
0000000000001100000000001111100000000011000000000100000000011000000000111000000000011100000000001100000001110000000111000
0000000000000001111000000011111000000001100000001110000001111110000010000010000000000100000000110000001111000000111000000
0000000000001111000000111111110000000000100000000111000000011111000000000001000000000000000100000100011111110000011111000
0001000000000111110000010000100000000001000000001110000000001110000000000110000000001100000010011000001111100000001100000
0000100000000110110000000001100000000010000000001100000001111110000000000010000000000100000100001000001101100000000100000
0000111000000011111100000000001100000000110000001111000000000110000000000110000000001100110000010000111111100000001100000
0001000000000011110000000000100000000001100000000110000000001100000000001000000000010000000000100000001111000000011000000
0000000000000011111000001111111000110001110000011111000000111110000000001110000000001100000000111000011111110000011110000
0000001000000001111100000011111000000011100000011111000000111111000000000110000000011100001111110000011111000000010000000
0000000000000111111000001111110000000001110000000111000000011110000000001110000000001100000000011000011111110000011111000
0000001100000001111100000011011000000001100000011110000000001100000000001100000000001000011000010000111111100000011100000
0000000000000011111100001111111100000000110000001111000000111110000000000110011000000110011000001100011111110000011111000
0000011000000001111000000001110000000001100000001111000000011110000000001100000000011000001101110000011111000000011100000
0000000000000111111000001000011000000001100000000110000000011100000000000100000000001100000100001000001100100000001110000
0000000000000001111000000111110000000001100000000110000000001000000000010000000000110000000001100000011111000000011000000
0011110000000000110000000000100000000001000000001110000000011110000000000110000000001100011110011000001111100000000000000
0000001100000000111100000000011000000011110000001111000000001011000000000110001100001100011111110000001111000000000000000
0000000000000011111000000111110000000001100000001111000000111100000000111100000000011100000111110000001111100000001100000
0000000000000000110000000111110000000011000000001111000000000011000000000110000100001100000100010000001111100000000110000
0000000000000000000000001111000001111111000000000110000000011111000000011110000000001100000000011000000000110000000111100
0000000000000000110000000111110000000000100000000011000000001100000000010000000000110000000001100000000011000000001100000
0001000000000011100000000001000000000110000000001100000000001100000000000100000000001100000000011000000111100000000100000
0000000000000111000000011111000000100111000000011111100000110001100001000001000000000110000011001100000111110000000111000
0000000000001111110000000001000000001110000000011100000000001110000000000110000000000110001110001100001111110000000010000
0000000000000001111000001111110000011011100000001111000000111111000000000110000000001100000100111000011111100000011110000
0000000000000011110000011100110000000001100000000110000000011111000001100011000000000110000000001000011000110000011111000
0000000000000000011100000001111100000110011000000001100000011110000001111100000000001000110000110000111111000000011000000
0000000000000111111000000011111000000001110000011111000001111100000000011110000000000110000000011000011111110000111110000
0000110000000001111000000000010000000001100000011111000000111011000000000110000000011100000001110000011111000000011000000
0000111000000011111000000000010000000001100000001111000001111110000001000110000000001100110000011000111111100000001100000
0000000000000000110000000000011000000011100000001100000000001100000000001100000000001000000001100000001100000001100000000
0000000000000000111100000011111000000101110000000111000000011110000001110110000000011100001111110000111110000000110000000
0000100000001111111000111111111000000001110000000111000000011111000000000111001000000111011110111100011111111000000110000
0000000000000000000000000011111000000110110000000111000000001110000000000110010000011000011111100000000000000000000000000
0000000000000000000000000111111000001111110000001111100000001110000000001110010000001100111111111000011111100000000000000
0000000000000000111100000011111000000111110000000011000000011110000000111100010000011000111001110000111110000000010000000
0000011000000001111100000000011000000001100000001111000000111110000000000110000000001100001100110000011111000000001000000
0001110000000100010000000000010000000000100000000010000000011000000000001100000000000010000000001100000001100001101100000
0000100000000011110000000111100000000011100000000110000000011100000000111000000001011000000111110000000111100000000000000
0000000000000000000000000011111000001100110000000111000000011100000001111000000000111000000000010000000001100000000110000
0000111000000000010000000000100000000011000000011111000000000011000000000110000000001000011001110000111110000000000000000
0000001110000011111110000000001000000000110000000111000000011110000000000110000000001100111000110001111111000000111000000
0000000000000011100000011001100000000011000000011100000011111100000000000110000000000110000000000100000000001000000111100
0001000000000111110000000000110000000001100000001110000000001110000000000110000000001100000000111000001111100000001100000
0000000000000011110000001100110000000011100000001111000000000011000000000010000000001100000100110000010011000000111000000
0000110000000011111000000000110000000001100000000110000000001100000000001100000000011000001001100000011110000000001000000
0000010000000011111000000000010000000001100000001111000000011010000000000010000000000100001100011000011111100000000100000
0000000000000011000000000111000000000011100000001101000000000011000000000100000000001000000000110000000110000000001000000
0000000000000001100000000001000000000010000000001000000000011000000000001000000000010000000000100000000001000000000010000
0000000000000011110000000000010000000000100000000001000000001100000000010000000000010000000000010000000001000000011100000
0000000000000011111000001100111000000000110000000011000000011100000000111000000000111000000000111000111111110000111000000
0000000000000011111000000000011100000001111000000110000000011000000000010000000000110000000000110001111111000001110000000
0000000000001101110000001111110000000001100000000110000000001100000000001100000010000100000100001000001100110000001111000
0000000000000000000000000001111001100000110000000111000000001101100000000001001000010100011111100000000000000000000000000
0000010000000001111100000000011000000001100000011111000000111010000000001100000000010000000001100000111110000000110000000
0000000000000001100000000011110000000110100000000001000000000010000000001100000000001000000000010000000000100000011110000
0000001100000000011100000000011000000111110000000111000000000010001110000100001110011000011111110000011111000000000000000
0000000000000001111000000110110000001001000000000100000000011000000000010000000000011000000000011000000011100001111100000
0000000000000000000000000011110000000001100000000011000000011100000000111000000000011000000000110000000011000000001100000
0000000000000000010000001111110000111001000000000110000000011111000000110010000000000110000000001000000000110000111110000
0000000000000001111000000111111000001101110000000111000000011110000000111100000000001100000000111000001111100000111100000
0000000000000000000000000001111100001110001000000000110000011110000000111100001000001000111000100000011110000000000000000
0000000000000111110000001111110000000011100000001111000000011110000000000111000000000010001000001100011111110000011110000
0001100000000110110000000000100000000001000000001100000000111100000000000110000000000100000000001000011111100000000000000
0000100000000011110000000011110000000001100000001110000000011110000000111100000000001000000110110000001111100000001100000
0001111000000011111000000000010000000011100000001111100000010001100000000001000110000110011111111000011111100000000000000
0000011100000001111100000001111000000111100000001111000000000011000000000010011000000100111100110000111111100000001000000
0000000000000000011000000011111000000100100000000110000000111110000011100100000000001000000001100000000110000000111000000
0000001000000001111000000100010000000000100000000010000000011110000000100110000100000100001000011000011111100000000000000
0000000000000000111100000000011000000001110000000111000000001100000000001100000000011000100001110000111111000000000000000
0000011100000000011100000000011000000001110000000011000000000100000000011000000000110000011111000000111100000000000000000
0000000000000001111110000010011000000001100000000110000000011000000000001000000000011000000000110001001111000011110000000
0000000000000000011000000001110000000000100000000011000000011110000000111100000000011000000000100000011111000000011000000
0000000000000000011110000111101100001000110000001111100000111111000001110110000000001100011000011000111111100000111110000
0000001000000000111100000000001000000000110000001111000000011100000000000100000000011000010001100000111111000000000000000
0000000000000001111000000010010000000001100000000110000000001100000000000100000000001000000000100000000110000001110000000
0000000000001111110000111111100000000011000000111111000001111111000000000111000000000110000000001100001111111000001111000
0000000000000001111110000111111100001000011000000001100000000110000001111000000000110000010001100000101111000001111000000
0000000000000000110000011110110001100000100001000111000000111111000001110011000000000100000000011000000001100000011100000
0000001000000000111100000010010000000001100000000111000000001010000000000110000000001100000000011001100001100001111100000
0000011000000011101000000000010000000001100000001110000000111111000000000010000000001100000000110000111111000000000000000
0000110000000001110000000000110000000011000000011110000000110110000000000110000000001100000100110000001111000000001000000
0000000000000000000000000111010000010000000000000001000000000100000000111000000000000000000000010000000000100000000010000
0000000010000000111100000000011000000000110000000111000000001100000000001000000110010000001111100000111110000000000000000
0000000000000001110000000010110000000001000000001100000000011100000000001100000000001000000000110000000011000000001000000
0000011100000000101000000000010000000001100000000011000000011101000000100010001000001000010000110000011110000000000000000
0000001100000011111100001110001000000000110000001111100001111111100000000001111000000110110000011000111111100000000000000
0001100000000000100000000001000000000110000000001110000000000010000000000010000000000110000000011000011111100000000000000
0000000000000001111000000000100000000011100000000111100000000011000000000110000000001000010000110000111111000000011000000
0000000000000111000000011111000000010111000000001110000000111110000000000110000000000100000000111100000111110000000110000
0000000000000001000000011111110000110000100000000011000000001100000000110000000000111000000000011000000001100000001110000
0000000000000111110000001111100000000111000000011110000000111110000001001110000000001100000110111000000111100000000110000
0000000000000011111110000111111100000000111000001111100001111111000111000110000000011100000011110000111110000001110000000
0000000000000011110000001100110000000001100000000110000000111100000000001100000000001000000000010000000001100000111110000
0000000000000111110000001111100000000011000000000110000000001110000000001100000000011000000000110000001111000000001110000
0000000000000000111000000011111000000000010000001111000000111110000001110100000000001000010000110000111111000000111100000
0000000000000111000000000001110000000000100000000010000000011100000000111100000000000100000000010000000001100000011110000
0000011100000000111100000000001000000001110000001111000000111110000000000010001000000100011000111000111111100000000000000
0000000000000001111000000000110000000011000000001110000000011100000000001100000000011000001000110000011111000000000000000
0000000000000011111000000100110000000011000000000111000000000010000000000110000000001100000000010000001001100000001110000
0000000000000011111000000011111000000000010000000001000000111110000001000100000000001000000000110000001110000001111000000
0011000000000111110000000000111000000000111000001111100000011111000000000011000000000110000000111000111111100000100100000
0000100000000001110000000000010000000001100000001100000000000100000000001000000000011000000001100000011111000000010000000
0000100000001111111100000000010000000001100000001110000000111011100000000001000000000010000000011100111111100000110000000
0000000000000111100000011011000001000110000000011111000000110111000001000011000000000110000000001100000000110000011111000
0000000100000000111100000011001000000011110000001111100000011111000000000110000111001100001010010000011111100000001000000
0000000000000000111100000111011000000001000000001100000001100000000111111111001000000110000000011000000011000000111100000
0000000000000001111100000100001000000000100000000110000000111000000010011100000000000100000000001000000000110000011110000
0000000000000011110000000000100000000001000000000110000000111100000000000100000000000100000000001000000001100000111100000
0000000000001111111000011111111100000111111000011100000001111110000001111111000000000110011000011100011111111000011111000
0000000000000111100000001001100000000001000000000010000001111100000111100110000000000110000000001100000000110000000111000
0000011000000011111000001110110000000011100000001111000000111111000000000110000000001100011000111000011111100000001100000
0000000000000011110000001111100000000011000000001100000000111110000000110110000000001100000000011000000011100000011100000
0000000000000111111000011100110000000011000000001111100000110001100000000011000000001100000000110000000011000000111100000
0000000000000001111000000110010000000001000000001100000000111110000000000010000000000010010000000100110000011000001111000
0000000000000010000000001111100000000001000000000110000000001100000000011000000000010000000000110000000001100000000110000
0000000000000001110000000001111000000001110000001111000000111000000000110000000000110000011000110000011111000000000000000
0000000000000001111000000001111000000000111000000001100000011110000000011100000000001000100000110001111111000000000000000
0000100000000001111000000000110000000111000000011111000000110011000000000110000000001100000001110000111111000000010000000
0000000000000000000000011111100000000001000000011110000000011110000000000111001000000011001111111100000000000000000000000
0000000000000011111000000100001000000000110000000110000000110000000001100000000001100000000000110000000000110000011111000
0000000000000111110000000000110000000001100000000100000000001100000000000110000000000100000000110000001111000000111000000
0000000000000000000000111110000000000110000000001100000000011110000000000110000000010110000000100100000001111000000000000
0000000000000011111000001100010000000001100000001111000000010011000000000010000000000100000000001000001000100000011110000
0000011000000011111000001110011000000000110000001110000000011100000000000000000000000010001111111100011111100000000000000
0000000000000001100000000001100000000001000000000010000000001100000000110000000000110000000001100000000011000000000100000
0000000000000011100000000000110000000001100000000011000000001100000000011000000000010000000000100000000111000000000000000
0000111000000001011000000000110000000011000000000110000000000010000000000100000000001000001000100000001111000000001000000
0000010000000000011000000000010000000000100000000011000000111100000000001000000000010000000001100000001110000001100000000
0000000000001110000000111111000000000110000000011110000000110111000000000110000000000110000000001000000111110000001111000
0000000000000000000000011111110000110001100000000011000000001100000000001100000000001100000000011000000000110000000011000
0000000000000001100000000111110000001000100000000011000000001100000000001100000000001000000000010000000000100000011111000
0000011000000111110000001001100000000011000000001111000000111011000000000110000000001100000010011000001111100000000000000
0000000000000001111100000011111000000001110000000111000000111111000001100110000000001100010001110000111110000001110000000
0000000000000001110000000100100000001011000000001100000000011110000000000010000000000100000000010000000111000000001100000
0000000100000000111110000001101100000000010000001111100000111101000000000010001000001100011011110000111111000000110000000
0000110000000001111100000010001000000000100000000110000000011000000000100000000001100000000001110000011011000000111000000
0000000000000011110000000000100000000001000000001111000000111110000000000100000000001000000000010000001111100000011110000
0000000000000000010000000011100000001101000000011011000000101111000010110110000000001100000000010000000001000000000100000
0000000000000000111100000011101100000000110000000111000000111110000001000010000000001000000000110000110110000000111000000
0000000000000011110000001111110000000001100000000111000000001111000000000011000000000110001000001000110001110000111110000
0000000000000001110000000000100000000011000000011110000000010010000000000010000000000100000100011000001111100000000000000
0000000000001111111000000000011000000001110000001110000000011000000000011100000000001100000000001000000011110001111110000
0001000000000111111000000001111000000000110000011111100000011110000000000110001000001100011000111000011111100000001100000
0000110000000000110000000001000000000110000000001100000000000110000000000100000000001100001001110000001111000000000000000
0000000000000001111000000110011000000000100000000011000000011110000000000100000000001100001000011000011000100000011110000
0000000000000000000000011111111000010011100000001100000000111100000000011100000000001100000000011000000000100000000111000
0000000000000011110000001000100000000001000000000110000000011110000000000110000000000100000000001000011001100000011110000
0000000100000000111000000001111000000000010000000001000000011110000001110100000000001000001000110000011111000000011100000
0000110000001110110000000000100000000011000000011000000001111000000000000110000000000010000010000110000011111000000001000
0000000000000111000000010001000000000100000000001000000000110111000000000011000000000010000000000100001000010000001111000
0000111000000011111000000000110000000011100000011100000000111000000000111100000000011100011000111000011111100000001100000
0000000000000011111000111111111000000000110000000111000000011100000000011110000000000110001000001000010000110000111111000
0000000000000000111000000011010000001000100000000011000000011110000000100100000000001000001000010000001111100000001100000
0000000000000011111100001100001000000000110000000110000000011100000000001100000000001000000000010000110011000000111100000
0000000000000000000000011111100000000011000000011110000000010011000000000011000000000010000000000100111001011000000000000
0000001000000000111100000011111000001111110000000011100000001110000000011100000000011100011100110000011111100000011110000
0000000000000111110000001111110000000001100000000111000000011100000000111100000000011100000001110000001111100000011100000
0000000000000111111000011111111000000001110000011111100000111111100000000011000010000110001100011100011111110000111111000
0000000000000111100000001100100000000001000000000010000000111100000000000110000000000100000000001000011000010000000111000
0000000100000001111100000000011000000001100000000110000000001110000010010110000100001000011000110000011111000000010000000
0000000000000000111100000011101100000000110000000011100000011100000000111100000000011000010000110000111111000000111100000
0000011100000000001100000000110000001111000000011100000000001100000000001100000000011000001111100000111110000000000000000
0000001000000001111000000110010000000011000000011110000000000100000000000100000000001000010000010000011111100000000000000
0000100000000010100000001001000000000010000000001110000000000010000000000100000000000000000100010000001101100000000100000
0000110000000111111000000100110000000011000000011110000001111110000000000110000010000110001110011100001111110000000010000
0000000000000001100000000000110000000000110000000110000000001000000000001000000000011000000001100000011100000001000000000
0000001110000000111110000001101100000001110000000111100000001101100110000011011110001100011111110000111111000000000000000
0000000000000111111100011111111000000001110000000111000011111100000111111110000000001100000000001100010111111000111111000
0000000000000000000000001111110000111011110000000011000000001110000001111110000001001100000000111000000111100000001110000
0000000000000111110000000001110000000011000000001100000000001000000000001100000000001100000000001000001100110000001111000
0000000000000001111000000111110000001000100000000011000000011100000000111100000000011000000000110000001111000000001100000
0000000000000000111100000110000100011000011000001111000000000100000000000100000000001000010000010000100001100000111110000
0000000000000000000000000001100000000000011000000000110000011110000000001000000000010000000001100001111100000000000000000
0000000000000001111100000111111000000001110000001110000001111111000011000110000000001100000000111000000111100000111100000
0000000000000111000000011111000000100110000000011110000000111111000000000011000000000010000000001100000111111000001111000
0000000000000001100000000001100000000110000000001100000000001110000000000110000000001100000000110000001111000000001000000
0000000000000011111110001111000000011100001100000000110000111111000011111110000110000100000000011000000111110000011100000
0011000000001011100000000001000000000010000000001110000000000110000000000110000000000100000100001000001111110000000011000
0000001000000001111000000000011000000001100000001111000000001110000000000100000000001100001100110000011111100000001100000
0000000000000000011110000011111100000110010000000001100000011110000000111100010000011000110000110000111111000000100000000
0000010000000111111100001000011000000111100000011110000000000011000000000000000000000010000000011100111111110000000000000
0000000000001111111000011110111000000000010000000111100000011111000000000001000100000010011000001100011000110000011111000
0000000000000000111100001111111001111100110011000111100000011110000000011110000000000100001000011000011111110000011111000
0000000000000011100000000001100000000001100000000011000000011100000001111100000000011000000001100000001110000000010000000
0000001000000000111000000000010000000001100000000111000000011010000000000100000000011000000001100000111110000000110000000
0000000000000011111000000111111000000001110000001111000000111111000000100110000000001100011100110000111111000000011100000
0000010000000001110000000001100000000111000000000011000000000010000000000100000000011000001000100000011111000000001000000
0000110000000010010000000000100000000010000000001110000000110110000000000100000000001000000000010000011011000000001000000
0000001100000001111100000010001000000000110000000011000000111100000000001100000100001000010000110000111111000000000000000
0000000000000011000000000111110000000011100000000111000000011110000000000100000000001000000000010000001111100000011100000
0000000000000011110000001111100000000011000000001100000000011100000000001100000000001000000000010000000011100000111100000
0000011100000000111100000000110000000011100000000111000000000110000000001100000000111000011111100000111100000000000000000
0000000000000000000000000111111100111111111001000111100000111110000001111100000000001100000000111000101111100001111100000
0000000000000011000000001111000000001111000000000110000000011100000001111100000000011000000000011000000011100000001110000
0000000000000011110000001110110000010000100000001111000000011111000000000010000000000100000000011000011111100000011110000
0000000000000111111000011111110000000011000000001110000000011111000000000011000000000010000100001100001111111000011111000
0000100000000001100000000000001000000001100000001110000000011000000000000000000000011000000001100000001110000000000000000
0000000000000011110000001000100000000001000000000001000000000010000000000100000000011000000001100000000110000000110000000
0000000000000000010000000111110000001111100000011011000000000110000000001100000000001000000000110000000111100000001110000
0000000000000001100000000111110000000001100000000110000000011000000000111000000000011000000000100000000011000000001000000
0000000000000000111000000011011000000001100000001110000000011100000000001110000000000110111111111001000000000000000000000
0000000000000000000000000111110000000011100000011111110001000001100000000011010000011100100011110001111110000000000000000
0000001100000000011100000000011000000001100000000010000000000100000000001000000000010000000011100000111100000000100000000
0011100000001111110000000000100000000011000000011110000000111111000000000011000010000010000100001100001111111000000111000
0000000000000001111000000000110000000001000000001110000000010110000000000100000000001000001000110000011111000000001000000
0000000000000111111000000000110000000011000000011110000001110111000000000010000000000100000000011000010011100000111100000
0000000000000001111000000010011000000000100000001111000000111110000011100110000000001100001000010000011111100000111000000
0000000000001111110000000000110000000001100000001111000001111111000000000010000000000110001000111000011111100000000000000
0001100000000011111000000000010000000011100000011110000000011110000000000011000000000010001000001100011111110000001000000
0000000000000011111100001111111100000000110000000111000000111110000001111111010000000110011000011100111111110000011110000
0001000000000111100000000001100000000011000000011110000000011110000000000110000000000100000000011000001111100000000100000
0000000000000111100000001111110000000000100000000111000000001000000000011000000000011000000000010000000001100000111110000
0000000000000001110000000000110000000001000000000010000000011000000000011000000000011000000000110000000011000000001100000
0000000000001111111000011111110000000001000000000110000000011110000001100100000000000100000000001000001111110000011111100
0000000000000011111000001111111000000000110000000011000000011110000000110100000000001000000000110000011111000000001100000
0000001000000011111100001110011000000000110000000001000000111110000000111111000000000110010000011000011111100000011000000
0000000000000001110000000010110000000001100000000010000000011100000001101100000000001000000000010000000001100000011100000
0000000000001111111000000011111000000000111000001111100000011110000000001100000000001100000000111001111111100000000000000
0000000100000000111100000011101100000110110000000011100000011110000000111100000000011000111001100001111110000001100000000
0000000000000111111000011111111000000001100000001111000001111111100111110011000100000110000000011100000111110000001110000
0000000100000000111000000001110000000000100000001111000000111110000001110100000000001000001001110000011111000000010000000
0001100000000110100000000001000000000010000000011110000000000110000000000010000000000100001111111000001111100000000000000
0000110000000000110000000000100000000001100000001110000000111110000000000100001000001100011000010000011111100000000000000
0000000000000000100000000111111000000000110000000111000000000011000000000010000000011100000011100001111100000000000000000
0000000000000000000000011111110000000111100000001111000000011111100000000001101111111110011111111000000111000000000000000
0000010000000011110000001100100000000011000000011111000000110011000000000011000000000110001000011100011111110000001000000
0000000000000000000100001000110000011111100000000011000000001001000000000010000000000100010000001000100000100000111110000
0000000000000000111100000111111100000111100000001111000001111111000000000110000000011000000001100000011110000011110000000
0000011000000111111000000000010000000001100000000110000000111000000011100000000011111100000000011000001111100000011100000
0000000100000000011100000000011000000001110000001110000000111100000000001100001000011000011001110000011110000000010000000
0000000000001111000000000001110000000000110000000001100011111100000010111000000000011000000000001000000000110000011111000
0000000000000011110000000111110000000001100000001110000000011110000000000100000010001000000110110000001111100000001110000
0000000000000011110000001100110000000001000000000110000000011110000001100111000000001100000000010000000001100000011110000
0000111000000000011100000000011000000011000000011110000000000010000000000110000000001100110000110000111111000000000000000
0000000000000000011100000000011100000011111000000111100010000001000111000010001111111100001111110000000000000000000000000
0000000000000011100000001111100000000011000000001110000000110110000000001100000000001000000000010000001111100000011110000
0000000000000000000000000001111100000000011000000011100000011100000000111000010000110000100011000000111100000000000000000
0000000010000000111110000011100100000000110000000111100000000000000000000010011111111100110000111000001111000000000000000
0000111000000001111100000000111100000111110000000111000000000010000111000100001111001100011111110000011111000000000000000
0000000000000001110000000111100000000011000000000100000000011100000000011100000000011000000000010000000101100000001110000
0000000100000000111100000111011000000000110000000011000000011110000000101100000000011000011000100000111111000000111000000
0000000000000000000000011111111000100001110000001111000011111111000000000111000000000011001000001100011111111000000000000
0000000000000000110000000000110000000001100000001110000000111100000001111100000000011000000001110000001110000000010000000
0000000100000001111100000010001100000000011000000001100000111110000000110110000000001100110000110000111111000000010000000
0000001000000001111100000100011000000001100000001111000000111111000000000111000000001110111001111000111111100000001000000
0000000000000101100000011111111000000001110000000111000000111100000011111110000110001100000000111000001111100000111100000
0000000100000000111110000011001100001100110000000111100000111111000000100110000000011000110000110000111111000000111000000
0011100000001101110000000000110000000001100000000111000000000110000000000110000000000100000100001000011111110000011000000
0000000000000111110000001111000000000111000000011111000000110011000000000010000000000100000000011000011111100000011110000
0000000000000111111000001111111000010001110000000111000000111110000011111110000111001100001000011000011111110000011111000
0000111000000000011000000000110000000011000000001110000000000110000000000110000000001100000001110000111110000000000000000
0000011100000001111100000000011000000111110000011111000000100011000000000110001100001100010001111000111111100000111100000
0000000000000000110000000010010000001000100000000011000000001100000000110000000000110000000001100000000010000000011000000
0000000000000011111000001111110000001111100000001111000000011110000000011100000001111000000111110000001111000000011100000
0000000100001111111100000000110000000011100000011111000000110001100000000001100000000110010000011000111111100000001000000
0000000000000111111000011000011000000001100000001110000000011110000000000010000000000100011000001000011001110000011110000
0000000000000111111110011111111100111000011001000011100000011111000001111110000001001100011100011000011111110000001111000
0000000000000111110000000111111000000111111000001111000000001100000000001000000000011000000001110000011111100000011110000
0000000000001111110000000001110000000001100000000110000000011100000001111100000000001100000000011000000000110000111111000
0000011000000001111000000000110000000001100000001111000000011011000000000110000000001000011000110000011111000000000000000
0010000000000111100000000001100000011111000000111111000000000011000000000010000000000100000100001000001111110000000100000
0000011100000000111100000000011000000001100000001110000000111100000000000100000000001000001100110000011111000000011100000
0001110000000111111000000000110000000011000001111100000000001110000000000111000000000110011000001100011111110000001110000
0000000000000111111000011111110000011001100000001110000000011110000000110110000000001100000000110000011111100000111110000
0000000100000001111100000011011000000001100000000111000000001110000000001100000000011000110001110000111111000000111000000
0000001000000011111000001111111000001001100000001111000001111110000001001111000000000110001000111100011111110000001110000
0000000000000111110000001111100000000110000000011111000000111111000000000110000000001100000000011000001111100000011100000
0000000000000111000000000011100000000001000000000010000000011000000000111000000000011000000000011000000011100000000110000
0000000000000001111100011111011000010001100000000110000000001111000000000011000000000110001100011000011111100000011100000
0000000000000011110000000111100000000011000000001110000000111100000001111100000000001100000000011000000011100000000110000
0000000000001111111000011000011000000000110000011111000000111111000000000011000000000110000000001100001111110000011111000
0000011100000011111100000000001000000001100000001111000000001110000000000100000000001100010000110000111111000000011000000
0000000000000111111100000000001000000000110000000110000000011000000001100000000011000000000010111000001111110000001100000
0000001100000001111100000111111000000011100000011110000000111111000000000110000000000110100000111001111111100000010000000
0000110000000000010000000000100000000010000000001100000000000100000000001000000000000000000100100000000111000000000000000
0000000000000111110000011000100000000011000000001100000000011110000000000110000000000110000000001100000100010000000111000
0000111000000001111000000000110000000011000000001110000000010110000000000110000000001100010000110000111111000000111000000
0000000000000000111000000011011000000001110000001110000000110000000000111000000000011000000000011000010011100000111100000
0000011100000000111100000000011000000000110000000111000000011110000000001100010000011000111111110001111111000000000000000
0000000000000000011110000000111100000000011000000011100000011100000000001000000000010000111111100001111000000000000000000
0000000110000000111100000001101100000001111000000011100000000101100110000010011110001100010111110000111110000000000000000
0000100000000001111100000000001000000001100000000110000000011000000000011100000000001100000000110000111111000001111000000
0001100000000111100000000001100000000110000000011000000000111100000000011110000000000110000000011000000111100000001000000
0000000000000111100000000111110000000011100000000111000000011100000001111000000000111100000001111000000111100000001110000
0000000000000001111000000000110000000111000000001100000000001110000000000100000000001100000000010000001001100000011110000
0000111100000001111000000000110000000011100000000111000000000011000000000110000000001100111111111000111111100000000000000
0000000000000000111000000011101000000000110000000111000000011110000000001100000000011000111111100001111100000000000000000
0000001000000001110000000001000000000010000000000010000000000100000000000100000000011000000000100000001111000000000000000
0000000000000011110000000111110000000000110000001111000000011100000000000100000000001000000110001000001111100000000111000
0000000000000011110000000000110000000001100000000110000000111110000000000110000000000100000000011000001001100000011110000
0010000000000110000000001111100000000111100000001110000000001100000000001100000000001000000010110000011111100000000010000
0000000000000001111000000111011000010000110000000011000000011100000000001100000000001100000000010000000001100001111100000
0000000000001111000000011010000000100111100000001101100000010000100000000001000000000010000011111100000011110000000000000
0000000000000000111000000011010000000000100000000010000000011110000000100100000000001100000000010000000011000000011000000
0000000000000001110000000110110000000001100000011110000001111110000000000010000000000100000000011000001111100000011110000
0000000000000111111100001100001100000000110000000111000000111110000000000110000000000100000000011000010001100000111110000
0001000000000111110000000000100000000001000000000110000000111100000001111100000000001100000010001000000111110000000010000
0000000000000111110000001111110000000000110000000111000000111110000001100110000000001100000000110000001111100000011100000
0000000000000000000000011111111000011111111000000001100000111110000001111000000000010000000000100000000111000000011100000
0000001000000000111100000111011000001000110000000111000000011111000000000110000100001100011000110000011111000000011000000
0000000000001111111100000001111000000011100000011111100000000011100000000111010000001100110000110000111111000000111100000
0000000000000011111100000111111100000000111000000011100000001110000000011000000000111000011111100000111111000000001111000
0000110000000011110000000100110000000001000000000110000000011100000000001100000000011000000010110000001111100000000100000
0000100000000001110000000000110000000001100000000111000000011110000000000100000000001000000100110000001111100000001100000
0000000000000000111000000111100000010011000000000100000000001000000000011000000000001000000000010000000011100000111000000
0000000000000000000000011111110001110001100000000111000000001111000000000001000000000010000000001000000001100000011110000
0000110000000011111000000000010000000011000000011110000000111110000000000100000000001000010000010000111111100000011000000
0000000000000001111100000011111100000001110000001111000001111100000011111100000000001000000100010000010111100000111110000
0011100000000111100000000000100000000001000000000111000000011111000000000001000000000010001111111100001111110000000000000
0000110000000011110000000000010000000000100000001110000000001100000000001000000000001000010000010000011111000000001100000
0000100000000010110000000000100000000001000000001111000000000001000010000010001000000100011000011000011001100000011100000
0000000000000000011110000011101100000001110000000110000000111110000011000100000000011000000001100001011100000011100000000
0000001110000000011110000000000110000000001000000011110000011111001100111100011000111000111111100000111100000000000000000
0000001100000000111000000001110000000011100000001111000000110110000000001100000100011000001001100000011110000000010000000
0000000000000111100000000111110000000011100000001110000000001110000000000110000000001100001100011000001101100000011110000
0000000000000011110000001111111100000000011000000001100000001110000000001100000000001000011000110000011111000000001000000
0000000000000011100000001101100000110001000000000110000000011100000001001100000000001100000000001000000000010000001111000
0000000000000000111000000010110000000011000000001111000000000010000000000100000000010000000001100000010110000000111000000
0000001000000011111000001100010000000001100000000010000000011110000000000100000000001000000000010000011011000000011000000
0000000000000111110000001111110000000001100000000110000001111110000000000111000000000110000000011000000011100000111100000
0000000000001111111000000000110000000110000000111100000001000001000000000000000000000000000000000110001110001000011111100
0000000000000001100000000100100000000010000000000111000000000010000000000000000000001000000000010000000001000000001100000
0000000000000011000000011111100000100001000000000110000000001000000000111110000001100110000110000100000000001000000000110
0000000000011111100000000111000000001100000000011110000000011110000000000110000000000110000011001100000110110000000111100
0000000110000000001110000000001100000000110000000111000000111100000000001000000000110000010001100000111110000000110000000
0000000000000111110000001111110000000011000000001111100001111111100011000001100000000110000000011001111011100000111110000
0000000000000000111000000111001000011000110000000011000000011111000000100010000000001100000000110000000111000000111000000
0000000000000111111100000000011000000000110000001111100001111111000011110010000110001100010000111000111111100000111100000
0000000000000111100000011111100000100110000000001110000000011111000000001111000000001110000011111100000111110000000010000
0000111000000000011000000000110000000011000000000100000000000100000000000100000000001000000101110000001110000000000000000
0000000000000000111100000001011000000001100000001110000000111111000000000110000000001100010000110000100111000001111000000
0000001100000001111100000111011100001000111000000111100000011111000000000110011100001100111110111000111111100000011100000
0000000000000000000000000111110000001000110000000001100000011111000000111110000000011100000011110000111100000000000000000
0000000000000011111000000100010000000000100000011110000000111100000000000100000000001000000000010000011001100000011110000
0001100000000111110000000001100000000001000000000110000000011110000000011110000000000110000110111000001111100000001100000
0000000000000001111100000010111100000001110000000110000000011000000000111100000000011100000000110000011111000011110000000
0000000000000001110000001111100000110011000001000110000000011110000000111110000000001100000000011000000111100000001110000
0000000000000011110000000101110000000001100000000110000000001000000000011000000000011000000000110000001111000000011100000
0000110000000110011000000000010000000001000000011110000000100011000000000011000000000010000000001100111111110000000110000
0000000000000011110000000111110000000000100000000011000000011100000000111100000000001100000000111000000111000000011000000
0000001100000000111100000000011000000001100000001110000000010110000000001100000000010000001111100000001111000000000100000
0000000000001111110000011111110000000001100000000111000000111111000000001110000000001100000110011000001111110000001111000
0000110000000001111100000000011000000001110000001111100000111001100000000011000000001100001000110000111111000000111000000
0000000000000001111000000010011000000001100000000100000000010010000000111110000000000100000000010000000111000001110000000
0011000000001111000000000011000000000100000000111100000001001110000000000110000000000110000000001100000011110000000001000
0000000000000011111000011110110000000011000000001100000000111111100011000001000000000010000000001100010001110000111110000
0000000000000111111000001101110000000001100000001111000000111111000001110110000110001100001100111000001111100000000100000
0000000000000111111100001100011000010000110000000011100000001111000000000111000000000110011001111000111111000000111000000
0000000000000001110000000011110000000101100000000011000000001100000000011000000000010000000000100000000001000000011110000
0000000000000001111000000111010000011000100001110011000001101100000000001100000000000100000000001000000000111000001111000
0000000010000000001110000001111000000110110000000001000000011110000000000110011100000100010000011000111111100000001000000
0000000000000111100000000101100000000011000000001110000000001110000000000110000000001100001000011000011111100000001110000
0000011000000000111000000000110000001111100000011111100000011111000000000011001110011100011111110000011111000000000000000
0000000000000000000000011111110000000001100000011100000000011110000000000011000000000110000001111000011110000000000000000
0000000000001111000000011111100000000001100000000111000001111110000001111110000000000110000000000100000011111000000111100
0000000000000001111000000010010000000000100000000001000000110100000000111000000000010000000000010000110001100000111110000
0000111000000011111000000000001000000000110000000111100000000110000000000010001100000100001110011000001111100000000100000
0000000000000000001100000011111100000111111000000111100000011110000000111100000000001100100000011001111111100000111000000
0000000100000000111110000000000100000000011000001111100000111100000001100100000000011000010001100000111110000000000000000
0000000000000011000000001111110000000001100000000011000000001100000000111000000000110000000001100000000011000000001100000
0000010000000000110000000001100000000011000000001110000000001100000000011000000000110000000011100000001110000000001000000
0000000000000111110000000000110000000001100000011110000000110010000000000110000000001100001000010000010001000000011100000
0000000000000001111000000100010000000001100000000110000000000110000000000100000000001000000000110000001011000000011100000
0001110000000000110000000000100000000001100000001110000000111110000000000100000000001000001000010000001111000000000000000
0000000000000000111000000011111000001101100000000011000000001100000000111000000000110000000000110000001111100000011110000
0000010100000001111100000011111000000001110000000111100000001110000010001100001100111000011111110000011111000000011000000
0001111100000111111000000110111000000001110000001111000000111111000001111110000000001110011111111100111111100000011100000
0000000000000001111000000100010000000000100000000010000000011100000000000100000000001000000000010000001001100000011110000
0000000000000000111000000111011000111000110001100001100000001111000000111010000001001100000000110000011011000000011100000
0000000000000001111000000100010000000000100000000110000000011000000001111000000000011000000000010000000000100000011111000
0000100000000001111100000000011000000001110000000111000000011100000000111000000000011000000011100000011111000000010000000
0011000000001111100000000011100000000111000000000111000000000001000000000001000110000010000111000100000011111000000000000
0000011100000000111000000000011000000000110000001111000000001100000000001100001000011000011111110000111111000000000000000
0000000000000011110000000100100000000011000000001100000000011000000000011100000000011000000000110000000111000000001110000
0000000000000001100000000000100000000001000000000100000000011000000000011000000000010000000000100000000001000000000100000
0000110000000100010000000000100000000010000000001111100001100001000000000010000000000100000000010000001111000000001100000
0000000000000111000000011111111000010001110000000111100000011111000000000010000000001100001100110000011111000000111100000
0100000000001111000000000011000000000010000000000100000000011000000000111110000000001100000000011000000011110000001100000
0000000000000000110000000011110000000000110000000011000000111100000011111000000000010000000001100000000010000000011000000
0000010000000011110000000111100000000011000000000111000000011111000000100110000000001100001100011000001111100000000100000
0000000000000010000000000111100000000001100000000001000000000010000000011000000011100000000000100000000001000000000010000
0000000000000001111000000100110000000011000000001110000000000010000000000110000010001100000100010000001111000000001000000
0000001000000000111100000001001000000000100000001111000000111110000000000010000000001100011000010000111111000000011000000
0000001000000011111000000000011000000000100000001111000000111110000000000100000000001100000000110000111111000001111000000
0000000000000000100000001111110000110100100000000010000000011111000000000001000000000010000000001100000100110000001010000
0000000000000000000000000011111100000111111000001111000000111100000000111100000000011000000001110001111110000000000000000
0000000000000001111110000000111000000011000000000100000000001100000000011100001000001000011000110000011111000000000000000
0001000000000011100000000001100000000011000000011110000000100011000000000010000000000010000000011000001111100000011000000
0000000000000000111000000011111000000001100000000011000000011100000011100100000000001000000000010000000001100000001110000
0000000000000001111100000011111000000001100000001111000000011110000000001100000000111000000111100000011110000000110000000
0011000000000111110000000000100000000001000000011100000000111110000000000110000000000100001110001000001111110000000011000
0001100000001111100000010001100000000011000000011100000000011110000000000110000000000110000000011100111111110000000000000
0000000000000111110000001100110000000001100000000110000000111110000001111110000000001100001100111000001111110000001100000
0000011000000011111000000000110000000011100000011110000001111010000000000110000100001100001100011000001111100000000110000
0000001000000000110000000011100000000101100000000000100000000001000000000010001000001100011111110000001110000000000000000
0000000000000011111000011111111000100001100000001111000000011111000100000010001100000110001000001100001111110000001111000
0000100000000011110000000000110000000000110000000000100000001111000000011100000100011000011100110000011111100000000000000
0000000000000011111000001000011000000000100000000011000000001100000000111000000000001100001000001000010001110000011110000
0001111000000011111100000000001100000000111000011111100000111111000000000010000000111100111111110001111111000001000000000
0000000000000011000000000001100000000001000000000110000000011000000000111000000000001000000000010000000000100000000110000
0000000000000000110000000000100000000011000000001100000000010000000000011000000000011000000000110000000111000000000000000
0000000000000001110000000110100000000001000000001110000000011110000000000100000000001000000000010000000001100000011110000
0000000000000011100000000010100000000001000000000110000000001100000000001000000000011000000000010000000011100000000110000
0000000000011111100000111111100000000001100000001111000000011111000000001111000000000010000000000100001111111000011111100
0000000000000000111110000111111100001001110000011111000001111111100011100011000000000110000000011000111111100001111110000
0111110000000000110000000000100000000001000000001110000000001110000000000110000000000110011100001100011111110000000000000
0000000000000011111110001111100100000000010000000011100000111111000001100010001000000100011000001000111000010001111011000
0000000000000001110000000011110000000011100000001111000000011110000000001100000000011000001000110000011111000000001100000
0000000000000001111100000000011000000001100000000110000000011100000001100100000000001000000000110000110011000000111100000
0000000000000001111000000011110000000001100000000110000000001110000000000110000100001100001000110000011111000000001000000
0000000000000111110000011101110000000111000000111100000001111110000000000111100000000011000000011100000111110000001110000
0000000000000000001100000111110000000011000000001100000000111100000001000100000000001000000000010000000001100000111100000
0000011100000001111000000100010000000001100000001111000000000011000000000010000100000100001000011000001111100000000100000
0000000100000000111100000001110000000001100000001111000000111110000000001100000100011000011111110000011110000000010000000
0000000000000011111000001111111000001000110000000011000000111110000001111100000000011000000001110000011111000000111100000
0000000000000011110000000000110000000011000000001110000001111110000000000010000000000100000000011000000011100000011100000
0000000000000111100000001111100000000001000000001110000000011110000000000110000000000100000000011000001011100000001110000
0000000000000011111000000110011000000000010000000001100000001110000001111000000000010000000001100000000110000000011000000
0000000000000001110000000111100000011111100000011110000000001100000000011100000000011000000001110000000111100000001110000
0000000000000111111100001111111000000001110000001111100000011111100100000011011000000110011111111100011111100000000000000
0000011110000000111100000000011000000000110000000111100000001111000000000110010000001100110000010000111111000000011000000
