0000011000000001111000000010011000000000110000000011000001000110000111111000000111110000001111111100000000110000000000000
0000011110000111111100000000001100000000010000000001100000000010000000011100000011111100011111011001111100010001000000100
0000000000000011110000000111110000000001110000000011100000000110000000011100000011110000000111100000001111110000001000000
0000001100000000001100000000010000000001100000000110000000011000000000100110000011111100001111000000011000000000000000000
0000001100000001111000000000010000000000100000000011000000001100000011111100001111001100011100001100000000001000000000000
0000011000000011111000001111110000011000110000000001100000000011000011101100001111111100011111111100011110011000000000000
0000010000000001111100000111111000000000110000000011000000000110000000011000000001100000001111110000111111110001000000000
0000001100000001111100000011011000000000100000000011000000011100000011111000000111111110011110011100010000000000000000000
0001100000000001100000000001100000000001100000000001000000000011000000000110000011111100000100110000001111000000000000000
0000000100000000011100000001111000000011110000000011000000110110000011111000000101110000011011100000011101100000000010000
