0
0
0
0
0
0
0
0
0
0
0
0
0
0
0
0
0
0
0
0
0
0
0
0
0
0
0
0
0
0
0
0
0
0
0
0
0
0
0
0
0
0
0
0
0
0
0
0
0
0
0
0
0
0
0
0
0
0
0
0
0
0
0
0
0
0
0
0
0
0
0
0
0
0
0
0
0
0
0
0
0
0
0
0
0
0
0
0
0
0
0
0
0
0
0
0
0
0
0
0
0
0
0
0
0
0
0
0
0
0
0
0
0
0
0
0
0
0
0
0
0
0.147074
0.128498
0.128498
0.406444
0.406444
0.143538
0.452496
0.452496
-0.885997
2.24436
0.295966
0.295966
0.178611
2.31348
-0.18565
0.774538
0.774538
0.5653
19.8084
-0.488204
-0.353766
0.602053
0.602053
0.0620247
-2.00125
3.61537
-6.22515
0.0405865
5.24406
5.24406
5.03654
4.50315
2.26007
-0.327492
-42.2669
-32.8367
0.41393
0.41393
0.365943
0.457354
0.32052
0.112336
0.311238
-7.70794
38.6121
0.147074
0.147074
0.128498
0.406444
0.452496
0.295966
0.774538
0.602053
5.24406
0.41393
0.147074
0.147074
0.128498
0.406444
0.452496
0.295966
0.774538
0.602053
5.24406
0.41393
0.147074
0.147074
0.147074
0.128498
0.406444
0.452496
0.295966
0.774538
0.602053
5.24406
0.41393
0.147074
0.147074
0.09983
0.09983
0.643126
0.0548817
-0.980846
-0.109416
0.00589086
-1.68783
-9.89902
0.235269
0.09983
0.09983
0.09983
0.0938314
0.0938314
1.75169
6.26623
-2.83269
-17.7424
13.5445
12.6476
-12.7539
-0.194973
0.0938314
0.0938314
0.0938314
5.42589
0.306319
0.306319
-4.25481
17.0281
0.90766
-0.368408
-12.8754
-5.80083
-19.7429
-0.600522
0.306319
0.306319
0.306319
-3.11433
27.1183
-0.0381117
-0.0381117
-0.924824
-5.03416
0.102693
0.808807
-0.122474
-0.642464
-29.7961
-0.995344
-0.0381117
-0.0381117
-0.0381117
-0.423904
-9.49723
-0.165877
0.180829
0.180829
-1.36061
0.144275
-6.97239
-0.258676
1.14203
0.0340212
-33.0555
-3.71697
0.180829
0.180829
0.180829
0.447883
-1.01774
-3.02276
-0.549465
-0.847049
-0.847049
-2.88806
-6.65048
-6.82644
-1.18015
-0.826577
1.15595
98.9149
-12.3552
-0.847049
-0.847049
-0.847049
-2.52101
20.1634
-5.19837
-0.88586
0.328045
-0.575195
-0.575195
-0.894637
-1.83454
-2.55846
-7.16939
-8.2386
-0.548127
13.4851
10.7847
-0.575195
-0.575195
-0.575195
-0.503554
-3.17001
7.63272
-0.0743544
-3.0165
6.65392
0.104698
0.104698
0.008019
0.0891753
0.0644811
-0.181898
-0.0825724
-10.821
-11.6991
3.86654
0.104698
0.104698
0.104698
0.609275
3.59895
0.997855
0.304768
-4.99289
-3.95539
1.67259
0.147074
0.147074
0.128498
0.406444
0.452496
0.295966
0.774538
0.602053
5.24406
0.41393
0.147074
0.147074
0.147074
0.09983
0.0938314
0.306319
-0.0381117
0.180829
-0.847049
-0.575195
0.104698
0.144086
0.144086
0.123049
0.379957
0.409661
0.220725
0.592364
-1.50549
-7.33719
0.368852
0.144086
0.144086
0.144086
0.0967301
0.0562673
0.189556
-0.3018
-0.99568
-0.253815
2.95201
0.0733289
0.144086
0.144086
0.144086
0.123049
0.379957
0.409661
0.220725
0.592364
-1.50549
-7.33719
0.368852
0.144086
0.144086
0.144086
0.0967301
0.0562673
0.189556
-0.3018
-0.99568
-0.253815
2.95201
0.0733289
0.144086
1.28242
0.100874
0.100874
0.844691
-0.244888
-1.3203
-0.734893
-0.463234
-1.07972
3.93198
0.308509
0.100874
0.100874
0.100874
0.624271
3.49917
1.26565
1.45877
1.85391
7.53326
3.04207
-0.0993966
0.100874
0.0830261
0.0830261
0.361171
0.361171
1.87324
3.92652
8.14141
-4.27372
-10.3836
-6.7034
1.6037
0.223675
0.361171
0.361171
0.361171
0.941683
2.06509
14.589
-5.1472
-4.87653
-0.541797
13.4453
-0.877289
0.361171
0.232806
0.232806
9.60755
-0.219597
-0.219597
-0.153279
-10.0301
-0.185578
-0.454653
-5.17081
3.41704
-20.7988
-0.777329
-0.219597
-0.219597
-0.219597
0.0276854
-5.63484
21.5389
-0.323607
5.90165
-4.1969
4.95334
-0.0786088
-0.219597
-0.280091
-0.280091
7.69202
5.36846
0.00291824
0.00291824
-0.17768
9.28882
0.157165
-0.207327
0.309459
-0.195611
-6.77772
-6.82649
0.00291824
0.00291824
0.00291824
0.626568
1.57945
-0.157726
1.57489
0.536448
-0.321394
0.868281
3.6613
0.00291824
-0.499662
-0.499662
0.79375
-3.55988
-1.05976
0.195528
0.195528
0.149446
-0.113282
-5.91202
-0.16891
0.122105
0.960709
-2.58097
-4.48409
0.195528
0.195528
0.195528
-0.132902
-12.1541
7.06985
-0.0464625
6.24463
7.22174
-2.08351
-2.00791
0.195528
0.422759
0.422759
1.90769
0.280484
-4.52655
-0.37651
-2.27504
-2.27504
-2.60414
-4.77323
-9.48803
-9.58736
5.06487
3.73661
109.601
4.80684
-2.27504
-2.27504
-2.27504
-4.70296
18.2618
-8.51025
-30.9328
-16.9334
13.6417
34.1061
-1.43659
-2.27504
-1.35467
-1.35467
11.5948
10.7704
-8.51329
-24.8908
18.0641
-0.143012
-0.143012
-0.238322
-0.741928
-1.20253
-2.00843
-6.65572
-4.66072
-4.55323
3.28305
-0.143012
-0.143012
-0.143012
-0.802456
2.15609
-0.787305
-3.71648
0.142193
-6.31606
14.9489
5.26391
-0.143012
-1.28175
-1.28175
1.4147
2.26376
2.78371
-0.76043
-7.93114
32.2474
0.137205
0.137205
0.112006
0.367046
0.38055
0.276396
0.756796
0.474197
-3.84532
1.72578
0.137205
0.137205
0.137205
0.0819459
0.0322942
0.249325
-0.0560607
0.141758
-4.87094
-0.348182
0.422998
0.137205
0.126524
0.126524
0.0846045
0.307948
-0.265785
-2.84247
-0.0168614
-1.79199
0.360229
0.147074
0.147074
0.128498
0.406444
0.452496
0.295966
0.774538
0.602053
5.24406
0.41393
0.147074
0.147074
0.147074
0.09983
0.0938314
0.306319
-0.0381117
0.180829
-0.847049
-0.575195
0.104698
0.147074
0.144086
0.144086
0.100874
0.361171
-0.219597
0.00291824
0.195528
-2.27504
-0.143012
0.137205
0.147074
0.147074
0.128498
0.406444
0.452496
0.295966
0.774538
0.602053
5.24406
0.41393
0.147074
0.147074
0.147074
0.09983
0.0938314
0.306319
-0.0381117
0.180829
-0.847049
-0.575195
0.104698
0.147074
0.144086
0.144086
0.100874
0.361171
-0.219597
0.00291824
0.195528
-2.27504
-0.143012
0.137205
0.147074
0.144086
0.144086
0.123049
0.379957
0.409661
0.220725
0.592364
-1.50549
-7.33719
0.368852
0.144086
0.144086
0.144086
0.0967301
0.0562673
0.189556
-0.3018
-0.99568
-0.253815
2.95201
0.0733289
0.144086
1.28242
1.28242
0.0830261
0.232806
-0.280091
-0.499662
0.422759
-1.35467
-1.28175
0.126524
0.144086
0.144086
0.159718
0.159718
0.132043
0.335662
0.357443
0.125943
0.733115
0.575687
4.34547
0.409251
0.159718
0.159718
0.159718
0.0884275
-6.7114
-2.23604
-0.582667
-1.09753
11.7877
1.91606
0.0854476
0.159718
0.142452
0.142452
-1.02751
2.6481
0.282768
1.85452
4.42569
2.5568
1.86141
0.148694
0.159718
0.159718
0.142452
0.0829153
0.0829153
0.52988
1.48706
-3.34745
5.96687
-2.17219
-0.32461
3.47247
0.29025
0.0829153
0.0829153
0.0829153
0.466969
-2.99919
-8.0063
-4.55944
-5.88163
4.28134
-1.70078
-0.0224439
0.0829153
0.0574563
0.0574563
0.867546
11.1295
7.29779
-1.37078
4.72624
6.87362
4.3792
0.0636076
0.0829153
0.0829153
0.0574563
0.821671
0.216743
0.216743
0.276426
-3.91592
-0.240254
0.704566
0.42068
-2.48681
-31.7177
-0.445677
0.216743
0.216743
0.216743
1.13546
5.3579
-7.90869
0.336374
-0.554147
0.0437399
-6.36474
0.21365
0.216743
0.146964
0.146964
0.0823016
4.88551
19.896
-0.264336
1.64678
6.20125
-4.10573
0.175097
0.216743
0.216743
0.146964
1.50134
2.29126
-0.117707
-0.117707
-0.619914
3.69037
-0.0301353
8.88304
0.340668
-0.212892
-19.5915
1.93222
-0.117707
-0.117707
-0.117707
-1.83008
11.6582
-1.4227
-0.54042
0.182046
-0.869974
-0.289653
2.58135
-0.117707
-1.93767
-1.93767
-2.84598
-0.129645
-4.81757
1.69599
11.6783
-11.4977
0.183324
-0.621969
-0.117707
-0.117707
-1.93767
0.460276
0.69725
-2.65999
0.12397
0.12397
0.0840195
4.46198
-1.11712
0.207959
-0.122962
0.695998
26.5459
1.23176
0.12397
0.12397
0.12397
-0.0316691
-25.4047
0.696447
-0.300635
0.177692
7.91149
-6.55228
0.302641
0.12397
0.188931
0.188931
0.407447
7.39013
-3.73138
-0.732691
9.04469
4.46098
-0.342669
0.203862
0.12397
0.12397
0.188931
-2.12616
-0.636699
0.374091
-9.1938
4.63403
4.63403
3.99331
0.560371
-19.824
74.5294
-45.1259
-36.8167
-38.3988
-99.2465
4.63403
4.63403
4.63403
-1.9349
-12.7332
-72.1362
220.643
37.6204
135.338
13.7489
84.5912
4.63403
44.1315
44.1315
0.29976
-7.66395
-65.9705
53.2768
-71.4136
304.227
312.154
10.5239
4.63403
4.63403
44.1315
3.17839
-0.196875
-128.709
-104.468
87.2954
0.109883
0.109883
0.0847554
0.252655
-0.52631
1.15022
-6.42802
1.29567
40.1134
-1.38761
0.109883
0.109883
0.109883
0.0300542
-0.170519
-0.485813
0.679745
1.78144
2.29682
0.181705
0.270302
0.109883
0.0803271
0.0803271
0.0452694
0.126926
-0.562723
1.99261
-5.79634
-1.65658
3.06712
1.70847
0.109883
0.109883
0.0803271
0.115005
0.0278377
-0.737847
0.924745
-1.23035
23.6024
0.149526
0.149526
0.126697
0.37488
-0.37406
0.941015
-5.04448
-0.548931
5.00277
0.368689
0.149526
0.149526
0.149526
0.0975355
0.0444744
-0.221857
0.729921
-2.3075
-1.05819
-0.757165
0.0319102
0.149526
0.146277
0.146277
0.0921876
0.308699
-0.349759
0.146365
-0.872399
-2.74989
-0.283395
0.128603
0.149526
0.149526
0.146277
0.162636
0.0720195
-0.49126
-0.0211217
-1.18375
2.81525
1.3687
0.147074
0.147074
0.128498
0.406444
0.452496
0.295966
0.774538
0.602053
5.24406
0.41393
0.147074
0.147074
0.147074
0.09983
0.0938314
0.306319
-0.0381117
0.180829
-0.847049
-0.575195
0.104698
0.147074
0.144086
0.144086
0.100874
0.361171
-0.219597
0.00291824
0.195528
-2.27504
-0.143012
0.137205
0.147074
0.147074
0.144086
0.159718
0.0829153
0.216743
-0.117707
0.12397
4.63403
0.109883
0.149526
0.147074
0.147074
0.128498
0.406444
0.452496
0.295966
0.774538
0.602053
5.24406
0.41393
0.147074
0.147074
0.147074
0.09983
0.0938314
0.306319
-0.0381117
0.180829
-0.847049
-0.575195
0.104698
0.147074
0.144086
0.144086
0.100874
0.361171
-0.219597
0.00291824
0.195528
-2.27504
-0.143012
0.137205
0.147074
0.147074
0.144086
0.159718
0.0829153
0.216743
-0.117707
0.12397
4.63403
0.109883
0.149526
0.147074
0.147074
0.147074
0.128498
0.406444
0.452496
0.295966
0.774538
0.602053
5.24406
0.41393
0.147074
0.147074
0.147074
0.09983
0.0938314
0.306319
-0.0381117
0.180829
-0.847049
-0.575195
0.104698
0.147074
0.144086
0.144086
0.100874
0.361171
-0.219597
0.00291824
0.195528
-2.27504
-0.143012
0.137205
0.147074
0.147074
0.144086
0.159718
0.0829153
0.216743
-0.117707
0.12397
4.63403
0.109883
0.149526
0.147074
0.147074
0.147074
0.147074
0.128498
0.406444
0.452496
0.295966
0.774538
0.602053
5.24406
0.41393
0.147074
0.147074
0.147074
0.09983
0.0938314
0.306319
-0.0381117
0.180829
-0.847049
-0.575195
0.104698
0.147074
0.144086
0.144086
0.100874
0.361171
-0.219597
0.00291824
0.195528
-2.27504
-0.143012
0.137205
0.147074
0.147074
0.144086
0.159718
0.0829153
0.216743
-0.117707
0.12397
4.63403
0.109883
0.149526
0.147074
0.147074
0.147074
0.0735314
0.0735314
0.510077
0.610731
0.300231
-4.43955
3.81591
4.53788
-11.877
0.180889
0.0735314
0.0735314
0.0735314
0.853866
7.69114
-3.11006
1.64139
-0.754431
0.60469
-0.983805
0.602265
0.0735314
0.0663566
0.0663566
0.341939
4.01394
8.0716
-0.82553
0.851775
-12.2725
-1.06412
0.0535163
0.0735314
0.0735314
0.0663566
0.040038
3.01452
1.82706
-1.58812
-0.0344623
-16.2689
-0.0249305
0.0575541
0.0735314
0.0735314
0.0735314
0.0735314
-0.0912376
-0.0912376
0.114802
-1.85157
0.210292
-0.011585
0.239674
0.180041
16.2007
1.91546
-0.0912376
-0.0912376
-0.0912376
0.189744
9.90068
0.30572
0.158518
0.15057
0.116682
-5.05391
0.401392
-0.0912376
-0.24935
-0.24935
0.0874709
-2.77355
-3.58892
0.567488
-0.0654097
14.2417
2.33387
-1.41202
-0.0912376
-0.0912376
-0.24935
-0.995549
-1.51514
2.30225
0.406472
-0.319153
-15.6778
1.40102
1.86301
-0.0912376
-0.0912376
-0.0912376
-0.0912376
2.52582
-0.364114
-0.364114
0.437572
0.114608
6.79727
-3.06641
0.810226
2.4721
11.0602
-0.203834
-0.364114
-0.364114
-0.364114
-0.0315674
0.355648
-0.712219
1.08223
0.207239
-6.66761
-4.16019
-0.687373
-0.364114
-0.346385
-0.346385
-1.13101
-1.59436
-4.08984
3.84988
5.43524
14.2016
1.76177
-0.290037
-0.364114
-0.364114
-0.346385
-0.287583
0.730637
1.43368
11.2267
5.45608
5.82552
-0.177396
-0.341873
-0.364114
-0.364114
-0.364114
-0.364114
0.0993708
-0.325806
0.305503
0.305503
0.231173
-2.30906
0.610985
0.130657
0.399079
0.0706769
0.830457
-3.51492
0.305503
0.305503
0.305503
0.0782382
-2.27563
-0.214838
0.27887
0.103078
0.300011
5.36046
5.22054
0.305503
0.44485
0.44485
-5.38369
-6.52715
4.08486
0.198058
-2.64486
24.2203
-3.87977
3.02433
0.305503
0.305503
0.44485
-5.83152
6.85822
-0.952745
-0.650438
1.17388
304.292
0.86077
-1.94034
0.305503
0.305503
0.305503
0.305503
-8.95651
-0.127881
7.88988
0.0949569
0.0949569
0.0698211
0.200893
-0.577624
1.0551
12.5734
2.77597
4.85211
0.691687
0.0949569
0.0949569
0.0949569
-0.0435557
-0.29569
-0.69835
-0.0469875
2.14568
-0.745391
9.57569
1.7041
0.0949569
0.0524014
0.0524014
0.0313135
0.0544205
-0.66216
2.87908
-6.92172
-1.00584
1.43396
1.01015
0.0949569
0.0949569
0.0524014
0.0984484
0.0116636
-1.22766
-2.50202
-1.15036
218.8
5.18506
1.34295
0.0949569
0.0949569
0.0949569
0.0949569
-0.130754
-1.88035
-0.0888099
1.00213
0.149526
0.149526
0.126697
0.37488
-0.37406
0.941015
-5.04448
-0.548931
5.00277
0.368689
0.149526
0.149526
0.149526
0.0975355
0.0444744
-0.221857
0.729921
-2.3075
-1.05819
-0.757165
0.0319102
0.149526
0.146277
0.146277
0.0921876
0.308699
-0.349759
0.146365
-0.872399
-2.74989
-0.283395
0.128603
0.149526
0.149526
0.146277
0.162636
0.0720195
-0.49126
-0.0211217
-1.18375
2.81525
1.3687
1.1617
0.149526
0.149526
0.149526
0.149526
0.0575541
1.86301
-0.341873
-1.94034
1.34295
0.147074
0.147074
0.128498
0.406444
0.452496
0.295966
0.774538
0.602053
5.24406
0.41393
0.147074
0.147074
0.147074
0.09983
0.0938314
0.306319
-0.0381117
0.180829
-0.847049
-0.575195
0.104698
0.147074
0.144086
0.144086
0.100874
0.361171
-0.219597
0.00291824
0.195528
-2.27504
-0.143012
0.137205
0.147074
0.147074
0.144086
0.159718
0.0829153
0.216743
-0.117707
0.12397
4.63403
0.109883
0.149526
0.147074
0.147074
0.147074
0.147074
0.0735314
-0.0912376
-0.364114
0.305503
0.0949569
0.149526
0.147074
0.147074
0.128498
0.406444
0.452496
0.295966
0.774538
0.602053
5.24406
0.41393
0.147074
0.147074
0.147074
0.09983
0.0938314
0.306319
-0.0381117
0.180829
-0.847049
-0.575195
0.104698
0.147074
0.144086
0.144086
0.100874
0.361171
-0.219597
0.00291824
0.195528
-2.27504
-0.143012
0.137205
0.147074
0.147074
0.144086
0.159718
0.0829153
0.216743
-0.117707
0.12397
4.63403
0.109883
0.149526
0.147074
0.147074
0.147074
0.147074
0.0735314
-0.0912376
-0.364114
0.305503
0.0949569
0.149526
0.147074
0.147074
0.147074
0.128498
0.406444
0.452496
0.295966
0.774538
0.602053
5.24406
0.41393
0.147074
0.147074
0.147074
0.09983
0.0938314
0.306319
-0.0381117
0.180829
-0.847049
-0.575195
0.104698
0.147074
0.144086
0.144086
0.100874
0.361171
-0.219597
0.00291824
0.195528
-2.27504
-0.143012
0.137205
0.147074
0.147074
0.144086
0.159718
0.0829153
0.216743
-0.117707
0.12397
4.63403
0.109883
0.149526
0.147074
0.147074
0.147074
0.147074
0.0735314
-0.0912376
-0.364114
0.305503
0.0949569
0.149526
0.147074
0.147074
0.144219
0.144219
0.125066
0.372647
0.419455
0.0392712
3.41193
2.8964
5.05461
0.399161
0.144219
0.144219
0.144219
0.0997316
0.0498464
0.216939
-0.698212
0.616082
0.515123
-0.657348
0.097199
0.144219
0.132134
0.132134
0.0866462
0.297503
-0.321304
-1.16576
0.321985
-3.58105
-0.198458
0.134175
0.144219
0.144219
0.132134
0.151295
0.0655865
0.13034
0.19175
0.290758
3.48687
0.0999407
0.147059
0.144219
0.144219
0.144219
0.144219
0.0694311
-0.272518
-0.351436
1.76395
0.0821405
0.147059
0.144219
0.144219
0.144219
0.147074
0.147074
0.128498
0.406444
0.452496
0.295966
0.774538
0.602053
5.24406
0.41393
0.147074
0.147074
0.147074
0.09983
0.0938314
0.306319
-0.0381117
0.180829
-0.847049
-0.575195
0.104698
0.147074
0.144086
0.144086
0.100874
0.361171
-0.219597
0.00291824
0.195528
-2.27504
-0.143012
0.137205
0.147074
0.147074
0.144086
0.159718
0.0829153
0.216743
-0.117707
0.12397
4.63403
0.109883
0.149526
0.147074
0.147074
0.147074
0.147074
0.0735314
-0.0912376
-0.364114
0.305503
0.0949569
0.149526
0.147074
0.147074
0.147074
0.144219
0.174523
0.174523
0.103701
-0.76847
3.02433
4.85353
6.52761
-1.34308
-49.2126
-3.30968
0.174523
0.174523
0.174523
0.535603
2.52526
7.49169
4.22463
3.14404
-4.46577
2.28118
1.01477
0.174523
0.121429
0.121429
-0.072047
-2.49863
-2.00678
2.3251
1.34578
3.19054
-2.29059
-0.116138
0.174523
0.174523
0.121429
0.147397
-0.0204577
10.0618
1.20559
1.96766
-143.555
1.2086
0.0735007
0.174523
0.174523
0.174523
0.174523
2.54344
8.90746
-0.68627
9.9476
1.5449
0.0735007
0.174523
0.174523
0.174523
0.14144
0.174523
-0.045727
-0.045727
0.584462
-0.293283
-0.425922
-0.1098
-0.176522
0.264606
19.1322
2.1248
-0.045727
-0.045727
-0.045727
-2.5397
1.90028
-0.0716435
0.0540643
-0.148778
0.268042
-0.100115
-1.76354
-0.045727
-1.06473
-1.06473
0.017301
-5.06837
4.15904
0.697795
0.236407
15.6082
-3.16506
0.21348
-0.045727
-0.045727
-1.06473
-0.849047
-2.30383
1.59721
0.668281
0.106254
4.15821
-0.744726
1.20506
-0.045727
-0.045727
-0.045727
-0.045727
4.05657
1.5967
1.16172
0.164603
-0.200349
1.20506
-0.045727
-0.045727
-0.045727
-1.21162
-0.045727
-0.201181
-0.235024
-0.235024
0.0479677
-0.0548168
0.509574
-3.98757
3.39995
-8.46943
-107.55
0.123685
-0.235024
-0.235024
-0.235024
-0.497947
-3.68447
3.61187
-0.41727
0.468137
-3.88315
2.79023
-0.591448
-0.235024
-0.22267
-0.22267
-1.96156
-3.21764
0.534051
-2.91342
2.83193
9.87716
2.13196
-0.167911
-0.235024
-0.235024
-0.22267
-0.19206
0.256692
-0.136766
-2.25238
0.552729
10.8415
-0.00951353
-0.191291
-0.235024
-0.235024
-0.235024
-0.235024
-0.407292
-0.969556
10.8337
6.90207
0.0789659
-0.191291
-0.235024
-0.235024
-0.235024
-0.226378
-0.235024
-0.549519
1.05706
-3.20205
-3.20205
-4.72323
16.5062
4.61798
-3.79888
-48.0811
-18.4487
-35.3862
37.3909
-3.20205
-3.20205
-3.20205
-14.5196
9.79664
-4.00584
45.3677
20.5371
9.97897
-2.42789
13.8351
-3.20205
4.12181
4.12181
-9.82708
6.24334
-73.1214
-7.12223
-22.3662
-11.2365
1.69927
8.20652
-3.20205
-3.20205
4.12181
-5.49812
25.6454
3.53158
-44.8467
-7.77184
85.8412
50.331
24.5291
-3.20205
-3.20205
-3.20205
-3.20205
0.979544
26.9221
17.5448
61.2728
60.2237
24.5291
-3.20205
-3.20205
-3.20205
-4.34374
-3.20205
4.56906
-40.4106
16.3213
0.2592
0.2592
0.228027
0.1744
-0.126849
3.60079
0.514738
0.659903
5.30253
0.519833
0.2592
0.2592
0.2592
0.170096
-10.2798
1.02602
0.717151
2.77022
-0.970611
-0.588049
0.184417
0.2592
0.255487
0.255487
0.140143
-0.784597
0.348408
0.00976601
-3.58995
-2.31881
-0.070438
0.248567
0.2592
0.2592
0.255487
0.264315
0.0148431
0.570174
-0.0755605
-2.42574
4.27117
0.21253
0.256014
0.2592
0.2592
0.2592
0.2592
-0.0913457
1.33716
-0.331736
-5.63063
0.195231
0.256014
0.2592
0.2592
0.2592
0.255109
0.2592
0.156269
2.11417
-0.264647
11.1118
0.147074
0.147074
0.128498
0.406444
0.452496
0.295966
0.774538
0.602053
5.24406
0.41393
0.147074
0.147074
0.147074
0.09983
0.0938314
0.306319
-0.0381117
0.180829
-0.847049
-0.575195
0.104698
0.147074
0.144086
0.144086
0.100874
0.361171
-0.219597
0.00291824
0.195528
-2.27504
-0.143012
0.137205
0.147074
0.147074
0.144086
0.159718
0.0829153
0.216743
-0.117707
0.12397
4.63403
0.109883
0.149526
0.147074
0.147074
0.147074
0.147074
0.0735314
-0.0912376
-0.364114
0.305503
0.0949569
0.149526
0.147074
0.147074
0.147074
0.144219
0.147074
0.174523
-0.045727
-0.235024
-3.20205
0.2592
0.147074
0.147074
0.128498
0.406444
0.452496
0.295966
0.774538
0.602053
5.24406
0.41393
0.147074
0.147074
0.147074
0.09983
0.0938314
0.306319
-0.0381117
0.180829
-0.847049
-0.575195
0.104698
0.147074
0.144086
0.144086
0.100874
0.361171
-0.219597
0.00291824
0.195528
-2.27504
-0.143012
0.137205
0.147074
0.147074
0.144086
0.159718
0.0829153
0.216743
-0.117707
0.12397
4.63403
0.109883
0.149526
0.147074
0.147074
0.147074
0.147074
0.0735314
-0.0912376
-0.364114
0.305503
0.0949569
0.149526
0.147074
0.147074
0.147074
0.144219
0.147074
0.174523
-0.045727
-0.235024
-3.20205
0.2592
0.147074
0.147074
0.147074
0.128498
0.406444
0.452496
0.295966
0.774538
0.602053
5.24406
0.41393
0.147074
0.147074
0.147074
0.09983
0.0938314
0.306319
-0.0381117
0.180829
-0.847049
-0.575195
0.104698
0.147074
0.144086
0.144086
0.100874
0.361171
-0.219597
0.00291824
0.195528
-2.27504
-0.143012
0.137205
0.147074
0.147074
0.144086
0.159718
0.0829153
0.216743
-0.117707
0.12397
4.63403
0.109883
0.149526
0.147074
0.147074
0.147074
0.147074
0.0735314
-0.0912376
-0.364114
0.305503
0.0949569
0.149526
0.147074
0.147074
0.147074
0.144219
0.147074
0.174523
-0.045727
-0.235024
-3.20205
0.2592
0.147074
0.147074
0.147074
0.147074
0.128498
0.406444
0.452496
0.295966
0.774538
0.602053
5.24406
0.41393
0.147074
0.147074
0.147074
0.09983
0.0938314
0.306319
-0.0381117
0.180829
-0.847049
-0.575195
0.104698
0.147074
0.144086
0.144086
0.100874
0.361171
-0.219597
0.00291824
0.195528
-2.27504
-0.143012
0.137205
0.147074
0.147074
0.144086
0.159718
0.0829153
0.216743
-0.117707
0.12397
4.63403
0.109883
0.149526
0.147074
0.147074
0.147074
0.147074
0.0735314
-0.0912376
-0.364114
0.305503
0.0949569
0.149526
0.147074
0.147074
0.147074
0.144219
0.147074
0.174523
-0.045727
-0.235024
-3.20205
0.2592
0.147074
0.147074
0.147074
0.144219
0.144219
0.125066
0.372647
0.419455
0.0392712
3.41193
2.8964
5.05461
0.399161
0.144219
0.144219
0.144219
0.0997316
0.0498464
0.216939
-0.698212
0.616082
0.515123
-0.657348
0.097199
0.144219
0.132134
0.132134
0.0866462
0.297503
-0.321304
-1.16576
0.321985
-3.58105
-0.198458
0.134175
0.144219
0.144219
0.132134
0.151295
0.0655865
0.13034
0.19175
0.290758
3.48687
0.0999407
0.147059
0.144219
0.144219
0.144219
0.144219
0.0694311
-0.272518
-0.351436
1.76395
0.0821405
0.147059
0.144219
0.144219
0.144219
1.58273
0.144219
0.14144
-1.21162
-0.226378
-4.34374
0.255109
0.144219
0.144219
0.144219
0.144219
0.107356
0.107356
0.0477446
0.257471
0.312784
-0.0246743
-0.108763
-0.0705455
88.1311
2.57635
0.107356
0.107356
0.107356
0.509487
3.77483
1.35363
0.541393
3.83833
3.00645
0.296178
0.187156
0.107356
0.102706
0.102706
-0.0587005
-0.595944
0.0465942
-1.99018
2.54209
-4.10247
0.676878
0.0205457
0.107356
0.107356
0.102706
0.100503
0.0248828
1.05209
1.02748
-0.0908452
20.1823
1.03593
0.0972799
0.107356
0.107356
0.107356
0.107356
0.484414
0.936206
-0.9104
0.875083
0.832564
0.0972799
0.107356
0.107356
0.107356
0.100633
0.107356
2.60825
-1.35813
-0.813032
-11.6861
0.188719
0.107356
0.107356
0.107356
0.107356
0.100633
0.155765
0.155765
-0.242126
-2.66136
7.48505
3.33947
7.71691
-15.1657
-49.018
25.3967
0.155765
0.155765
0.155765
2.35926
-0.911159
7.52872
-8.12669
-0.705332
43.2806
4.69621
15.8521
0.155765
-0.903648
-0.903648
-1.73382
-7.45885
-4.3738
-38.0052
-20.1449
-24.0563
5.3115
1.93865
0.155765
0.155765
-0.903648
-0.0866559
-1.18297
-17.228
3.72157
33.7808
21.095
-9.37444
-1.0961
0.155765
0.155765
0.155765
0.155765
16.4949
62.8084
-0.3186
41.396
-6.6357
-1.0961
0.155765
0.155765
0.155765
-0.143809
0.155765
63.9238
56.1089
-30.4329
-11.9898
0.0212497
0.155765
0.155765
0.155765
0.155765
-0.143809
4.26726
-0.0361947
-0.0361947
2.06163
-9.43693
0.478468
0.0239823
-0.0744416
7.17943
-32.5283
4.97347
-0.0361947
-0.0361947
-0.0361947
-0.635177
0.324146
-0.671797
0.210531
0.514038
4.24898
3.50646
-1.5173
-0.0361947
0.318612
0.318612
-0.92494
11.6698
7.24436
1.34423
0.00555407
2.83885
-5.57314
0.642919
-0.0361947
-0.0361947
0.318612
-3.2694
-1.97433
-1.88419
2.56417
1.79163
35.9169
1.03675
0.0379099
-0.0361947
-0.0361947
-0.0361947
-0.0361947
3.38002
3.99937
2.51512
-0.376645
1.53026
0.0379099
-0.0361947
-0.0361947
-0.0361947
0.376328
-0.0361947
-6.73412
1.098
1.30932
-4.75734
0.557858
-0.0361947
-0.0361947
-0.0361947
-0.0361947
0.376328
-1.94406
7.9559
-0.0548586
-0.0548586
1.21417
6.99654
3.98096
7.76165
0.251056
0.0751507
11.8061
-4.39957
-0.0548586
-0.0548586
-0.0548586
-0.256583
-9.13506
0.160447
0.0997966
0.185285
-0.262256
0.206507
-0.701382
-0.0548586
0.0722932
0.0722932
1.01401
13.9262
19.7579
-0.172596
-0.0156534
-12.1952
1.61196
-1.56366
-0.0548586
-0.0548586
0.0722932
0.00630432
1.33669
-0.236037
-0.598349
0.569698
-12.6309
-0.741226
0.312492
-0.0548586
-0.0548586
-0.0548586
-0.0548586
0.0133976
0.05262
12.6814
0.691393
0.522086
0.312492
-0.0548586
-0.0548586
-0.0548586
0.226964
-0.0548586
2.24689
-0.0975019
10.0904
95.3324
-0.0484184
-0.0548586
-0.0548586
-0.0548586
-0.0548586
0.226964
-1.51679
9.81113
-5.97261
0.266406
0.266406
1.93341
1.004
0.903442
3.20132
5.03122
3.63956
110.436
-0.186627
0.266406
0.266406
0.266406
-1.13055
14.3968
8.60676
-1.51077
1.98703
-7.14263
-4.47386
-3.46789
0.266406
0.137806
0.137806
-0.77767
3.01424
-8.35044
0.49403
-4.58914
11.2031
-7.26423
0.176055
0.266406
0.266406
0.137806
-1.03178
2.06358
9.41496
13.752
-8.44851
159.857
-0.361214
0.10638
0.266406
0.266406
0.266406
0.266406
5.94948
4.08948
7.62224
4.57163
-0.935158
0.10638
0.266406
0.266406
0.266406
0.178485
0.266406
-0.503448
-2.59471
5.47112
49.9712
2.42353
0.266406
0.266406
0.266406
0.266406
0.178485
-3.09062
-25.4206
-4.9684
-2.24003
0.207506
0.207506
0.106225
2.94293
3.45009
2.86015
-2.41113
0.102973
4.9265
0.445437
0.207506
0.207506
0.207506
-0.203702
-1.15483
-2.36814
2.95269
2.83969
5.62773
1.54423
-0.114751
0.207506
0.194977
0.194977
-0.4446
4.89963
1.46451
2.26067
-0.388093
-3.74965
-0.370977
0.194998
0.207506
0.207506
0.194977
0.121373
1.00222
-2.41394
-2.89444
-2.01295
2.79168
0.155104
0.199357
0.207506
0.207506
0.207506
0.207506
0.650678
0.752138
-2.42521
3.35629
0.135786
0.199357
0.207506
0.207506
0.207506
0.199792
0.207506
-0.178257
0.0988762
0.662361
-7.89517
-0.0600929
0.207506
0.207506
0.207506
0.207506
0.199792
-0.100192
-0.79019
0.798577
-12.862
7.8866
0.147074
0.147074
0.128498
0.406444
0.452496
0.295966
0.774538
0.602053
5.24406
0.41393
0.147074
0.147074
0.147074
0.09983
0.0938314
0.306319
-0.0381117
0.180829
-0.847049
-0.575195
0.104698
0.147074
0.144086
0.144086
0.100874
0.361171
-0.219597
0.00291824
0.195528
-2.27504
-0.143012
0.137205
0.147074
0.147074
0.144086
0.159718
0.0829153
0.216743
-0.117707
0.12397
4.63403
0.109883
0.149526
0.147074
0.147074
0.147074
0.147074
0.0735314
-0.0912376
-0.364114
0.305503
0.0949569
0.149526
0.147074
0.147074
0.147074
0.144219
0.147074
0.174523
-0.045727
-0.235024
-3.20205
0.2592
0.147074
0.147074
0.147074
0.147074
0.144219
0.107356
0.155765
-0.0361947
-0.0548586
0.266406
0.207506
0.147074
0.147074
0.128498
0.406444
0.452496
0.295966
0.774538
0.602053
5.24406
0.41393
0.147074
0.147074
0.147074
0.09983
0.0938314
0.306319
-0.0381117
0.180829
-0.847049
-0.575195
0.104698
0.147074
0.144086
0.144086
0.100874
0.361171
-0.219597
0.00291824
0.195528
-2.27504
-0.143012
0.137205
0.147074
0.147074
0.144086
0.159718
0.0829153
0.216743
-0.117707
0.12397
4.63403
0.109883
0.149526
0.147074
0.147074
0.147074
0.147074
0.0735314
-0.0912376
-0.364114
0.305503
0.0949569
0.149526
0.147074
0.147074
0.147074
0.144219
0.147074
0.174523
-0.045727
-0.235024
-3.20205
0.2592
0.147074
0.147074
0.147074
0.147074
0.144219
0.107356
0.155765
-0.0361947
-0.0548586
0.266406
0.207506
0.147074
0.147074
0.147074
0.128498
0.406444
0.452496
0.295966
0.774538
0.602053
5.24406
0.41393
0.147074
0.147074
0.147074
0.09983
0.0938314
0.306319
-0.0381117
0.180829
-0.847049
-0.575195
0.104698
0.147074
0.144086
0.144086
0.100874
0.361171
-0.219597
0.00291824
0.195528
-2.27504
-0.143012
0.137205
0.147074
0.147074
0.144086
0.159718
0.0829153
0.216743
-0.117707
0.12397
4.63403
0.109883
0.149526
0.147074
0.147074
0.147074
0.147074
0.0735314
-0.0912376
-0.364114
0.305503
0.0949569
0.149526
0.147074
0.147074
0.147074
0.144219
0.147074
0.174523
-0.045727
-0.235024
-3.20205
0.2592
0.147074
0.147074
0.147074
0.147074
0.144219
0.107356
0.155765
-0.0361947
-0.0548586
0.266406
0.207506
0.147074
0.147074
0.147074
0.147074
0.128498
0.406444
0.452496
0.295966
0.774538
0.602053
5.24406
0.41393
0.147074
0.147074
0.147074
0.09983
0.0938314
0.306319
-0.0381117
0.180829
-0.847049
-0.575195
0.104698
0.147074
0.144086
0.144086
0.100874
0.361171
-0.219597
0.00291824
0.195528
-2.27504
-0.143012
0.137205
0.147074
0.147074
0.144086
0.159718
0.0829153
0.216743
-0.117707
0.12397
4.63403
0.109883
0.149526
0.147074
0.147074
0.147074
0.147074
0.0735314
-0.0912376
-0.364114
0.305503
0.0949569
0.149526
0.147074
0.147074
0.147074
0.144219
0.147074
0.174523
-0.045727
-0.235024
-3.20205
0.2592
0.147074
0.147074
0.147074
0.147074
0.144219
0.107356
0.155765
-0.0361947
-0.0548586
0.266406
0.207506
0.147074
0.147074
0.147074
0.147073
0.147073
0.125877
0.331419
0.369701
-0.040303
3.70904
-0.669246
19.3519
5.21082
0.147073
0.147073
0.147073
0.0906242
-0.0454259
-0.041497
-0.929382
0.014711
4.30839
-0.358087
-0.401178
0.147073
0.1113
0.1113
0.0784571
0.213356
-0.446134
-1.64412
2.17861
-3.38283
1.08913
0.0661114
0.147073
0.147073
0.1113
0.144379
0.0525418
-0.0959609
2.23946
0.456694
25.1709
-0.440083
0.146093
0.147073
0.147073
0.147073
0.147073
0.0530962
-1.82868
-0.314606
2.74067
-0.630603
0.146093
0.147073
0.147073
0.147073
2.09671
0.147073
0.917274
-1.13527
-0.152176
7.30375
0.257092
0.147073
0.147073
0.147073
0.147073
2.09671
1.43521
1.54615
1.02379
0.950696
0.0147505
0.197861
0.147073
0.147073
0.147073
0.147073
0.0375472
0.0375472
-0.0917607
-0.422885
-1.04049
-3.67329
-2.56828
10.6955
26.5643
4.32155
0.0375472
0.0375472
0.0375472
0.936002
2.82727
-3.03009
-10.8525
-2.03161
4.75369
4.36781
14.4795
0.0375472
-0.0785059
-0.0785059
-0.33316
-1.99295
7.45901
2.19241
-0.252845
12.4178
-2.2762
1.44707
0.0375472
0.0375472
-0.0785059
-0.0226296
-0.235302
-1.29561
3.07355
3.75646
201.396
0.791282
-0.113622
0.0375472
0.0375472
0.0375472
0.0375472
5.86575
10.6653
-0.703835
-15.0981
4.97632
-0.113622
0.0375472
0.0375472
0.0375472
-0.0143799
0.0375472
27.553
4.21941
3.14192
-26.5127
0.0721982
0.0375472
0.0375472
0.0375472
0.0375472
-0.0143799
2.24651
61.995
-0.401525
-7.98487
12.718
-0.309146
0.0375472
0.0375472
0.0375472
0.0375472
5.75117
-0.172379
-0.172379
-0.296306
-2.90055
1.65616
-0.626849
0.79655
1.30587
63.6319
1.17021
-0.172379
-0.172379
-0.172379
0.0873922
-12.1314
-1.9599
-0.0249224
0.398666
-1.20446
9.77165
0.69154
-0.172379
-2.26591
-2.26591
0.345698
-4.94569
-5.74891
0.58206
3.76519
-6.68856
-0.421726
-0.124575
-0.172379
-0.172379
-2.26591
-0.247722
-0.456598
-0.765604
-0.0581774
0.863739
137.385
0.64033
0.245535
-0.172379
-0.172379
-0.172379
-0.172379
2.09304
1.59568
0.321642
1.0781
0.709784
0.245535
-0.172379
-0.172379
-0.172379
-0.353888
-0.172379
4.83704
1.36693
-1.82534
16.6454
-0.21495
-0.172379
-0.172379
-0.172379
-0.172379
-0.353888
0.207072
63.8613
6.08289
-0.183564
-8.13814
-0.747431
-0.172379
-0.172379
-0.172379
-0.172379
-0.524249
6.57007
-1.82547
-1.82547
-3.13234
-20.1247
-15.8305
3.02392
27.2263
2.18211
-4.1224
20.4529
-1.82547
-1.82547
-1.82547
8.4299
-2.25053
15.9245
-2.14827
-5.09736
6.59396
-11.3265
-5.43007
-1.82547
-1.71764
-1.71764
-5.96659
3.53197
-15.4028
1.0773
5.04862
-0.270791
-1.63433
-3.02666
-1.82547
-1.82547
-1.71764
11.9543
5.57507
-7.08912
0.311746
-17.5792
94.6054
-1.8092
-1.58402
-1.82547
-1.82547
-1.82547
-1.82547
-5.20646
-2.90172
-7.80096
13.8445
4.04612
-1.58402
-1.82547
-1.82547
-1.82547
-1.68693
-1.82547
13.3552
-8.76616
11.3923
12.5053
-0.527204
-1.82547
-1.82547
-1.82547
-1.82547
-1.68693
0.858422
-46.0004
36.5343
12.4907
-3.77841
11.9854
-1.82547
-1.82547
-1.82547
-1.82547
-10.4399
0.815574
1.86857
-0.216904
-0.216904
-0.10375
4.88416
5.14128
-0.0222294
0.000486319
-0.106382
37.1285
-3.77406
-0.216904
-0.216904
-0.216904
1.72099
0.00194768
-0.339232
-0.0734738
0.167364
0.230209
1.60609
-1.41601
-0.216904
0.741292
0.741292
2.48417
-2.93421
3.0007
0.374295
-0.579869
3.04791
-1.99128
-0.281177
-0.216904
-0.216904
0.741292
-0.127897
2.12782
0.599834
4.18386
0.152324
-99.5695
-3.4283
-1.24067
-0.216904
-0.216904
-0.216904
-0.216904
2.08493
0.0348217
-0.899485
0.948941
1.35456
-1.24067
-0.216904
-0.216904
-0.216904
0.877272
-0.216904
1.61189
-0.0408531
5.06239
45.3248
-0.223345
-0.216904
-0.216904
-0.216904
-0.216904
0.877272
0.924644
35.4144
-0.303216
0.899387
19.2743
0.375995
-0.216904
-0.216904
-0.216904
-0.216904
0.485512
-8.12455
-1.62336
-6.7721
-0.497802
-0.497802
0.54978
13.5405
-0.0710047
9.86762
-1.72353
1.1664
31.4803
-2.38749
-0.497802
-0.497802
-0.497802
1.93411
1.17407
15.4399
-4.6093
20.0292
18.2121
-10.6374
-0.791293
-0.497802
-0.723152
-0.723152
-7.36832
13.4988
21.0579
8.43905
3.60228
6.02681
13.3915
-0.692821
-0.497802
-0.497802
-0.723152
11.6722
12.4636
14.3921
-6.78653
-14.9116
-115.538
-2.06062
-0.718791
-0.497802
-0.497802
-0.497802
-0.497802
7.12355
-23.2836
-12.6336
5.31804
-3.68506
-0.718791
-0.497802
-0.497802
-0.497802
-0.691217
-0.497802
-1.92099
13.6518
1.14552
77.5432
3.90643
-0.497802
-0.497802
-0.497802
-0.497802
-0.691217
0.227479
38.2218
8.93393
2.79215
49.7639
20.1295
-0.497802
-0.497802
-0.497802
-0.497802
-1.22834
1.4588
-18.0294
-18.441
16.5496
0.0528964
0.0528964
0.646473
2.23358
1.89237
2.26091
-3.08087
-2.47508
-10.7714
0.173818
0.0528964
0.0528964
0.0528964
0.892459
24.7467
1.92583
3.57441
2.03485
9.23085
2.08575
0.547848
0.0528964
0.0397896
0.0397896
0.844905
2.69766
-3.28701
1.34999
-0.127859
3.56727
3.43231
0.0348553
0.0528964
0.0528964
0.0397896
-0.0790696
0.98401
-1.35985
-2.41845
-2.08707
-4.98174
-0.0275298
0.0394654
0.0528964
0.0528964
0.0528964
0.0528964
1.3095
1.75839
-0.660827
3.53706
-0.100364
0.0394654
0.0528964
0.0528964
0.0528964
0.0493989
0.0528964
0.304365
2.27755
-1.62637
-21.7146
-0.0751908
0.0528964
0.0528964
0.0528964
0.0528964
0.0493989
0.433725
0.673752
1.11
-0.896648
2.62089
1.59114
0.0528964
0.0528964
0.0528964
0.0528964
0.0383916
0.723003
-1.59841
-2.85575
-1.75963
17.2033
0.110469
0.110469
0.0243291
-0.913464
1.19328
3.96673
8.45789
5.62983
-9.92728
0.273542
0.110469
0.110469
0.110469
0.392337
17.6932
4.38407
1.57838
1.95202
2.50178
2.59666
0.688149
0.110469
0.103618
0.103618
-0.291206
1.57547
1.02127
3.19191
0.014469
-5.49766
-0.780996
0.0994274
0.110469
0.110469
0.103618
0.0892076
-0.322096
2.77507
-1.08891
-0.758107
-2.28108
0.0435077
0.108174
0.110469
0.110469
0.110469
0.110469
-0.0908797
-3.10041
-0.751633
-11.2412
-0.0346183
0.108174
0.110469
0.110469
0.110469
0.106942
0.110469
0.455351
-3.33678
-0.708884
-21.749
0.163158
0.110469
0.110469
0.110469
0.110469
0.106942
0.538615
2.28329
-2.24361
3.2589
3.55438
0.944899
0.110469
0.110469
0.110469
0.110469
0.101811
0.912913
-0.0618872
10.4286
1.90587
-6.29608
1.0755
0.147074
0.147074
0.128498
0.406444
0.452496
0.295966
0.774538
0.602053
5.24406
0.41393
0.147074
0.147074
0.147074
0.09983
0.0938314
0.306319
-0.0381117
0.180829
-0.847049
-0.575195
0.104698
0.147074
0.144086
0.144086
0.100874
0.361171
-0.219597
0.00291824
0.195528
-2.27504
-0.143012
0.137205
0.147074
0.147074
0.144086
0.159718
0.0829153
0.216743
-0.117707
0.12397
4.63403
0.109883
0.149526
0.147074
0.147074
0.147074
0.147074
0.0735314
-0.0912376
-0.364114
0.305503
0.0949569
0.149526
0.147074
0.147074
0.147074
0.144219
0.147074
0.174523
-0.045727
-0.235024
-3.20205
0.2592
0.147074
0.147074
0.147074
0.147074
0.144219
0.107356
0.155765
-0.0361947
-0.0548586
0.266406
0.207506
0.147074
0.147074
0.147074
0.147074
0.147073
0.0375472
-0.172379
-1.82547
-0.216904
-0.497802
0.0528964
0.110469
0.147074
0.147074
0.128498
0.406444
0.452496
0.295966
0.774538
0.602053
5.24406
0.41393
0.147074
0.147074
0.147074
0.09983
0.0938314
0.306319
-0.0381117
0.180829
-0.847049
-0.575195
0.104698
0.147074
0.144086
0.144086
0.100874
0.361171
-0.219597
0.00291824
0.195528
-2.27504
-0.143012
0.137205
0.147074
0.147074
0.144086
0.159718
0.0829153
0.216743
-0.117707
0.12397
4.63403
0.109883
0.149526
0.147074
0.147074
0.147074
0.147074
0.0735314
-0.0912376
-0.364114
0.305503
0.0949569
0.149526
0.147074
0.147074
0.147074
0.144219
0.147074
0.174523
-0.045727
-0.235024
-3.20205
0.2592
0.147074
0.147074
0.147074
0.147074
0.144219
0.107356
0.155765
-0.0361947
-0.0548586
0.266406
0.207506
0.147074
0.147074
0.147074
0.147074
0.147073
0.0375472
-0.172379
-1.82547
-0.216904
-0.497802
0.0528964
0.110469
0.147074
0.178111
0.178111
0.15677
0.39688
0.454948
0.297833
0.735984
-2.86821
32.7235
4.28894
0.178111
0.178111
0.178111
0.120237
0.0458989
0.282894
-0.0549309
-0.135041
2.42826
-0.280603
-0.388943
0.178111
0.162203
0.162203
0.125467
0.319324
-0.239777
-0.133074
-0.559309
-1.84076
0.921456
-0.207168
0.178111
0.178111
0.162203
0.185476
0.1075
0.198878
-0.243547
0.14958
15.8176
-0.33092
0.176993
0.178111
0.178111
0.178111
0.178111
0.0923463
-2.99308
-0.303828
0.583343
-0.681031
0.176993
0.178111
0.178111
0.178111
0.17232
0.178111
-1.13608
0.0902023
-0.164057
8.71696
0.289756
0.178111
0.178111
0.178111
0.178111
0.17232
-0.491169
2.34807
1.25659
0.759399
0.170922
0.234417
0.178111
0.178111
0.178111
0.178111
1.50746
6.01923
-0.119245
-2.75642
-0.717201
-0.934415
0.0727422
0.134366
0.178111
0.178111
0.135655
0.135655
0.0515045
0.0345718
-0.0063058
-0.394961
-5.26349
7.54928
-45.4184
1.03615
0.135655
0.135655
0.135655
0.74291
3.47942
-0.575292
-0.710306
-1.78866
5.5881
-1.428
0.989648
0.135655
0.0785488
0.0785488
-0.080706
-1.0244
-0.366699
2.95558
-3.58081
2.79732
3.38646
1.30077
0.135655
0.135655
0.0785488
0.105335
-0.00548673
-4.33337
-0.729
0.432043
-46.5815
1.62563
0.0358287
0.135655
0.135655
0.135655
0.135655
0.402999
1.87295
-0.78315
-4.83819
2.74988
0.0358287
0.135655
0.135655
0.135655
0.11459
0.135655
2.30598
0.848853
-0.50195
38.8215
0.206266
0.135655
0.135655
0.135655
0.135655
0.11459
1.93692
21.9718
-2.48071
1.25347
7.45435
-0.108539
0.135655
0.135655
0.135655
0.135655
2.95956
14.3308
1.32403
-1.47518
-5.16588
3.12533
0.654336
0.802493
0.135655
0.135655
3.02023
-0.240693
-0.240693
-0.581165
-1.96916
-5.30109
36.0644
6.02323
16.8536
101.199
11.962
-0.240693
-0.240693
-0.240693
2.02149
0.881564
-28.1111
26.6465
31.422
15.1756
-1.2898
8.95572
-0.240693
-1.85268
-1.85268
-1.45767
-5.41533
-0.0669768
-11.003
23.1099
21.066
16.9499
0.520629
-0.240693
-0.240693
-1.85268
-0.477008
-1.24135
-4.92847
-13.7238
23.9784
86.6651
1.41317
-1.2738
-0.240693
-0.240693
-0.240693
-0.240693
7.72573
-14.132
-0.150291
14.0886
2.9669
-1.2738
-0.240693
-0.240693
-0.240693
-0.573403
-0.240693
13.6252
22.5252
-1.13776
69.2088
-0.271252
-0.240693
-0.240693
-0.240693
-0.240693
-0.573403
3.27363
85.5826
9.43915
-7.54298
-2.47713
-0.959907
-0.240693
-0.240693
-0.240693
-0.240693
0.395296
53.4227
-14.7614
-36.9992
-18.7072
19.0196
1.23658
1.99035
-0.240693
-0.240693
0.850709
12.9879
-0.542623
-0.542623
-0.807511
9.83622
5.15248
14.2369
0.64267
20.5403
24.13
-2.91216
-0.542623
-0.542623
-0.542623
1.13607
-19.3726
-12.0152
9.58134
22.2449
3.35897
-0.790163
4.96933
-0.542623
5.57816
5.57816
-0.283606
21.4676
7.54274
0.241069
13.0239
45.6239
16.3968
-2.24422
-0.542623
-0.542623
5.57816
-1.28503
-4.58359
-11.6716
3.78337
-0.470996
85.3941
-1.30199
0.289272
-0.542623
-0.542623
-0.542623
-0.542623
10.1287
10.4766
-11.2599
8.15715
9.42595
0.289272
-0.542623
-0.542623
-0.542623
-2.47547
-0.542623
4.10369
0.277889
-13.4465
0.676918
-2.15786
-0.542623
-0.542623
-0.542623
-0.542623
-2.47547
-9.64277
18.3024
7.60748
0.459994
5.75309
-2.74343
-0.542623
-0.542623
-0.542623
-0.542623
-13.5213
-7.40153
0.75347
13.1066
-1.86724
13.6598
0.204526
1.32567
-0.542623
-0.542623
-1.58393
-5.31212
28.7461
0.0522163
0.0522163
-0.374706
4.19758
0.867447
-0.415105
0.136993
0.30675
9.48086
-3.55058
0.0522163
0.0522163
0.0522163
1.26595
-7.37773
-0.811655
0.404431
0.165096
0.820821
-0.217611
-0.750823
0.0522163
0.320839
0.320839
-3.08937
4.56726
-5.73111
0.193142
0.993724
-13.4468
1.26393
0.0399229
0.0522163
0.0522163
0.320839
0.290106
1.56884
0.973522
1.46618
-0.345207
44.5623
-3.76254
-0.364944
0.0522163
0.0522163
0.0522163
0.0522163
-0.724623
0.147948
-1.74879
0.911983
-0.126667
-0.364944
0.0522163
0.0522163
0.0522163
0.215653
0.0522163
-1.57681
-0.0166574
2.18948
18.0005
1.48254
0.0522163
0.0522163
0.0522163
0.0522163
0.215653
-0.181725
-22.2258
-0.918261
0.867755
2.55651
1.80585
0.0522163
0.0522163
0.0522163
0.0522163
-0.88285
4.50976
-0.860865
19.702
0.278551
0.522497
-1.17189
2.24634
0.0522163
0.0522163
-0.986
0.0214459
6.74905
-0.72835
0.304127
0.304127
-0.476213
4.05228
0.863081
0.328351
0.326214
-0.131714
25.8366
-1.98899
0.304127
0.304127
0.304127
-0.584468
0.595993
0.519936
0.495658
0.0849547
1.10646
0.491526
-0.318838
0.304127
-0.965415
-0.965415
1.81667
-1.9404
0.259232
0.483195
0.202412
9.57369
-3.38512
0.267507
0.304127
0.304127
-0.965415
1.23099
3.30889
-1.16754
1.86627
0.591272
160.02
-0.435143
-0.115798
0.304127
0.304127
0.304127
0.304127
1.24736
0.306343
-2.10861
0.0129651
-0.747523
-0.115798
0.304127
0.304127
0.304127
1.21625
0.304127
-0.322254
-0.128037
4.95208
-11.3315
1.49496
0.304127
0.304127
0.304127
0.304127
1.21625
0.0547711
3.13587
-0.206362
0.744138
-4.35397
0.780642
0.304127
0.304127
0.304127
0.304127
1.39295
-6.04001
0.184199
2.82751
1.32845
-12.6746
-1.74074
0.168439
0.304127
0.304127
0.248868
-0.810187
-25.8056
-0.626837
-0.6005
1.19906
1.19906
3.58776
57.1241
-16.2279
0.121452
-24.1488
15.6654
-4.86268
0.649808
1.19906
1.19906
1.19906
1.84102
-6.38374
-15.4479
-16.2154
-13.9824
-28.9494
-39.4059
-1.32937
1.19906
1.13343
1.13343
-15.7915
14.316
16.3888
10.9651
27.8896
2.73553
20.2599
1.07899
1.19906
1.19906
1.13343
-13.7298
-21.7211
-2.08714
-5.69822
-26.3326
-20.1313
0.35692
0.688458
1.19906
1.19906
1.19906
1.19906
25.9707
2.812
12.7174
-19.2724
0.234763
0.688458
1.19906
1.19906
1.19906
1.13584
1.19906
15.0628
1.2613
5.85344
15.8766
-24.6198
1.19906
1.19906
1.19906
1.19906
1.13584
-0.689245
16.93
-4.62934
-7.30243
19.7835
-9.01268
1.19906
1.19906
1.19906
1.19906
0.978124
-12.1858
0.502111
1.32638
5.54807
34.5794
34.1749
19.1135
1.19906
1.19906
1.10042
-8.06499
-18.1815
-2.81285
-0.462604
17.418
0.110304
0.110304
0.692319
2.72657
2.03642
3.61553
7.42175
5.26401
4.70035
0.324787
0.110304
0.110304
0.110304
0.609484
20.9955
-1.78676
2.61393
0.331463
-2.46054
1.52018
-0.0163785
0.110304
0.10247
0.10247
1.79275
5.40581
0.711693
-1.70101
3.64007
14.1569
-0.572635
0.0939541
0.110304
0.110304
0.10247
0.0812115
-0.0942193
-4.48344
-0.0711663
-0.710166
2.50614
0.058609
0.10458
0.110304
0.110304
0.110304
0.110304
-0.104146
3.72188
0.750982
-2.07144
0.0412726
0.10458
0.110304
0.110304
0.110304
0.101943
0.110304
0.0275577
4.20435
0.335158
-11.8256
0.176397
0.110304
0.110304
0.110304
0.110304
0.101943
0.0267455
-0.924406
-0.507232
1.50412
1.4263
-0.268579
0.110304
0.110304
0.110304
0.110304
0.0993294
-0.2144
-0.573384
-2.56507
0.435989
-11.9979
-0.236832
1.53422
0.110304
0.110304
0.136804
0.00633463
-1.03678
-13.3243
1.20602
-1.18528
30.3431
0.09983
0.09983
0.643126
0.0548817
-0.980846
-0.109416
0.00589086
-1.68783
-9.89902
0.235269
0.09983
0.09983
0.09983
0.975235
5.42589
-3.11433
-0.423904
0.447883
-2.52101
-0.503554
0.609275
0.09983
0.0967301
0.0967301
0.624271
0.941683
0.0276854
0.626568
-0.132902
-4.70296
-0.802456
0.0819459
0.09983
0.09983
0.0967301
0.0884275
0.466969
1.13546
-1.83008
-0.0316691
-1.9349
0.0300542
0.0975355
0.09983
0.09983
0.09983
0.09983
0.853866
0.189744
-0.0315674
0.0782382
-0.0435557
0.0975355
0.09983
0.09983
0.09983
0.0997316
0.09983
0.535603
-2.5397
-0.497947
-14.5196
0.170096
0.09983
0.09983
0.09983
0.09983
0.0997316
0.509487
2.35926
-0.635177
-0.256583
-1.13055
-0.203702
0.09983
0.09983
0.09983
0.09983
0.0906242
0.936002
0.0873922
8.4299
1.72099
1.93411
0.892459
0.392337
0.09983
0.09983
0.120237
0.74291
2.02149
1.13607
1.26595
-0.584468
1.84102
0.609484
0.147074
0.147074
0.128498
0.406444
0.452496
0.295966
0.774538
0.602053
5.24406
0.41393
0.147074
0.147074
0.147074
0.09983
0.0938314
0.306319
-0.0381117
0.180829
-0.847049
-0.575195
0.104698
0.147074
0.144086
0.144086
0.100874
0.361171
-0.219597
0.00291824
0.195528
-2.27504
-0.143012
0.137205
0.147074
0.147074
0.144086
0.159718
0.0829153
0.216743
-0.117707
0.12397
4.63403
0.109883
0.149526
0.147074
0.147074
0.147074
0.147074
0.0735314
-0.0912376
-0.364114
0.305503
0.0949569
0.149526
0.147074
0.147074
0.147074
0.144219
0.147074
0.174523
-0.045727
-0.235024
-3.20205
0.2592
0.147074
0.147074
0.147074
0.147074
0.144219
0.107356
0.155765
-0.0361947
-0.0548586
0.266406
0.207506
0.147074
0.147074
0.147074
0.147074
0.147073
0.0375472
-0.172379
-1.82547
-0.216904
-0.497802
0.0528964
0.110469
0.147074
0.147074
0.178111
0.135655
-0.240693
-0.542623
0.0522163
0.304127
1.19906
0.110304
0.09983
0.147074
0.147074
0.128498
0.406444
0.452496
0.295966
0.774538
0.602053
5.24406
0.41393
0.147074
0.147074
0.147074
0.09983
0.0938314
0.306319
-0.0381117
0.180829
-0.847049
-0.575195
0.104698
0.147074
0.144086
0.144086
0.100874
0.361171
-0.219597
0.00291824
0.195528
-2.27504
-0.143012
0.137205
0.147074
0.147074
0.144086
0.159718
0.0829153
0.216743
-0.117707
0.12397
4.63403
0.109883
0.149526
0.147074
0.147074
0.147074
0.147074
0.0735314
-0.0912376
-0.364114
0.305503
0.0949569
0.149526
0.147074
0.147074
0.147074
0.144219
0.147074
0.174523
-0.045727
-0.235024
-3.20205
0.2592
0.147074
0.147074
0.147074
0.147074
0.144219
0.107356
0.155765
-0.0361947
-0.0548586
0.266406
0.207506
0.147074
0.147074
0.147074
0.147074
0.147073
0.0375472
-0.172379
-1.82547
-0.216904
-0.497802
0.0528964
0.110469
0.147074
0.147074
0.178111
0.135655
-0.240693
-0.542623
0.0522163
0.304127
1.19906
0.110304
0.09983
0.147074
0.230137
0.230137
0.198606
0.398148
0.385517
0.320378
0.763622
-0.391629
-30.7222
0.0523526
0.230137
0.230137
0.230137
0.12765
-0.0393904
0.116404
-0.14122
-0.0472446
2.91323
0.19082
1.97046
0.230137
0.21198
0.21198
0.163672
0.295141
-0.332118
-3.55501
-0.184372
-0.906418
2.14056
1.1693
0.230137
0.230137
0.21198
0.23356
0.14664
-0.600319
0.288894
0.361197
36.8595
1.45235
0.224544
0.230137
0.230137
0.230137
0.230137
0.109933
-2.30087
-0.121098
3.80153
0.728492
0.224544
0.230137
0.230137
0.230137
0.224114
0.230137
0.487869
0.643761
-0.00386337
0.178705
0.341222
0.230137
0.230137
0.230137
0.230137
0.224114
-1.46367
5.55024
-1.53843
-4.14449
0.118765
0.282836
0.230137
0.230137
0.230137
0.230137
-1.61928
4.45541
0.0379305
-6.42856
-0.472164
-1.12725
0.0884354
0.160097
0.230137
0.230137
1.51354
4.88137
2.5474
-8.68883
-0.251865
0.158174
0.952137
0.176629
0.12765
0.230137
0.230137
0.461885
0.461885
0.353089
0.17422
0.0313043
-0.488308
-4.97299
5.22736
57.07
3.63332
0.461885
0.461885
0.461885
1.9061
4.28556
0.43982
-0.551868
0.558137
-6.46424
16.305
4.90659
0.461885
0.34177
0.34177
0.171163
-1.1167
0.199362
-9.42432
3.3743
7.32941
4.13295
-7.17845
0.461885
0.461885
0.34177
0.409535
0.257998
0.204886
6.95337
0.587151
83.1434
-2.17522
0.334594
0.461885
0.461885
0.461885
0.461885
1.7532
0.215723
-1.69595
13.8008
-2.48585
0.334594
0.461885
0.461885
0.461885
0.420956
0.461885
4.37831
0.74211
-0.421498
36.9934
0.5338
0.461885
0.461885
0.461885
0.461885
0.420956
3.05188
12.1917
-2.08141
3.57832
-6.80534
0.196371
0.461885
0.461885
0.461885
0.461885
1.77623
-1.85603
3.02137
-8.45271
-0.494873
-7.09009
1.79313
1.98156
0.461885
0.461885
1.95524
9.27786
26.006
-20.9243
-2.47968
-3.80011
-1.96264
0.278344
1.9061
0.461885
0.461885
-5.05748
3.26227
3.26227
2.7275
-7.05412
-10.0644
3.78472
16.5526
-9.95562
-24.5144
16.6683
3.26227
3.26227
3.26227
8.87678
4.04275
-35.6062
-19.4792
8.68529
27.8347
36.6644
-29.3566
3.26227
-19.8082
-19.8082
1.75959
-20.0971
9.97506
10.2863
-5.73559
31.8336
-22.0062
-4.80311
3.26227
3.26227
-19.8082
3.08441
2.20571
-17.9172
23.1606
50.6923
-3.3238
8.5814
15.4968
3.26227
3.26227
3.26227
3.26227
37.2027
9.9537
-6.94451
-7.48167
10.7645
15.4968
3.26227
3.26227
3.26227
2.90593
3.26227
-8.90003
-23.1476
37.1962
61.5558
3.25032
3.26227
3.26227
3.26227
3.26227
2.90593
1.41649
-26.1691
-59.4846
9.61317
15.8193
-14.9129
3.26227
3.26227
3.26227
3.26227
-4.78669
-2.96208
10.3458
18.4343
-9.92097
9.20019
-9.38443
-8.4757
3.26227
3.26227
-1.09235
-19.0494
59.5624
75.8494
-25.8388
-7.25057
-27.5107
2.32016
8.87678
3.26227
3.26227
-27.3602
21.5786
0.347009
0.347009
0.190095
7.34201
0.758133
0.173451
-0.278438
0.160754
47.0386
3.20432
0.347009
0.347009
0.347009
0.0745108
-10.1423
-4.01298
0.314968
0.229925
1.02689
3.1019
-7.60661
0.347009
1.06394
1.06394
-0.135436
2.53395
5.71325
0.378271
14.6708
12.553
7.78383
0.276029
0.347009
0.347009
1.06394
-3.09658
-5.27976
0.507911
0.626398
0.763322
-17.1429
3.58193
2.05883
0.347009
0.347009
0.347009
0.347009
3.74556
0.159575
-3.74386
0.590864
3.47848
2.05883
0.347009
0.347009
0.347009
-1.51648
0.347009
0.369045
0.0110726
1.3646
17.8247
0.216819
0.347009
0.347009
0.347009
0.347009
-1.51648
-11.11
12.8465
0.345328
0.198197
-2.43898
-0.0336813
0.347009
0.347009
0.347009
0.347009
0.921189
-12.7732
-0.295692
13.2537
-0.138957
6.94168
3.42134
0.541961
0.347009
0.347009
3.0652
-4.34653
-29.2425
14.5128
1.03027
-0.89035
-3.6781
-4.91234
0.0745108
0.347009
0.347009
0.017426
-13.1736
-28.9749
0.501474
0.501474
-0.761504
2.85023
-0.417876
0.352101
0.259431
-0.144005
-37.766
-1.17001
0.501474
0.501474
0.501474
-0.995233
22.6579
0.345207
0.760577
0.353879
0.381174
3.62007
-0.918896
0.501474
0.972556
0.972556
1.87604
15.6163
1.64228
0.451701
0.150934
16.769
-3.01066
0.431605
0.501474
0.501474
0.972556
0.806055
-7.18521
-0.451544
1.97137
0.807361
118.613
-0.143083
0.270378
0.501474
0.501474
0.501474
0.501474
2.83224
0.0970665
0.681906
-0.0830768
-3.54092
0.270378
0.501474
0.501474
0.501474
1.04224
0.501474
3.38839
0.34284
6.13101
25.7183
1.19603
0.501474
0.501474
0.501474
0.501474
1.04224
-0.0975358
-17.5501
-0.705201
0.522861
11.5581
4.36909
0.501474
0.501474
0.501474
0.501474
0.848954
-8.24646
-1.87315
-1.60104
-0.0525736
-31.7396
-3.90752
-7.16753
0.501474
0.501474
0.367989
-2.89301
-23.5036
-10.621
1.60629
-0.219333
-8.47199
-2.00473
-0.995233
0.501474
0.501474
-0.135916
-3.9724
-25.8811
-0.903423
0.138091
0.138091
-1.1907
2.14346
0.0956519
0.126928
-0.221366
-6.60215
-6.44128
-0.485349
0.138091
0.138091
0.138091
-1.50611
2.23443
0.541439
-0.200866
0.387063
-0.406717
-1.20001
-0.609219
0.138091
-0.725736
-0.725736
3.33993
1.31251
0.291143
0.391957
-0.0831058
7.65421
7.31066
0.0707773
0.138091
0.138091
-0.725736
1.59074
0.899432
0.284487
1.06733
0.104224
37.0904
-0.582779
-0.249346
0.138091
0.138091
0.138091
0.138091
4.98865
0.285748
-0.0540143
-0.125516
-0.646526
-0.249346
0.138091
0.138091
0.138091
-0.423144
0.138091
-1.37427
0.221068
-2.57568
30.3805
1.72146
0.138091
0.138091
0.138091
0.138091
-0.423144
-0.232354
-17.702
-0.325113
5.92058
0.181135
4.41603
0.138091
0.138091
0.138091
0.138091
-0.577816
-3.59938
-1.89706
0.330778
-0.0197357
7.72522
-2.15148
1.66224
0.138091
0.138091
0.121711
-0.893764
-17.99
-4.99487
-0.473383
1.10053
-6.83928
1.81168
-1.50611
0.138091
0.138091
-0.00450082
-1.39739
-20.6438
-0.540084
-0.71883
0.391958
0.391958
-1.05924
3.47494
0.53777
0.385876
-0.36032
0.571527
2.20526
0.192406
0.391958
0.391958
0.391958
-1.14747
10.8684
-0.706606
0.202223
-1.22748
6.37099
3.51986
-0.0809234
0.391958
0.375809
0.375809
-0.0813633
10.8045
6.45399
-0.640715
-9.95507
1.47695
-4.75888
0.295544
0.391958
0.391958
0.375809
-0.359569
-1.98968
0.873748
0.821828
-0.946211
-11.1796
-0.133591
0.0442658
0.391958
0.391958
0.391958
0.391958
0.193589
-0.237296
3.75687
1.09383
-0.157154
0.0442658
0.391958
0.391958
0.391958
0.367105
0.391958
-0.217767
-0.0785729
1.79323
47.1824
-0.14607
0.391958
0.391958
0.391958
0.391958
0.367105
0.242748
-6.89602
-0.673416
-3.00378
-11.9072
1.46798
0.391958
0.391958
0.391958
0.391958
0.314482
-1.00598
0.527107
4.3193
-0.457022
5.05844
-5.6252
0.51041
0.391958
0.391958
0.337917
-0.157671
-5.10228
-5.75761
0.165359
0.381053
17.1303
2.65381
-1.14747
0.391958
0.391958
0.224963
-0.248456
-5.66876
0.228681
-7.25346
-0.35367
0.104411
0.104411
0.609917
3.81545
0.971654
-4.02818
-0.210036
-0.882064
4.53836
0.317229
0.104411
0.104411
0.104411
0.486574
-7.22701
2.06543
-2.6116
1.55441
-1.62413
1.79374
-0.0536027
0.104411
0.0980161
0.0980161
1.22096
7.0127
0.206952
-3.87618
-1.81349
-9.12171
-0.582938
0.0874633
0.104411
0.104411
0.0980161
0.100679
0.137349
3.87949
-1.82781
-1.428
2.63087
0.0515187
0.0929702
0.104411
0.104411
0.104411
0.104411
-0.00174934
1.22397
-0.360238
-0.0174749
0.0385451
0.0929702
0.104411
0.104411
0.104411
0.10099
0.104411
0.00594443
2.143
-0.82377
-8.92422
0.187424
0.104411
0.104411
0.104411
0.104411
0.10099
-0.010153
-1.28119
-0.542073
-5.27407
3.388
-0.0359314
0.104411
0.104411
0.104411
0.104411
0.09912
-0.23692
1.42531
-2.65375
-1.12071
-2.91953
-0.227097
-0.0922143
0.104411
0.104411
0.130987
-0.0248768
-1.08772
11.414
-2.83907
-4.06059
3.66216
1.90863
0.486574
0.104411
0.104411
0.16961
0.244762
2.00847
6.14541
0.155951
-5.4721
3.18767
0.09983
0.09983
0.643126
0.0548817
-0.980846
-0.109416
0.00589086
-1.68783
-9.89902
0.235269
0.09983
0.09983
0.09983
0.975235
5.42589
-3.11433
-0.423904
0.447883
-2.52101
-0.503554
0.609275
0.09983
0.0967301
0.0967301
0.624271
0.941683
0.0276854
0.626568
-0.132902
-4.70296
-0.802456
0.0819459
0.09983
0.09983
0.0967301
0.0884275
0.466969
1.13546
-1.83008
-0.0316691
-1.9349
0.0300542
0.0975355
0.09983
0.09983
0.09983
0.09983
0.853866
0.189744
-0.0315674
0.0782382
-0.0435557
0.0975355
0.09983
0.09983
0.09983
0.0997316
0.09983
0.535603
-2.5397
-0.497947
-14.5196
0.170096
0.09983
0.09983
0.09983
0.09983
0.0997316
0.509487
2.35926
-0.635177
-0.256583
-1.13055
-0.203702
0.09983
0.09983
0.09983
0.09983
0.0906242
0.936002
0.0873922
8.4299
1.72099
1.93411
0.892459
0.392337
0.09983
0.09983
0.120237
0.74291
2.02149
1.13607
1.26595
-0.584468
1.84102
0.609484
0.975235
0.09983
0.09983
0.12765
1.9061
8.87678
0.0745108
-0.995233
-1.50611
-1.14747
0.486574
0.147074
0.147074
0.128498
0.406444
0.452496
0.295966
0.774538
0.602053
5.24406
0.41393
0.147074
0.147074
0.147074
0.09983
0.0938314
0.306319
-0.0381117
0.180829
-0.847049
-0.575195
0.104698
0.147074
0.144086
0.144086
0.100874
0.361171
-0.219597
0.00291824
0.195528
-2.27504
-0.143012
0.137205
0.147074
0.147074
0.144086
0.159718
0.0829153
0.216743
-0.117707
0.12397
4.63403
0.109883
0.149526
0.147074
0.147074
0.147074
0.147074
0.0735314
-0.0912376
-0.364114
0.305503
0.0949569
0.149526
0.147074
0.147074
0.147074
0.144219
0.147074
0.174523
-0.045727
-0.235024
-3.20205
0.2592
0.147074
0.147074
0.147074
0.147074
0.144219
0.107356
0.155765
-0.0361947
-0.0548586
0.266406
0.207506
0.147074
0.147074
0.147074
0.147074
0.147073
0.0375472
-0.172379
-1.82547
-0.216904
-0.497802
0.0528964
0.110469
0.147074
0.147074
0.178111
0.135655
-0.240693
-0.542623
0.0522163
0.304127
1.19906
0.110304
0.09983
0.147074
0.147074
0.230137
0.461885
3.26227
0.347009
0.501474
0.138091
0.391958
0.104411
0.09983
0.147074
0.147074
0.128498
0.406444
0.452496
0.295966
0.774538
0.602053
5.24406
0.41393
0.147074
0.147074
0.147074
0.09983
0.0938314
0.306319
-0.0381117
0.180829
-0.847049
-0.575195
0.104698
0.147074
0.144086
0.144086
0.100874
0.361171
-0.219597
0.00291824
0.195528
-2.27504
-0.143012
0.137205
0.147074
0.147074
0.144086
0.159718
0.0829153
0.216743
-0.117707
0.12397
4.63403
0.109883
0.149526
0.147074
0.147074
0.147074
0.147074
0.0735314
-0.0912376
-0.364114
0.305503
0.0949569
0.149526
0.147074
0.147074
0.147074
0.144219
0.147074
0.174523
-0.045727
-0.235024
-3.20205
0.2592
0.147074
0.147074
0.147074
0.147074
0.144219
0.107356
0.155765
-0.0361947
-0.0548586
0.266406
0.207506
0.147074
0.147074
0.147074
0.147074
0.147073
0.0375472
-0.172379
-1.82547
-0.216904
-0.497802
0.0528964
0.110469
0.147074
0.147074
0.178111
0.135655
-0.240693
-0.542623
0.0522163
0.304127
1.19906
0.110304
0.09983
0.147074
0.147074
0.230137
0.461885
3.26227
0.347009
0.501474
0.138091
0.391958
0.104411
0.09983
0.147074
0.147074
0.147074
0.128498
0.406444
0.452496
0.295966
0.774538
0.602053
5.24406
0.41393
0.147074
0.147074
0.147074
0.09983
0.0938314
0.306319
-0.0381117
0.180829
-0.847049
-0.575195
0.104698
0.147074
0.144086
0.144086
0.100874
0.361171
-0.219597
0.00291824
0.195528
-2.27504
-0.143012
0.137205
0.147074
0.147074
0.144086
0.159718
0.0829153
0.216743
-0.117707
0.12397
4.63403
0.109883
0.149526
0.147074
0.147074
0.147074
0.147074
0.0735314
-0.0912376
-0.364114
0.305503
0.0949569
0.149526
0.147074
0.147074
0.147074
0.144219
0.147074
0.174523
-0.045727
-0.235024
-3.20205
0.2592
0.147074
0.147074
0.147074
0.147074
0.144219
0.107356
0.155765
-0.0361947
-0.0548586
0.266406
0.207506
0.147074
0.147074
0.147074
0.147074
0.147073
0.0375472
-0.172379
-1.82547
-0.216904
-0.497802
0.0528964
0.110469
0.147074
0.147074
0.178111
0.135655
-0.240693
-0.542623
0.0522163
0.304127
1.19906
0.110304
0.09983
0.147074
0.147074
0.230137
0.461885
3.26227
0.347009
0.501474
0.138091
0.391958
0.104411
0.09983
0.147074
0.147074
0.314811
0.314811
0.29072
0.516479
0.523335
0.322238
0.0133187
-1.90317
-30.7462
-1.9348
0.314811
0.314811
0.314811
0.247268
0.123746
0.213367
-0.249515
-1.11808
7.20215
0.675332
-0.719928
0.314811
0.288524
0.288524
0.247512
0.404158
-0.303506
-0.881037
2.33908
-1.17937
1.35888
0.246603
0.314811
0.314811
0.288524
0.318622
0.230067
0.133104
-0.833042
0.337693
126.37
1.55522
0.300706
0.314811
0.314811
0.314811
0.314811
0.210192
-2.9369
-0.458155
1.05689
1.20015
0.300706
0.314811
0.314811
0.314811
0.303544
0.314811
-0.769346
-3.77956
-0.292663
-12.1014
0.424536
0.314811
0.314811
0.314811
0.314811
0.303544
-0.428006
-3.77674
0.15254
0.663494
0.246232
0.363871
0.314811
0.314811
0.314811
0.314811
0.00429499
0.651073
0.228151
18.2576
-3.20394
-0.931557
0.188228
0.257905
0.314811
0.314811
0.0239361
-2.72783
2.5597
-25.8251
-2.44645
-0.0257664
1.17386
0.263262
0.247268
0.314811
0.314811
0.0664111
7.81536
7.43788
-7.2288
0.0012971
0.00596244
0.390126
0.259679
0.247268
0.314811
0.314811
0.314811
0.552305
0.552305
0.522858
0.480864
0.586272
-1.00729
-7.04708
-0.0915028
-29.0892
-1.44282
0.552305
0.552305
0.552305
0.46956
-0.213382
-0.0841345
-2.69445
0.52137
9.45585
-0.13766
3.52315
0.552305
0.454271
0.454271
0.444477
0.00759375
-0.542237
-0.567438
8.01179
8.05227
4.00725
0.451185
0.552305
0.552305
0.454271
0.54196
0.442059
-3.0731
0.155356
0.789312
-17.0757
-3.57782
0.448243
0.552305
0.552305
0.552305
0.552305
0.31824
0.782183
-0.467434
0.572353
5.51069
0.448243
0.552305
0.552305
0.552305
0.521346
0.552305
-1.0585
0.00263067
2.16791
-11.007
0.65721
0.552305
0.552305
0.552305
0.552305
0.521346
-3.98818
-21.7699
0.809486
0.139598
-1.34156
0.56466
0.552305
0.552305
0.552305
0.552305
-1.09186
-1.67896
5.14332
-5.41868
-0.941216
-10.7641
0.366922
0.459846
0.552305
0.552305
-0.826601
-3.25663
-15.1787
3.21559
-0.597125
-2.10458
0.276305
0.468309
0.46956
0.552305
0.552305
0.118504
-1.00665
48.5698
0.605143
-4.85049
-0.335276
0.393601
0.464054
0.46956
0.552305
0.552305
0.552305
-2.80284
0.609618
0.609618
0.582826
0.240448
0.039677
-12.3979
0.026937
0.124223
-61.2965
0.512887
0.609618
0.609618
0.609618
0.472409
-2.23048
4.18783
1.09766
-0.276282
-0.264143
0.302943
0.32895
0.609618
-1.20234
-1.20234
0.422901
-1.56749
4.7699
0.458714
1.86868
48.6139
-5.05579
0.588273
0.609618
0.609618
-1.20234
0.58791
0.460407
-0.25545
-0.576999
1.6045
-0.27465
0.377434
0.575312
0.609618
0.609618
0.609618
0.609618
-0.532118
0.141181
-0.443458
-0.99641
-0.921258
0.575312
0.609618
0.609618
0.609618
0.533492
0.609618
-3.16153
0.487985
-0.0867774
24.581
0.683747
0.609618
0.609618
0.609618
0.609618
0.533492
0.435718
-8.08468
1.06237
0.369426
5.06618
1.6695
0.609618
0.609618
0.609618
0.609618
0.405198
2.71608
-0.544206
-0.527308
0.077909
-15.2591
0.560076
1.4373
0.609618
0.609618
0.577328
-0.290551
-40.5376
4.24181
5.64024
-6.92655
-11.7412
0.490325
0.472409
0.609618
0.609618
0.629409
-0.846069
-7.71355
5.681
-0.9266
-7.34071
0.328263
0.499283
0.472409
0.609618
0.609618
0.609618
0.638996
-3.71136
1.12712
1.12712
1.04609
-1.74644
-6.6897
0.261344
0.436921
-6.72109
-18.9666
1.07247
1.12712
1.12712
1.12712
0.896871
8.7855
1.00439
10.5779
0.537586
6.10029
0.890632
0.775433
1.12712
0.93299
0.93299
4.54249
10.9099
3.62034
11.9613
-0.574316
25.8575
9.57476
1.09636
1.12712
1.12712
0.93299
2.54556
2.99841
-0.0772791
3.63247
0.600915
-245.985
0.914856
1.08381
1.12712
1.12712
1.12712
1.12712
0.189823
0.0621261
-0.049277
0.2229
0.819999
1.08381
1.12712
1.12712
1.12712
0.682193
1.12712
-8.62832
-0.270628
-3.47441
11.6378
-1.94252
1.12712
1.12712
1.12712
1.12712
0.682193
0.950883
-7.23262
9.13398
3.53928
-10.8443
-3.78974
1.12712
1.12712
1.12712
1.12712
0.578203
-0.922357
1.68153
14.8161
0.167428
7.61898
1.89398
-0.0684251
1.12712
1.12712
1.10489
0.591065
-10.0688
-11.5999
5.18393
0.149312
-12.2125
1.81139
0.896871
1.12712
1.12712
1.10909
0.545626
-30.0979
0.288327
19.7375
-0.659853
4.51562
1.97844
0.896871
1.12712
1.12712
1.12712
1.18445
0.721467
-2.86018
0.819975
0.819975
0.733271
-6.26058
-0.025492
-0.0273218
-12.3542
-1.22519
2.08886
0.123972
0.819975
0.819975
0.819975
0.613911
-4.08108
0.111119
9.69873
-2.01537
5.07547
-2.40028
-0.618226
0.819975
0.790865
0.790865
6.11037
-6.32484
-5.92066
5.8303
-9.6669
6.08347
10.1207
0.781779
0.819975
0.819975
0.790865
-0.0812797
1.26436
0.988378
5.32925
2.00035
-5.71669
0.628929
0.77247
0.819975
0.819975
0.819975
0.819975
-0.894307
-0.243911
3.97721
7.84165
0.577446
0.77247
0.819975
0.819975
0.819975
0.785236
0.819975
-0.202081
-0.282197
3.19778
-12.5786
0.661099
0.819975
0.819975
0.819975
0.819975
0.785236
0.639476
-5.29061
-1.38712
-4.9779
-2.94837
-1.13549
0.819975
0.819975
0.819975
0.819975
0.718699
-1.37451
3.00607
14.5435
-1.55684
-5.70033
1.82064
0.263022
0.819975
0.819975
0.147364
-0.699939
-4.15754
-12.3246
-0.429761
1.04372
19.0352
-1.78627
0.613911
0.819975
0.819975
-0.265435
-0.681369
0.165103
-3.39914
-0.832067
15.8474
-3.21633
7.11633
0.613911
0.819975
0.819975
0.819975
0.899257
0.737504
-0.0334385
-2.28084
0.325734
0.325734
-0.0202291
-0.130285
-4.35626
-3.94206
-4.02126
-0.450225
4.5642
0.48537
0.325734
0.325734
0.325734
-0.0580222
-10.6415
-1.54433
3.0048
0.941981
6.78957
-4.30059
0.163862
0.325734
0.311194
0.311194
2.48731
2.77367
6.65498
2.4841
4.87092
3.03199
3.55246
0.304017
0.325734
0.325734
0.311194
-0.462428
1.57396
0.72854
1.16964
-1.14165
2.31652
0.232045
0.317647
0.325734
0.325734
0.325734
0.325734
-0.361642
-1.38961
-0.242988
-5.81874
0.201825
0.317647
0.325734
0.325734
0.325734
0.30816
0.325734
0.180381
2.96567
-0.164301
-16.3302
0.393164
0.325734
0.325734
0.325734
0.325734
0.30816
0.248939
-0.677727
0.532067
5.21574
15.2649
0.236253
0.325734
0.325734
0.325734
0.325734
0.280677
-0.112622
-1.57821
9.80199
-2.86239
-0.0838161
-0.387564
0.209358
0.325734
0.325734
0.334049
0.148777
-1.08596
-5.73825
-4.37855
-0.865889
-8.36451
-0.288232
-0.0580222
0.325734
0.325734
0.359796
0.369203
2.32582
-3.47348
-4.59274
0.209723
4.73698
-0.154744
-0.0580222
0.325734
0.325734
0.325734
0.459676
0.538772
0.510521
2.74038
2.4778
0.147074
0.147074
0.128498
0.406444
0.452496
0.295966
0.774538
0.602053
5.24406
0.41393
0.147074
0.147074
0.147074
0.09983
0.0938314
0.306319
-0.0381117
0.180829
-0.847049
-0.575195
0.104698
0.147074
0.144086
0.144086
0.100874
0.361171
-0.219597
0.00291824
0.195528
-2.27504
-0.143012
0.137205
0.147074
0.147074
0.144086
0.159718
0.0829153
0.216743
-0.117707
0.12397
4.63403
0.109883
0.149526
0.147074
0.147074
0.147074
0.147074
0.0735314
-0.0912376
-0.364114
0.305503
0.0949569
0.149526
0.147074
0.147074
0.147074
0.144219
0.147074
0.174523
-0.045727
-0.235024
-3.20205
0.2592
0.147074
0.147074
0.147074
0.147074
0.144219
0.107356
0.155765
-0.0361947
-0.0548586
0.266406
0.207506
0.147074
0.147074
0.147074
0.147074
0.147073
0.0375472
-0.172379
-1.82547
-0.216904
-0.497802
0.0528964
0.110469
0.147074
0.147074
0.178111
0.135655
-0.240693
-0.542623
0.0522163
0.304127
1.19906
0.110304
0.09983
0.147074
0.147074
0.230137
0.461885
3.26227
0.347009
0.501474
0.138091
0.391958
0.104411
0.09983
0.147074
0.147074
0.147074
0.314811
0.552305
0.609618
1.12712
0.819975
0.325734
0.147074
0.147074
0.128498
0.406444
0.452496
0.295966
0.774538
0.602053
5.24406
0.41393
0.147074
0.147074
0.147074
0.09983
0.0938314
0.306319
-0.0381117
0.180829
-0.847049
-0.575195
0.104698
0.147074
0.144086
0.144086
0.100874
0.361171
-0.219597
0.00291824
0.195528
-2.27504
-0.143012
0.137205
0.147074
0.147074
0.144086
0.159718
0.0829153
0.216743
-0.117707
0.12397
4.63403
0.109883
0.149526
0.147074
0.147074
0.147074
0.147074
0.0735314
-0.0912376
-0.364114
0.305503
0.0949569
0.149526
0.147074
0.147074
0.147074
0.144219
0.147074
0.174523
-0.045727
-0.235024
-3.20205
0.2592
0.147074
0.147074
0.147074
0.147074
0.144219
0.107356
0.155765
-0.0361947
-0.0548586
0.266406
0.207506
0.147074
0.147074
0.147074
0.147074
0.147073
0.0375472
-0.172379
-1.82547
-0.216904
-0.497802
0.0528964
0.110469
0.147074
0.147074
0.178111
0.135655
-0.240693
-0.542623
0.0522163
0.304127
1.19906
0.110304
0.09983
0.147074
0.147074
0.230137
0.461885
3.26227
0.347009
0.501474
0.138091
0.391958
0.104411
0.09983
0.147074
0.147074
0.147074
0.314811
0.552305
0.609618
1.12712
0.819975
0.325734
0.147074
0.147074
0.147074
0.128498
0.406444
0.452496
0.295966
0.774538
0.602053
5.24406
0.41393
0.147074
0.147074
0.147074
0.09983
0.0938314
0.306319
-0.0381117
0.180829
-0.847049
-0.575195
0.104698
0.147074
0.144086
0.144086
0.100874
0.361171
-0.219597
0.00291824
0.195528
-2.27504
-0.143012
0.137205
0.147074
0.147074
0.144086
0.159718
0.0829153
0.216743
-0.117707
0.12397
4.63403
0.109883
0.149526
0.147074
0.147074
0.147074
0.147074
0.0735314
-0.0912376
-0.364114
0.305503
0.0949569
0.149526
0.147074
0.147074
0.147074
0.144219
0.147074
0.174523
-0.045727
-0.235024
-3.20205
0.2592
0.147074
0.147074
0.147074
0.147074
0.144219
0.107356
0.155765
-0.0361947
-0.0548586
0.266406
0.207506
0.147074
0.147074
0.147074
0.147074
0.147073
0.0375472
-0.172379
-1.82547
-0.216904
-0.497802
0.0528964
0.110469
0.147074
0.147074
0.178111
0.135655
-0.240693
-0.542623
0.0522163
0.304127
1.19906
0.110304
0.09983
0.147074
0.147074
0.230137
0.461885
3.26227
0.347009
0.501474
0.138091
0.391958
0.104411
0.09983
0.147074
0.147074
0.147074
0.314811
0.552305
0.609618
1.12712
0.819975
0.325734
0.147074
0.147074
0.147074
0.147074
0.128498
0.406444
0.452496
0.295966
0.774538
0.602053
5.24406
0.41393
0.147074
0.147074
0.147074
0.09983
0.0938314
0.306319
-0.0381117
0.180829
-0.847049
-0.575195
0.104698
0.147074
0.144086
0.144086
0.100874
0.361171
-0.219597
0.00291824
0.195528
-2.27504
-0.143012
0.137205
0.147074
0.147074
0.144086
0.159718
0.0829153
0.216743
-0.117707
0.12397
4.63403
0.109883
0.149526
0.147074
0.147074
0.147074
0.147074
0.0735314
-0.0912376
-0.364114
0.305503
0.0949569
0.149526
0.147074
0.147074
0.147074
0.144219
0.147074
0.174523
-0.045727
-0.235024
-3.20205
0.2592
0.147074
0.147074
0.147074
0.147074
0.144219
0.107356
0.155765
-0.0361947
-0.0548586
0.266406
0.207506
0.147074
0.147074
0.147074
0.147074
0.147073
0.0375472
-0.172379
-1.82547
-0.216904
-0.497802
0.0528964
0.110469
0.147074
0.147074
0.178111
0.135655
-0.240693
-0.542623
0.0522163
0.304127
1.19906
0.110304
0.09983
0.147074
0.147074
0.230137
0.461885
3.26227
0.347009
0.501474
0.138091
0.391958
0.104411
0.09983
0.147074
0.147074
0.147074
0.314811
0.552305
0.609618
1.12712
0.819975
0.325734
0.147074
0.147074
0.147074
