1000000000000000000000000000000000000000000000000000000000000000000000000000000000000000000000000000000000000000000000011
0000000000000000000000000000000000000000000000000000000000000000000000000000000000000000000000000000000000000010000000100
0000000000001000000000000000000000000000000000000000000000000000000000000000000000000000000000000100000000000000000001000
0000100000000000000000000001000000000000000000000000000000000000000000000000000000000000000000000000000000000000000010000
0000000000000000000000000000000000000001000000000000000000000000000000001100000000000000000000000000000000000000000100000
0000000000000000000000000010000000000000000000000000000000000000000000000000000000000010000000000000000000000000011000000
0000000000000000000000000000000000000000000000000000000000000000000000000000000000000000010000000001000000000001100000000
0000000000000000000000000000000000000000000000000000000000000000000000000000000000000000000000000000000000001100000000000
0000000000000000000000000000000000000000000000011000000000000000000000000000000000000000000000000000000000010000000000000
0000000000000010000000000000000000000000000000000000000000000000000000000000000000000100000000001000000000100000000000000
0000000000000001000000000000000000000000000000000000000000000000000000000000000000000000000000000000000011000000000000000
0000000000000000000000000000000000000000000000000000000000000000000000000000000000000000000000000000001100000000000000000
0000000000000000001000000000000000000000000000000000000000000000000000000000000000000000000000000000110000000000000000000
0000000000000000000000000000000000000000000000000000000000000000000000000000000000000000000001000010000000000000000000000
0000000000000000000000000000100000000000100000000000000000000000000000000000000000001000000000010000000000000000000000000
0000000000000000000000000000000000000000000000000000000000000000000000000000000000010000001100100000000000000000000000000
0000000000000000000000000000000000000000000000000000000000000000000000000000000000000001000010000000000000000000000000000
0000000000000000000100000000000100000000000000100000000000000000000000000000000000000000100000000000000000000000000000000
0000000000000000000000000000000000000000000000000000000000000000000000000000000001100000000000000000000000000000000000000
0000000000000000000000000000000000000000000000000000000000000000000000000000000110000000000000000000000000000000000000000
0000000000000000000000000000000000000000000000000000000000000000000000000000011000000000000000000000000000000000000000000
0000000000000000000000000000000000000000000000000000000000000000000100000000100000000000000000000000000000000000000000000
0000000000000000000000001000000000000000000000000000000000000001000000000001000000000000000000000000000000000000000000000
0000000000000000000000000100000000000000000000000001000000000010000000000010000000000000000000000000000000000000000000000
0001010000000100000000000000000000000000000000000000100000000000000000010000000000000000000000000000000000000000000000000
0000000000000000000000000000000000000000000000000000000000000000000011100000000000000000000000000000000000000000000000000
0000000000000000000000000000000000000000000000000000000000000000011000000000000000000000000000000000000000000000000000000
0000000000000000000000000000000000000000000000000000000010000000100000000000000000000000000000000000000000000000000000000
0000000000000000000000000000000000000000000000000000000000001100000000000000000000000000000000000000000000000000000000000
0000000000000000000000000000000000000000000000000000000000010000000000000000000000000000000000000000000000000000000000000
0000000000000000000000000000001000000000010000000000000001100000000000000000000000000000000000000000000000000000000000000
0000000000000000000000000000000000000000000000000000001100000000000000000000000000000000000000000000000000000000000000000
0000000000000000000000000000000000000000000001000000010000000000000000000000000000000000000000000000000000000000000000000
0000000000000000010000000000010000000000000000000010000000000000000000000000000000000000000000000000000000000000000000000
0000000000000000100000000000000000000000000000000100000000000000000000000000000000000000000000000000000000000000000000000
0000000000000000000000000000000000000000000110000000000000000000000000000000000000000000000000000000000000000000000000000
0000000000000000000000000000000000001000001000000000000000000000000000000000000000000000000000000000000000000000000000000
0000000000000000000000000000000000000110000000000000000000000000000000000000000000000000000000000000000000000000000000000
0000000000000000000000000000000000110000000000000000000000000000000000000000000000000000000000000000000000000000000000000
0000000000000000000000000000000011000000000000000000000000000000000000000000000000000000000000000000000000000000000000000
0000000000000000000000110000000000000000000000000000000000000000000000000000000000000000000000000000000000000000000000000
0000000000000000000011000000000000000000000000000000000000000000000000000000000000000000000000000000000000000000000000000
0000000000110000000000000000000000000000000000000000000000000000000000000000000000000000000000000000000000000000000000000
0000000011000000000000000000000000000000000000000000000000000000000000000000000000000000000000000000000000000000000000000
0000001100000000000000000000000000000000000000000000000000000000000000000000000000000000000000000000000000000000000000000
0110000000000000000000000000000000000000000000000000000000000000000000000000000000000000000000000000000000000000000000000
