0000000000000000000000000000000000000000000000000000000000000000000000000000000000000000000000000000000000000000000000101
0000000000000000000000000000000000000000000000000000000000000000000000000000000000000000000000010000000000001000000000010
0000000000000000000000000000000000000000000000000000000000000000000000000000000000000000000000000000000000000000000011000
0000000000000000000000000000000000000000000000000000000000000000000000000000000000010000000000000000000010000000000100000
0000000000000000000000000000000000000000000000000010000000000000000000000000000000000000000001000000000000000000001000000
0000000000000000000000000000000000000000000000000000000000000000000000000000000000000000000000000000011000000000110000000
0000000000000000000000000000000000000000000000000000000000000000000000000000000000000000000000000000000000000011000000000
0000000000000000000000000000000000000000000000000000000000000000000000000000000000000000000000000000000100000100000000000
0000000000000000000000000000000000010000000000000000000000000000000000000000000000000100000000001000000000010000000000000
0000000000000000000000000000000000000000000000000000000000000000100000000000100000000000000000000000000000100000000000000
0000000000000000000000000010000000000000000000000000000000000000000000000000000000000000000000100000000001000000000000000
0000000000000000000000000000000000000000000000000000000000000000000000000000000000000000000000000001100000000000000000000
0000000000000000000000000000000000000000000000000000000000000000000000000000000000000000000000000110000000000000000000000
0000000000000000000000000000000010000000000100000000000000000000000000000000000000000000000110000000000000000000000000000
0000000000000000000000000000000000000000000000000000000000000000000000000000000000000000011000000000000000000000000000000
0000000000000000000000000000000000000000000000000000000000000000000000000000000000000001100000000000000000000000000000000
0000000000000000000000000000000000000000000000000000000000000000000000000000010000000010000000000000000000000000000000000
0000000000000000000000000000000000000000000000000000100001000000000000000000000000001000000000000000000000000000000000000
0000000000000000000000000000000100000000000000000000000000000010000000000000000001100000000000000000000000000000000000000
0000000000000000000000000000000000000000000000000000000000000000000000000000001110000000000000000000000000000000000000000
0000000000000000000000000000000000000000000000000000000000000000010000000001000000000000000000000000000000000000000000000
0000000000000000000000000000000000000000000000000000000010000001000110000010000000000000000000000000000000000000000000000
0000000000000000000000000000000000000000000000000000000000000000000000001100000000000000000000000000000000000000000000000
0000000000000000000000000000000000000000000000000000000000000000000000110000000000000000000000000000000000000000000000000
0000000000000000000000000000000000000000000000000001000000000000000001000000000000000000000000000000000000000000000000000
0000000000000000000000000000000000000000000000000000000100000000001000000000000000000000000000000000000000000000000000000
0000000000000000000000000000000000000000000000010000000000100100000000000000000000000000000000000000000000000000000000000
0000000000000000000000000000001000000000000000000000000000011000000000000000000000000000000000000000000000000000000000000
0000000000000000000000000000000000000000000000000000011000000000000000000000000000000000000000000000000000000000000000000
0000000000000000000000000000000000000000000010000100000000000000000000000000000000000000000000000000000000000000000000000
0000000000000000000000000001000000000110000000001000000000000000000000000000000000000000000000000000000000000000000000000
0000000000000001000011000000000000000000000000100000000000000000000000000000000000000000000000000000000000000000000000000
0000000100000000000000000000000000000000000001000000000000000000000000000000000000000000000000000000000000000000000000000
0000000000000000000000000000000000000000011000000000000000000000000000000000000000000000000000000000000000000000000000000
0000000000000000001000000000010000000000100000000000000000000000000000000000000000000000000000000000000000000000000000000
0000000000000100000000001000100000000001000000000000000000000000000000000000000000000000000000000000000000000000000000000
0000000000000000000000000100000000001000000000000000000000000000000000000000000000000000000000000000000000000000000000000
0000000000000000000000000000000001100000000000000000000000000000000000000000000000000000000000000000000000000000000000000
0000000000000000000000110000000000000000000000000000000000000000000000000000000000000000000000000000000000000000000000000
0000000000000000010100000000000000000000000000000000000000000000000000000000000000000000000000000000000000000000000000000
0000000000000010100000000000000000000000000000000000000000000000000000000000000000000000000000000000000000000000000000000
0000000000011000000000000000000000000000000000000000000000000000000000000000000000000000000000000000000000000000000000000
0000000001100000000000000000000000000000000000000000000000000000000000000000000000000000000000000000000000000000000000000
0000001010000000000000000000000000000000000000000000000000000000000000000000000000000000000000000000000000000000000000000
0000110000000000000000000000000000000000000000000000000000000000000000000000000000000000000000000000000000000000000000000
0011000000000000000000000000000000000000000000000000000000000000000000000000000000000000000000000000000000000000000000000
1100000000000000000000000000000000000000000000000000000000000000000000000000000000000000000000000000000000000000000000000
