0000000000000000000000000000000000000000000000000000000000000000000000000000000000000001000000000010000000000100000000001
0000000000000010000000001000000000100000000000000000000000000000000000000000000000000000000000000000000000000000000000010
0000000000000000000000000000000000000000000000000000000000000001000000000010000000000100000000001000000000010000000000100
0000000000000000000000000000000000000000000000000001000000000010000000000100000000001000000000010000000000100000000001000
0000000000000000000000000000000000000000000000000000000000000000000000001000000000110000000000100000000001000000000010000
0000000000000000000000000000000000000000000000000000000000000000000000000000000000000000000011000000000110000000011100000
0000000000000000000000000000000000000000000000000000000000000000000000000000000000000000000000000000011000000001100000000
0000000000000000000000000000000000000000000000000000000000000000000000000000000000000000000000000001000000000010000000000
0000000000000000000000000000000000000000000000000000000000000000000000000001000000000010000000000100000000001000000000000
0000001100000000000000000000000000000000000000000000000000000000000000000000000000000000000000000000100000000000000000000
0000000000000000000000000000000000000000000000000000000000000000000100000000001100000000001100000000000000000000000000000
0000000000000000000000000000000000000000000000000000000000000000000000000000010000000000010000000000000000000000000000000
0000000000000000000010000000000000000000000000000000000000000000000000000000000000000000100000000000000000000000000000000
0000000000000000000000000000000000000000000000000000000000011100000001110000000011000000000000000000000000000000000000000
0000000000000000000000000000000000000000000000000000000000000000010000000000100000000000000000000000000000000000000000000
0000000000000000000000000100000000010000000001100000000011000000000010000000000000000000000000000000000000000000000000000
0000000000000000000000000000000000000000000010000000000100000000001000000000000000000000000000000000000000000000000000000
0000000000000000000100000000000100000000001000000000010000000000100000000000000000000000000000000000000000000000000000000
0000000000000000000000000011000000001110000000011000000000100000000000000000000000000000000000000000000000000000000000000
1000000000000000000000000000000000000000000000000000001000000000000000000000000000000000000000000000000000000000000000000
0000000000000000001000000000011000000001110000000010100000000000000000000000000000000000000000000000000000000000000000000
0000000000000000000000000000000000000000000000000100000000000000000000000000000000000000000000000000000000000000000000000
0000000000000000000000000000000010000000000100000000000000000000000000000000000000000000000000000000000000000000000000000
0000000000000000000000010000000001000000000000000000000000000000000000000000000000000000000000000000000000000000000000000
0000000000000001110000000000100000000000000000000000000000000000000000000000000000000000000000000000000000000000000000000
0000000000000000000001100000000000000000000000000000000000000000000000000000000000000000000000000000000000000000000000000
0000000000000100000000000000000000000000000000000000000000000000000000000000000000000000000000000000000000000000000000000
0000000000011000000000000000000000000000000000000000000000000000000000000000000000000000000000000000000000000000000000000
0000000001100000000000000000000000000000000000000000000000000000000000000000000000000000000000000000000000000000000000000
0000010010000000000000000000000000000000000000000000000000000000000000000000000000000000000000000000000000000000000000000
0001100000000000000000000000000000000000000000000000000000000000000000000000000000000000000000000000000000000000000000000
0110000000000000000000000000000000000000000000000000000000000000000000000000000000000000000000000000000000000000000000000
