0000000000000000000000000011011000001111111000011011100001100111000000001100000000110000000011000000000110000000011000000
0000000000000000100000000111100000011011000001100011000010000011000000000110000000001100000000011000000001100000000010000
0000000000000000000000000000000000000000000010000011110111111111100000000110000000011000000001000000000110000000000000000
0000000000000000000000000110111100001111111000111001100001000011000010001100000000110000000001100000000110000000011000000
0000000000000000000000000111000001111111110011111111100000000111100000001110000000011100000001111000000001100000000011000
0000000000000000000000000000100000111111100000000011000000000110000000001100000000011000000000110000000000100000000001000
0000000000000000000000001100011000011111111000111101110000000011000000001100000000110000000011000000001100000000011000000
0000000000000000000000000011100000001001000000010010000000100100000000011000000000111000000000100000000001000000000010000
0000000000000000000000000011000000000111100000001011000000000110000000001000000000010000000001000000000010000000000100000
0000000000000000000000001111111000000111111000000001100000000110000000001000000000110000000011000000001100000000110000000
