14.520514011383057
15.138507843017578
14.42188811302185
14.55834698677063
14.767012119293213
14.73485279083252
14.365476131439209
15.456406116485596
14.728127002716064
14.63618779182434
14.730445146560669
14.492186784744263
14.463312149047852
15.426989078521729
14.728572845458984
14.625000953674316
14.476811170578003
14.483934879302979
14.418885231018066
14.425732135772705
14.710080862045288
14.870824098587036
14.548512935638428
14.63192081451416
14.793261766433716
14.67835021018982
14.578322887420654
15.135499954223633
14.562625169754028
14.515570163726807
14.55209493637085
15.638844966888428
14.559798002243042
14.804825067520142
14.410368919372559
16.615288972854614
14.388895988464355
15.028541803359985
14.432001113891602
14.388391971588135
14.541748046875
15.249361038208008
14.368218183517456
15.327010869979858
14.800922870635986
14.582209825515747
14.706064224243164
14.384021043777466
14.402659177780151
15.532111883163452
