0000000000000000000000000000000000000000000000000000000000000000000000000000000000000000000000000000000000000000000000011
0000000000000000000000000000000000000000000001000000000001000000000000000000000000000000000000000000000000001000000000100
0000000000000000000000010000000000100000000000100000000000000000000000000000000000000000000000000000000000000000000001000
0000000000000000000000000001000000000110000000010000000000100000000000000000000000000000000000000000000000000000000010000
0000000000000000000010000000000000000000000000000000000000000000000000000000000000000100000000000000000001000000000100000
0000000000000000000000000000000000000000000000000000000000000000000000100000000000000000000000000000000000000000001000000
0000000000000000000000000000000000000000000000000000000000001000000000000000000010000000001000000000010000000000010000000
0000000000000000000000000000000000000000001100000000010000000000000000000000000000000000000000000000000000000000100000000
0000000000000000000000000000000000000000000000000000001000000000000000000000000000000000000000000000000000000001000000000
0000000000000000000000000000000000000000000000000000000000000000000000000000000000000000000000000000000000000110000000000
0000000000000000000000001000000000000000000000000000000000000000000000000000000000001000000000000000000000010000000000000
0000000000000000000000000000000000000000000000000000000000000000000000010010000000000000000000010000000000100000000000000
0000000000000000100000000000000000000000100000000010100000000010000000000000000000000000000000000000000010000000000000000
0000000000000000000000000000000000000000000000000000000000000000000000000000000001100000000011000000001100000000000000000
0000000000000000000000000000000010000000000000000000000000000000000000000000000000000000010000000000100000000000000000000
0000000000000000000000000000000000000000000000000000000000000000000000000000000000000000000000000011000000000000000000000
0000000000000000000000000000000000000000000000000000000000000000000000000000000000000000100000000100000000000000000000000
0000000000000011000000000100000000000000000000000000000000000000000000000000000000000000000000001000000000000000000000000
0000000000000000011000000000000000000000000000000000000000000000000000001000000000010000000100100000000000000000000000000
0000000000000000000000000000000000000000000000000000000000000000000000000000000000000011000000000000000000000000000000000
0000000000000000000000000000000000000000000000000000000000000001100000000000000100000000000000000000000000000000000000000
0000000000000000000000000000000000000000000000000000000000000000000000000000011000000000000000000000000000000000000000000
0000000000000000000000000000000000000000000000000000000000000000000000000001100000000000000000000000000000000000000000000
0000000000000000000000000000000000010000000000000000000000000000000000000100000000000000000000000000000000000000000000000
0000000000000000000000000000010000000000010000001001000000000000000001000000000000000000000000000000000000000000000000000
0000000000000000000000000000000000000000000000000000000000000000000110000000000000000000000000000000000000000000000000000
0000000000000000000000000000000000000000000000000000000000000000011000000000000000000000000000000000000000000000000000000
0000000010000000000000000000000000000001000000000100000000000100000000000000000000000000000000000000000000000000000000000
0000000000000000000000000000000000001000000000000000000000010000000000000000000000000000000000000000000000000000000000000
0000000000000000000000000000000000000000000000000000000110000000000000000000000000000000000000000000000000000000000000000
0000000000000000000000000000000001000000000010000000000000000000000000000000000000000000000000000000000000000000000000000
0000000000000000000100000010101100000000000000000000000000000000000000000000000000000000000000000000000000000000000000000
0000000000000000000001100000000000000000000000000000000000000000000000000000000000000000000000000000000000000000000000000
0011000000000100000000000000000000000000000000000000000000000000000000000000000000000000000000000000000000000000000000000
0000000000011000000000000000000000000000000000000000000000000000000000000000000000000000000000000000000000000000000000000
0000000001100000000000000000000000000000000000000000000000000000000000000000000000000000000000000000000000000000000000000
0000001100000000000000000000000000000000000000000000000000000000000000000000000000000000000000000000000000000000000000000
0000110000000000000000000000000000000000000000000000000000000000000000000000000000000000000000000000000000000000000000000
1100000000000000000000000000000000000000000000000000000000000000000000000000000000000000000000000000000000000000000000000
