0000000000000000000000000000000000000000000000000000000000000000000000000000000000000000000000000000000000000000000000011
0000000000000000000000000000000000000000000000000000000000000000000000000000000000000000000000000000000000000000000001100
0000000000000000000000000000000000010000000000100000000000000000000000000000001000000000000000000000000000000000000010000
0000000000000000000000000000000000000000000000000010000000000000000000000000000000000000000000000000000000000000011100000
0000000000000000000000000000001000000100000000000000000000000000000000000000000000000000000000000000000000000000100000000
0000000000000000000000000000000000000000000000000000000001000000000000000000000000000000000000000000000000000001000000000
0000000000000000000000000000000000000000000000000000000000000000000000000000000000000000000000000000000000000110000000000
0000000000000000000000000000000000000000000000000000000000000000000000000000000000000000000000000000000000011000000000000
0000000000000100000000001000000000000000000000000000000000000001000000000000000000000000000000001000000000100000000000000
0000000000000011100000000000000000000000000000000000000000000000000000000000000000000000000000000000000001000000000000000
0000000000000000000100000000000000000000000000010000000000000000000000000000000000000000000000000000000010000000000000000
0000000000000000010000000000000000000000000000000000000000000100000000000000000000000000000000000000001100000000000000000
0000000000000000001000000000000000000000010000000000000000000000000000000000000000000000010000000000110000000000000000000
0000000000000000000000000000000000000000000000000000000000000000000000000000000000000000100000000001000000000000000000000
0000000000000000000000000000000000000000000000000000000000000000000000000000000000100000000000000010000000000000000000000
0000000000000000000000000000000000000000000001000000000000000000100000000000000000000000000000000100000000000000000000000
0000000000000000000000000000000000000000000000000000000000000000000000000000000000010000000000010000000000000000000000000
0000000000000000000000000000100000000001000000000100000000000000000000000000000000000000000000100000000000000000000000000
0000000000000000000000000000000000000010000000000000000000000000000000000000000000000000000011000000000000000000000000000
0000100000000000000000000000000000000000000000000000000000000000000000000000000010000000000100000000000000000000000000000
0000000000000000000000000000000000000000000000000000000000000000000000000001000000000010001000000000000000000000000000000
0000000000000000000000000000000000000000000000000000000000000000000000000000100000000001000000000000000000000000000000000
0000000000000000000000000000000000000000000000001000000000100000000000000010000000000100000000000000000000000000000000000
0000000000000000000000000000000000000000000000000000000000000000000000000100000000001000000000000000000000000000000000000
0000000000000000000000000000000000100000000000000000100000000000000000000000000001000000000000000000000000000000000000000
0000000000000000000000000000000000000000000000000000000000000000000000000000010100000000000000000000000000000000000000000
0000000000000000000000000100010000000000100000000000000000010000000000001000000000000000000000000000000000000000000000000
0000000000000000000000000000000000000000000000000000000000000000000001110000000000000000000000000000000000000000000000000
0000000000000000000000000000000000000000000000000000000000000000001010000000000000000000000000000000000000000000000000000
0000000000000000000000000000000000000000000000000000000010000000000100000000000000000000000000000000000000000000000000000
0000000000000000000000000000000000000000000000000000000100000000010000000000000000000000000000000000000000000000000000000
0000000000000000000000000000000000000000000000000001000000001010000000000000000000000000000000000000000000000000000000000
0000000000000000000000000000000000000000000000000000011000000000000000000000000000000000000000000000000000000000000000000
0000000000000000000000000000000000000000000110000000000000000000000000000000000000000000000000000000000000000000000000000
0000000000000000000010000000000100000000001000000000000000000000000000000000000000000000000000000000000000000000000000000
0000000000000000000000000011000000001000000000000000000000000000000000000000000000000000000000000000000000000000000000000
0000000000000000000000000000000011000000000000000000000000000000000000000000000000000000000000000000000000000000000000000
0001000000001000000000010000000000000000000000000000000000000000000000000000000000000000000000000000000000000000000000000
0000000000000000000001100000000000000000000000000000000000000000000000000000000000000000000000000000000000000000000000000
0000000000110000000000000000000000000000000000000000000000000000000000000000000000000000000000000000000000000000000000000
0000000011000000000000000000000000000000000000000000000000000000000000000000000000000000000000000000000000000000000000000
0010000100000000000000000000000000000000000000000000000000000000000000000000000000000000000000000000000000000000000000000
0000011000000000000000000000000000000000000000000000000000000000000000000000000000000000000000000000000000000000000000000
1100000000000000000000000000000000000000000000000000000000000000000000000000000000000000000000000000000000000000000000000
