0000000000000000000000000000000000000000000000000000000000000000000000000000000000000000000000000000000000000000000000011
0000000000000000000000000000000100000000000000000000000000000000000000000000000000000000000000000000100000000000000000100
1000000000000000000000000000000000000000000000000000000000000000000000000000000000000000000000000000000000000000000001000
0000000000000000000000000000000000000000000000000000000000000000000000000000000000000000000000000000000000000000100010000
0001100000000000000000000000000000000000000000000000000000000000000000000000000000000000000000000000000000000000000100000
0000000000000000000000000000000000000000000000000000000000010000000000000000000000000000000000000000000000000000011000000
0000000000000000000000000000000000000000000000000000000000000000000000000000000000000000000000000000000000000011000000000
0000000000000000000000000000000000000000000000000000000000000000000000000000010000000000000000000000000000000100000000000
0000000000000000000000010000000000100000000000000000000000000000000000000000000000000000000000000000000000001000000000000
0000000000000000000000000000000000000000000000000000000000000000000000000000000000000000000000000000000000110000000000000
0000000000000000000000000000000000000000000000000000000000000000000000000000000000000000000000000000000011000000000000000
0000000000000000000000000000000000000000100000000001000000000010000000000000000000000000000000000000001100000000000000000
0000000000000000000000000000000000000000010000000000100000001001000000000000000000000000000000000000010000000000000000000
0000000010000000000000000000000000000000000000000000000000000000000000000000000000000000100000000001000000000000000000000
0000000000000000000000000000000000000000000000000000000000000000000000000000000000000000001000110010000000000000000000000
0000000000000000000000000110000000000000000000000000000000000000000000000000000000000000000000001100000000000000000000000
0000000000000000000000000000000000000000000000000000000000000000000000000000000001100000000011000000000000000000000000000
0000000000000000000000000000000000000000000000000000000000000000000000000100000010001100000100000000000000000000000000000
0000000000000000000000000000001000000000000000000000000000000000000000000000000100000000010000000000000000000000000000000
0000000000000000000000000000000000000000000000000000000000000000000000100000000000000011000000000000000000000000000000000
0000010000000000001000000001100000000000000000000000000000000000000000000000000000010000000000000000000000000000000000000
0000000000000000000000000000000000000000000000000000000000000000000011000010001000000000000000000000000000000000000000000
0000000000000000000000000000000000000000000000000000000000000000001000000000100000000000000000000000000000000000000000000
0000000000000000000000000000000000000000000001100000000000000000000000000001000000000000000000000000000000000000000000000
0000000000000000000000000000000000000000000000000000000000000000000000011000000000000000000000000000000000000000000000000
0000000000000000000000000000000000000000000000000000000001100000000100000000000000000000000000000000000000000000000000000
0000000000000000000000000000000000000000000000000000000010000000010000000000000000000000000000000000000000000000000000000
0000000000000000000000000000000000000000001000000000010000000000100000000000000000000000000000000000000000000000000000000
0000000000000000000000000000000000000001000000000010000000000100000000000000000000000000000000000000000000000000000000000
0000000000000000000000000000000000000000000000000000001100000000000000000000000000000000000000000000000000000000000000000
0000000000001000000000000000000000000000000000000100000000000000000000000000000000000000000000000000000000000000000000000
0000000000000000000000000000000000000000000000011000000000000000000000000000000000000000000000000000000000000000000000000
0000000000000000000000000000000000000000000110000000000000000000000000000000000000000000000000000000000000000000000000000
0000000000000000000000000000000000011110000000000000000000000000000000000000000000000000000000000000000000000000000000000
0000000000000000000000000000000011000000000000000000000000000000000000000000000000000000000000000000000000000000000000000
0000000000000000110000000000010000000000000000000000000000000000000000000000000000000000000000000000000000000000000000000
0000000000000111000000001000000000000000000000000000000000000000000000000000000000000000000000000000000000000000000000000
0000000000000000000001100000000000000000000000000000000000000000000000000000000000000000000000000000000000000000000000000
0000000000010000000010000000000000000000000000000000000000000000000000000000000000000000000000000000000000000000000000000
0000001100000000000100000000000000000000000000000000000000000000000000000000000000000000000000000000000000000000000000000
0000000001100000000000000000000000000000000000000000000000000000000000000000000000000000000000000000000000000000000000000
0110000000000000000000000000000000000000000000000000000000000000000000000000000000000000000000000000000000000000000000000
