0000000000000000000000000000000000000000000000000000000000000000000000000000000000000000000000000000000000000000000000011
0000000000000000000000000000000000000000000000000000000000000000000000000000000000000000000000000000000000000000100000100
0000000000000000000000000000000000000000000000000000000000000000000000000000000000000000000000000000000000000000000011000
0000000000000001000000000100000000000000000000000000000000000000000000000000000000000000000000001000000000100000000100000
0000000000000000000100000000000000000000000000000000000000000000000000000000000000000000000000000000000000000000011000000
0000000000000000000000000000000000000000000000000000000000000000000000000000000000000000000000000000000000000011000000000
0000000000000000000000000000000000000000000000000000000000000000000000000000000000000000000000000000000000001100000000000
0000000000000010000000001000000000000000000000000000000000000000000000000000000000000000000000000000000000010000000000000
0000000000000000100000000000000000000000000000000000000000000000000000000000000000000100000000010000000001000000000000000
0000000000000000000000000000000000000000000000000000000000000000000000000000000000000000000000000000001010000000000000000
0000000000000000000000000000000000000000000000000000000000100000000001000000000000000000000000000000000100000000000000000
0000000000000000000000000000000000000000000000000000000000000000000000000000000100000000001000000000010000000000000000000
0000000000000000000011000000000000000000000000000000000000000000000000000000000000000000000000000000100000000000000000000
0000000000000000000000000000000000000000000000000000000000000000000000000000000000000000000000000011000000000000000000000
0000001000000000000000000000000000000000000000000000000000000000000000000000000000000001000000000100000000000000000000000
0000000000000000000000000000000000000000000000001000000000000000000000000000000000010000000001100000000000000000000000000
0000000000000000000000000000000000000000000000000000000000000000000000000010000010001000000110000000000000000000000000000
0000000000000000000000000000000000000000000000000000000000000000000000000000001000000000010000000000000000000000000000000
0000000000000000000000000000000000000000000000000000000000000000000000000000010000000000100000000000000000000000000000000
0000000000000000000000000000000100000000000100000000100000000001000000000000000000000010000000000000000000000000000000000
0000000000000000000000000000000000000000000000000000000000000000000000000000000000100000000000000000000000000000000000000
0000000110000000000000000000000000000000000000000000000000000000000000000000000001000000000000000000000000000000000000000
0000000000000000000000000000000000000000000000000000001000000000010000000000100000000000000000000000000000000000000000000
0000000000000000000000000000000000000000001000000000010000000000100000000001000000000000000000000000000000000000000000000
0000000000000000000000000000000000000000000000000011000000001010000000000100000000000000000000000000000000000000000000000
0000000000000000000000000000000000000000000000000000000000000100000000001000000000000000000000000000000000000000000000000
0000000000000000000000000000000000000000000000000000000000000000001000010000000000000000000000000000000000000000000000000
0000000000000000000000000000000000000000000000000000000000010000000000100000000000000000000000000000000000000000000000000
0000000000000000000000000010000000001100000000010000000000000000000010000000000000000000000000000000000000000000000000000
0000000000000000000000000000000000000000000000100000000011000000000100000000000000000000000000000000000000000000000000000
0000000000000000000000000000000000000000000010000000000100000000000000000000000000000000000000000000000000000000000000000
0000000000000000000000000000000000000011010000000100000000000000000000000000000000000000000000000000000000000000000000000
0000000000000000000000000000000000010000000001000000000000000000000000000000000000000000000000000000000000000000000000000
0000000000000000000000000001101000000000100000000000000000000000000000000000000000000000000000000000000000000000000000000
0000000000000000000000000000000001100000000000000000000000000000000000000000000000000000000000000000000000000000000000000
0000000000000000000000010000000010000000000000000000000000000000000000000000000000000000000000000000000000000000000000000
0000000000000000000000000000010000000000000000000000000000000000000000000000000000000000000000000000000000000000000000000
0000000000000100000000100000000000000000000000000000000000000000000000000000000000000000000000000000000000000000000000000
0000000000000000011000000000000000000000000000000000000000000000000000000000000000000000000000000000000000000000000000000
0000000000011000000000000000000000000000000000000000000000000000000000000000000000000000000000000000000000000000000000000
0000000001100000000000000000000000000000000000000000000000000000000000000000000000000000000000000000000000000000000000000
0000110000000000000000000000000000000000000000000000000000000000000000000000000000000000000000000000000000000000000000000
0011000000000000000000000000000000000000000000000000000000000000000000000000000000000000000000000000000000000000000000000
1100000000000000000000000000000000000000000000000000000000000000000000000000000000000000000000000000000000000000000000000
