0
0
0
0
0
0
0
0
0
0
0
0
0
0
0
0
0
0
0
0
0
0
0
0
0
0
0
0
0
0
0
0
0
0
0
0
0
0
0
0
0
0
0
0
0
0
0
0
0
0
0
0
0
0
0
0
0
0
0
0
0
0
0
0
0
0
0
0
0
0
0
0
0
0
0
0
0
0
0
0
0
0
0
0
0
0
0
0
0
0
0
0
0
0
0
0
0
0
0
0
0
0
0
0
0
0
0
0
0
0
0
0
0
0
0
0
0
0
0
0
0
0.393572
0.373344
1.1228
0.624815
0.400033
1.84926
3.68502
3.22191
7.83377
23.5491
-0.101374
-2.09162
-0.111955
0.984245
12.6484
-1.74515
-2.22326
-0.0385924
0.982259
14.3522
0.968664
-0.797999
3.38683
-0.643726
-1.06284
3.16656
0.163008
0.407271
1.06353
0.952002
0.782005
5.33998
0.782989
-2.8005
4.06812
13.1946
0.730782
0.685105
0.646372
2.166
4.59694
1.30662
1.43755
0.448849
3.14043
0.369728
0.309536
0.297719
0.574468
3.72828
0.512575
2.45818
0.51935
1.17005
0.678915
0.369728
0.309536
0.297719
0.574468
3.72828
0.512575
2.45818
0.51935
1.17005
0.678915
0.28117
0.390846
1.13898
2.37957
4.07167
9.98869
0.138636
-2.53427
-1.04108
0.222886
0.571396
0.321173
0.321173
0.199665
-0.379408
-5.24303
18.1059
34.4389
1.78868
-1.71151
-4.5311
1.98955
5.79106
0.210665
0.210665
3.66477
-7.33465
-8.56484
-16.1611
-40.6184
59.5196
34.4404
-0.381026
15.4202
-5.67324
-7.08753
-6.93948
-6.93948
-16.4113
74.3331
-5.96112
-3.94586
-1.23959
-32.1948
-12.9133
0.999258
8.42386
1.1005
-1.68976
12.2964
-1.05779
-1.05779
2.26128
-1.36441
70.8949
-1.87731
-19.0226
-13.9871
20.4994
-51.3872
-61.1091
-1.78946
-3.97409
22.4699
-13.0699
-5.95962
-5.95962
27.8025
15.8787
39.859
115.488
-0.866751
-1.71006
-1.365
-1.49263
-2.73306
1.29665
-7.56315
-6.93591
-6.27153
-4.60948
-0.880145
-0.880145
-4.94115
6.49141
28.4343
6.42949
74.7069
-1.4598
0.45955
6.76495
8.50868
-10.1784
0.185819
8.00342
-12.2947
-40.2501
-8.7415
-1.8372
-1.8372
2.83475
12.5905
-30.8049
19.0193
3.0457
38.6667
-2.54572
1.34699
-1.15065
0.731143
-17.9349
-5.96809
15.1395
20.5031
4.19736
-34.7994
-0.392933
-0.392933
-1.64088
5.53811
-27.3049
0.136338
-7.79918
-2.25016
75.7202
0.0392794
-0.302108
-0.725257
5.84878
-15.0807
-17.624
-6.03233
3.55576
56.0945
28.7687
0.243119
0.243119
4.42754
5.69488
4.52136
-21.8474
-41.8912
10.9542
-10.5184
32.7979
0.405092
0.333044
0.33085
0.554407
3.60691
-0.123041
-2.22092
4.84069
4.47082
1.56976
0.315101
0.315101
0.344039
-0.112315
5.14031
-1.789
1.23308
-0.142903
2.02592
-0.00314465
1.55128
0.423339
0.109641
0.610546
1.93353
-2.62521
-0.881376
-0.61571
1.01716
0.832567
0.677537
0.341966
0.341966
1.9344
9.32705
19.0818
8.95211
10.1428
-2.64684
-8.83617
3.8646
5.66787
0.37252
0.706214
2.19748
3.92882
-3.59993
-14.3484
0.647269
-4.69726
-0.413951
-7.74416
-0.0291313
0.725735
0.725735
7.33142
39.3184
32.0273
2.3938
-25.8869
7.19564
-0.140821
-8.49498
-14.5869
0.380011
2.55439
11.2339
9.89628
-16.1124
5.59112
-0.523676
-0.440426
-8.26064
-24.5358
-7.08341
-0.00486892
11.7115
11.7115
-52.7491
-30.658
125.69
33.1491
-73.2325
3.8735
11.9828
55.4465
5.46666
12.2437
-24.3576
-2.68591
0.0345047
-0.799768
-3.52102
-2.092
-6.32369
-0.348671
0.0405399
-0.62062
2.29589
2.32078
-0.645788
-0.645788
-0.894337
-11.78
-16.6032
20.0565
35.3837
-3.24254
-3.30406
17.7533
-0.756812
1.098
-0.985988
-1.02346
20.8006
9.32759
7.61772
-8.59387
-13.3164
-56.4042
4.25422
1.17744
15.2208
-7.77298
10.4369
8.95104
8.95104
11.1431
8.41106
-64.079
-68.5896
73.6046
58.3859
34.1698
10.4897
43.3035
4.5641
29.9388
-31.8077
-4.60452
50.2902
-2.15979
-3.68352
1.72873
-5.56747
-19.6202
-17.8912
-2.02589
-2.34347
-9.61495
-1.29925
-3.31987
-3.31987
5.96051
-2.86492
12.6543
-31.6608
14.8528
-13.8741
8.87975
11.5658
14.4189
1.71486
-13.644
2.83584
-42.0312
-0.472564
53.3932
-4.07156
0.577573
-0.383872
0.790032
-1.13483
-0.975148
-1.28669
-0.0593109
0.0243994
-1.37169
0.693496
0.693496
-2.58329
-2.17158
8.88305
-6.52717
-38.3136
0.856441
-13.1918
-13.4065
-15.5419
-2.25844
0.0116149
-6.23105
24.8447
0.487737
24.1098
33.9309
-0.693801
-0.984491
-4.99262
1.44657
1.69637
-0.571468
0.34065
-0.638727
-13.0496
-5.17956
-0.776244
-0.776244
1.53968
5.60251
-28.4221
3.2223
-20.602
2.40706
9.41059
-26.6933
-4.44125
-0.885234
1.81486
4.8607
-4.61591
1.65141
11.3969
-2.08608
2.94384
7.9996
6.74846
2.05572
-34.3627
-12.9687
-8.69473
13.9654
-0.098993
-28.3594
5.99272
4.35235
4.35235
8.95482
-3.04388
-1.10037
-6.5338
26.2603
-37.3244
46.4925
28.3817
-53.5322
-7.61991
14.5183
3.3037
0.476784
-3.90701
5.04999
-17.8397
7.87012
27.0144
0.202736
-0.567836
-1.63914
6.40105
-12.3545
12.9363
-18.3486
4.96983
-16.3398
19.1362
1.12145
1.12145
-29.4105
13.1016
-25.9717
-23.2029
30.04
-27.6829
-10.4673
52.8797
53.3808
1.76972
10.7343
21.4364
-37.22
-19.005
-39.2725
19.1297
-6.83922
-18.0275
49.5381
0.805934
0.741307
0.71772
0.432748
-1.82767
-3.9285
-3.19775
-2.07116
-3.9997
-1.53292
0.731474
0.731474
0.495836
-3.015
8.37195
-1.22251
-52.9477
1.27047
-4.12122
13.6376
26.5445
0.804182
0.685693
1.10691
-28.9157
2.04875
-69.4543
-1.06877
0.526739
-1.97549
-24.0623
-33.962
0.838792
2.07926
-0.136481
-2.31623
-2.98986
-0.504405
0.0312042
-0.20139
-0.599603
0.910982
0.775691
0.775691
2.79982
-0.18269
12.2215
10.9897
29.1895
-1.64293
3.80317
15.6434
13.2579
0.738734
4.4406
15.2462
-23.4505
-0.818142
17.4049
-7.91901
1.74714
0.977611
-24.5831
-8.80901
0.288655
0.497502
-5.50866
0.310806
2.2197
-11.3935
-6.28288
-1.363
-2.51623
-1.45632
0.530608
0.675075
0.675075
-8.09525
19.1473
5.30193
12.5491
9.62869
-15.4843
2.09412
-13.1634
-15.1001
2.47436
-17.8286
21.7151
49.3629
-7.92849
35.507
6.38712
0.116519
-5.66013
26.0786
8.88342
12.0417
-26.662
16.2551
11.36
-3.48847
-6.57085
6.69929
-2.95982
-16.5489
6.01475
-19.7139
-32.2167
11.9512
11.9512
-25.1804
-17.221
47.4287
27.3411
30.2864
-11.5318
-2.99616
-16.6259
-22.6529
-5.43748
-12.4426
-59.9147
-2.37914
23.8558
-9.59828
9.01434
-20.3323
18.5525
1.57722
41.4237
17.7796
8.0639
-43.6467
2.59514
2.0648
1.41451
-0.460798
36.7004
0.0938792
1.14659
-8.30725
16.3959
-7.72223
2.39915
2.39915
-0.847661
-15.0351
-10.6315
18.7458
18.4527
4.34526
-1.76059
30.8834
-24.555
2.23001
0.583313
-21.6459
-56.3621
14.0236
78.0237
36.6825
0.772083
-0.393195
-2.57638
-13.7493
-1.01127
-11.8619
-6.96055
-31.9044
1.00136
-0.157586
-0.546553
-1.72333
-9.06571
-0.908336
-2.04695
2.58146
1.96101
0.898568
-0.0591241
-0.0591241
-1.37407
-14.4941
-63.6003
-19.7693
-11.4723
8.41796
-14.6658
-12.555
-17.9599
-2.41346
-0.688635
1.24538
-7.38448
-4.75275
-37.2958
71.9612
6.97403
4.86668
5.97171
26.1028
0.639309
-1.75211
-5.55931
-26.7171
20.7241
-0.107061
-0.00998291
-0.29343
-0.405754
-1.75192
-5.20169
-1.69702
-1.06681
1.1338
0.314687
0.0333984
0.0333984
1.23551
-1.92904
-15.3328
-7.98403
-6.06972
-5.19736
4.10259
14.0293
0.258084
-0.0329283
1.38891
-0.228296
-22.4215
0.274495
-30.0631
3.82741
5.48691
2.17182
22.8307
7.66745
0.295862
2.77693
-2.00254
-8.56715
-20.2992
10.9603
-0.166534
-0.0470672
-0.738011
-1.74647
3.35443
0.0150151
-1.20584
-2.96753
-9.06132
1.11954
-0.0113187
-0.0113187
-0.100261
4.15834
-3.3454
12.2854
-36.2911
-10.4369
-24.1143
-7.45214
6.09411
-0.10338
0.402852
3.26905
2.93368
1.33253
-13.7803
4.97115
9.23758
-7.21133
-34.5233
-14.0715
-1.2076
1.19116
-0.210157
-0.272094
-4.83877
1.53894
11.7968
0.504586
-1.40059
-2.01323
-0.636165
10.5053
-9.39149
-17.3289
4.99007
22.2608
13.6381
-0.270127
-0.270127
-42.5862
-10.6123
30.3057
-19.3119
-1.16475
-24.2308
6.25605
-45.1333
-13.6467
-0.679114
-16.9454
-11.2826
-18.5195
18.2697
33.0194
24.8072
-3.55678
71.2391
-66.7157
-7.90069
-19.7682
3.59276
4.1461
-31.4862
4.71361
-18.2286
-10.6071
60.3497
-1.59999
-1.63059
9.02429
-10.8429
-12.1387
-0.221118
1.51326
0.167386
31.9217
5.48582
-2.02055
-2.02055
-1.99049
-6.3994
31.5996
-50.6634
-27.349
6.5067
8.63496
0.509388
-15.2235
-19.9802
-1.70171
6.97184
15.8957
26.9576
-11.3746
-0.0728323
-9.49915
8.67954
100.902
-60.5449
-30.3912
22.8144
-9.7791
8.02258
5.09922
6.64426
25.6943
1.55839
15.3767
0.10118
0.0410344
-3.31527
0.12944
-8.40946
1.42073
-0.74972
0.714597
4.65959
10.1986
0.310508
0.310508
4.17048
-6.3829
-0.369651
-0.282642
-7.80328
0.605535
19.1951
11.6985
25.194
1.3105
3.66997
6.09395
25.2864
-3.09965
9.56547
9.44376
2.31087
-1.52899
0.608811
41.3819
-3.01743
2.43409
-7.42695
13.3572
7.76847
-15.8331
2.22734
3.89567
-42.6128
-4.51315
0.463623
0.402934
0.389458
0.237123
-3.05076
-2.17368
-1.85031
0.531302
-6.71362
-0.529675
0.393384
0.393384
0.134419
-2.91865
0.566897
0.537641
-50.4894
-0.50998
-5.69309
6.60663
0.195681
0.771521
0.360338
2.48858
11.8002
-1.61421
-37.0871
-6.39568
0.798918
-0.151834
-16.2412
39.3329
7.06173
-0.666168
0.201047
-16.1715
1.32098
7.09133
0.118275
0.425258
-0.00592535
-1.29043
-5.4217
0.163135
5.84527
6.92397
2.34752
-7.50372
0.349502
5.59577
0.278438
5.8943
-0.283465
0.155025
0.155025
2.75632
-7.28483
12.6271
9.36132
12.6365
-4.78086
-0.496385
-9.62919
-3.68351
-0.0514431
2.92778
4.63724
0.968577
4.86808
3.78176
10.0354
-1.62054
3.81973
-20.9383
16.2736
-2.09655
19.7718
15.2389
-61.6337
-11.0281
0.679438
0.725482
0.526609
30.5811
-1.53627
6.83373
1.30088
-2.76357
26.3724
-23.534
-30.5394
-11.1679
15.3116
-21.7151
-16.0376
51.4902
2.62202
-0.852633
-0.852633
29.0899
-1.12511
24.3465
43.2051
-48.0698
-14.8002
17.3802
25.2114
-40.5478
-0.978876
-29.5848
8.5841
-21.325
-29.4251
31.533
17.8775
-0.0675304
-22.598
-7.57281
17.5404
11.1823
-105.57
84.198
93.3898
-28.3418
18.8244
2.36242
-14.8487
-5.32771
5.13073
-11.4476
26.4788
-31.6024
1.42523
0.413555
-4.11404
-23.3624
0.219615
-27.4221
11.3779
2.79901
18.4951
-15.3205
1.12913
1.12913
-38.1668
13.2979
24.3756
13.572
-12.4177
-37.6484
31.7818
-21.0192
-9.89175
-4.3989
-8.11219
-9.25259
-41.546
1.00742
54.8862
-9.20073
8.60413
6.59385
-12.3722
29.9816
31.2251
-34.3062
-57.6526
28.0322
82.9009
-7.25152
22.9897
-9.69882
-1.25719
-12.3682
34.5339
-24.8028
-29.2183
-14.0529
4.0711
-0.966368
-1.53226
7.85267
-1.65244
0.317816
-1.45705
10.9797
15.4455
-0.147821
-0.768293
-0.768293
-2.9894
12.5476
21.017
16.7563
-46.3673
7.18118
15.6559
-10.6776
-27.2286
3.30898
-2.32939
-23.7732
-18.1216
-3.52723
30.0491
-3.95875
-9.21496
-2.16643
-0.302755
2.00622
6.6908
-7.46706
-21.794
-47.6484
56.2673
34.0324
10.9858
11.2367
11.9204
-14.0346
6.88977
-1.28443
-6.13262
-44.7607
-33.9726
0.55077
0.591616
0.553012
0.370763
-4.5775
-0.339365
-0.318517
0.62191
2.14604
1.03812
0.63458
0.63458
0.351796
-5.31612
-5.788
-9.61732
34.1758
5.59636
20.6489
2.53729
-2.3785
0.548889
0.497568
-3.50978
3.66849
-2.67623
-55.0407
-2.11183
1.60605
8.02228
-17.2743
-8.95781
-0.0498218
7.31621e-05
-6.2495
-11.4623
-19.5378
8.17681
8.94123
1.60093
-11.4899
9.49796
-4.5979
-0.638032
-2.50889
-4.58391
0.700505
-3.90683
0.385084
0.311801
0.311343
0.392018
-5.64658
0.285471
-1.55919
0.374226
0.820009
0.112185
0.320687
0.320687
0.215985
-2.53606
7.71922
-2.44091
-45.3632
2.92198
4.28168
8.90859
-3.00653
0.322363
0.238794
-2.71414
-31.9602
1.10106
-31.7552
-10.3886
0.633447
-1.77129
-25.7925
-13.8776
0.402243
0.11103
0.321651
-18.5052
1.77699
-0.673882
2.25381
-1.72154
5.07922
-9.74008
-3.0696
0.105948
0.0630965
2.09602
22.7102
-6.98881
8.5118
0.310772
0.364779
0.249056
-0.473749
4.12917
0.424184
0.901723
2.10402
-8.57744
1.04444
0.379421
0.379421
-0.101645
-0.9078
7.37233
5.32266
3.38097
-1.7248
15.189
-1.07798
8.17657
0.206914
0.151469
-6.02823
36.047
-1.7842
-0.531637
0.109223
-1.39537
4.51149
0.762841
-21.9038
-0.435019
-0.480309
0.19987
-17.3555
-8.17762
4.00251
0.990026
14.4153
41.45
-18.2544
-4.09104
-0.458545
-1.19667
20.623
-0.239615
-10.4021
3.33534
1.11823
-1.90281
10.6216
13.0047
-11.2483
-4.6892
2.65994
2.58146
9.43913
-6.80315
-7.61423
-2.24858
-2.24858
3.0517
20.8278
39.5531
3.03366
4.47948
13.8071
-6.00984
-0.398654
33.6646
-4.80251
20.4649
10.4359
-1.45808
7.13532
-47.9109
-11.8686
12.7853
-8.57702
7.66881
-27.7216
-2.70124
8.00641
-10.0928
-6.0459
36.3404
6.22024
10.486
-19.1736
56.6031
26.2884
-3.14957
-4.57608
-4.57885
5.20319
27.0023
-2.91384
0.517656
2.46722
13.4382
-1.4053
-2.00423
2.93051
11.8476
10.7658
4.33262
-6.36186
9.64948
-24.8926
-6.82546
-2.16701
-2.16701
7.11169
18.6577
-33.1222
6.52051
15.9996
-0.170882
-18.2487
0.0535666
36.7259
-0.802515
-0.330781
-1.54641
25.7638
-3.12217
-18.8619
-6.2616
-2.06408
-4.09391
-3.32718
-2.9704
-12.9388
-3.51872
3.25095
17.8604
15.238
14.5038
-9.35752
-12.6754
2.65789
70.8702
-2.83077
-14.4473
25.9405
3.02414
-1.91242
18.428
10.4194
-0.604668
-10.1331
-18.5005
-0.487326
-0.493712
-2.46591
5.14995
15.2267
1.96567
-2.05047
-4.14594
-2.65429
-3.19868
-0.346406
-0.346406
1.58376
1.1304
-2.73519
-2.27342
0.224789
-9.53011
4.48267
5.37759
9.98646
-1.92378
-2.37655
10.6308
7.67562
5.5857
20.1771
-0.672296
0.550392
9.15901
0.970235
-6.2751
6.98715
-2.59567
-6.03258
10.0511
18.7792
-4.75488
-0.814967
-1.27051
-28.0325
-14.4031
31.6122
10.1845
12.761
25.3679
-35.5621
11.7949
1.23775
-4.89849
-1.15468
-23.2328
-12.2726
0.534109
0.47988
0.445302
0.145203
-2.66447
-3.52107
0.162562
0.0982073
-5.2874
0.571036
0.458601
0.458601
0.133392
-4.83711
-19.7635
-9.17498
101.747
0.495415
2.15697
-12.6463
-17.7641
0.291821
0.409456
3.78601
30.2659
-0.103363
9.02081
0.979365
-0.7599
2.99099
-12.9304
-2.66345
1.89448
-1.78764
1.58446
-2.56227
-13.7471
-3.07229
0.953593
-0.115049
-13.8871
9.20566
-1.3977
7.64317
3.1107
28.6289
-32.9852
-6.83456
-0.597935
0.199328
-0.10443
4.27949
-10.4073
2.21113
-0.0205106
-0.455341
1.62205
0.431469
-12.5548
-5.87784
-2.36037
1.46972
-5.02309
-1.55811
0.0494928
0.0494928
5.71836
-4.30965
-2.63009
4.29543
1.73639
-1.16458
5.5096
-18.0173
-13.5873
-0.0552647
5.13696
3.9914
31.8851
-3.32281
21.3432
27.565
-1.08537
-4.11741
17.7919
-1.6217
0.715535
5.47917
23.4502
27.1532
11.6538
-1.62663
9.26982
-1.47049
-13.9493
20.2065
4.8248
-6.30895
25.688
-2.89646
-10.9828
7.5502
2.08
1.63951
-0.906212
3.39299
4.97843
6.77388
-4.57866
-0.22228
0.685745
-23.5406
9.50559
-16.3307
-13.3809
23.1231
2.29022
18.3244
64.9797
-4.35301
-4.35301
76.1147
8.28423
22.3002
6.03687
-19.9034
31.7945
40.9587
-56.8153
22.4019
-109.853
-40.4863
-9.16457
22.2411
19.3217
11.6293
-53.8802
-17.787
17.6764
18.3831
40.2238
11.5116
38.1674
21.1381
-1.29267
25.1328
45.3412
11.3658
-19.0232
36.2554
-3.54756
-10.8018
25.4828
0.867779
134.047
-1.06851
-19.1251
-9.9076
-8.06937
-52.5659
-12.9369
35.3034
-9.75788
-36.2567
-68.9409
-21.5048
-28.4244
64.4141
8.6297
-49.597
2.51539
-6.91042
23.743
26.5147
9.97408
-22.5835
-22.5835
46.5634
39.058
52.9306
-16.0514
5.36929
55.4681
-11.0387
34.2719
55.564
-130.415
-53.877
10.7024
-32.173
-11.6114
-48.4021
-42.7694
26.2287
-14.3884
52.5346
-25.0457
71.4128
12.2788
41.4845
47.8598
41.4037
86.2299
-3.07308
67.8835
35.4468
-15.6586
3.10384
-7.34328
-53.4071
-61.2314
117.602
45.142
-51.8816
-11.7346
-17.9514
-25.5208
-10.672
-34.6719
174.106
-30.6342
-46.3286
0.42784
0.69788
0.609486
-0.239893
2.61607
-1.39007
1.03693
-0.605052
8.83486
-0.40365
0.74872
0.74872
0.255739
-4.80902
17.054
14.5671
37.1635
0.340696
7.33466
18.258
-3.31867
0.510272
0.558247
-2.33024
-21.6539
-4.06583
-3.18019
-15.0009
1.35994
3.90768
-16.8319
28.2861
1.07021
-0.357393
-3.92035
-23.3763
-16.775
13.4535
0.0231526
0.404285
24.2893
3.76956
-5.44711
3.38954
-6.49072
-16.7948
-65.5177
51.1988
5.90843
-1.90199
0.384277
4.18159
9.84172
9.06314
1.13413
-6.04973
-2.5448
12.5395
0.284665
0.225434
0.23246
0.23893
13.4945
4.89259
-0.776298
0.387425
5.77796
0.292833
0.21518
0.21518
0.203829
-0.633214
-2.82674
10.2711
-8.52576
0.598615
6.42575
-6.39575
0.64278
0.25066
0.226866
0.81626
-22.1596
0.851264
65.5409
-10.9582
0.676491
-7.17837
14.8787
-12.7573
0.392509
0.357113
-0.801313
34.3336
15.6837
-1.33677
2.86932
3.85561
-35.6447
-15.3602
-2.73652
0.148547
-1.4716
-51.2602
-15.2128
4.58608
5.50543
2.28625
0.533636
6.63666
1.84249
0.175183
0.248571
1.74092
40.5516
-8.4826
0.827334
0.249896
0.204543
0.21318
-0.0389736
7.16669
0.945538
-1.09112
1.15683
4.12352
-0.213614
0.213056
0.213056
0.0586129
-1.87619
21.2885
-1.86827
7.92988
-5.5418
7.67555
12.233
2.4877
0.087778
0.232841
-1.34017
1.06067
-0.408701
20.7234
-6.96103
-1.01488
1.16501
4.74723
-0.383642
-0.379812
0.0393005
4.24136
-7.12804
-5.92917
0.978178
-0.605157
2.90658
-45.1972
25.5111
-3.57577
-0.339048
-1.43341
-0.663796
-15.5774
5.0643
2.22229
4.58568
5.91861
-12.0222
-11.6931
-1.88309
-0.150164
0.0476524
-39.6783
-34.8277
-1.94767
1.72672
0.575121
2.9322
1.20121
44.2939
-20.423
12.5978
-4.14402
7.92697
6.29867
4.22213
3.1911
3.1911
4.30033
23.4092
-15.7488
-18.0047
88.3442
14.2753
-4.718
-4.9579
9.66092
-0.450037
1.01086
17.6084
48.9151
17.3445
12.6843
-0.236717
-3.74391
5.82986
12.7885
-2.01811
-4.05233
-8.90967
26.5471
21.1592
12.3717
5.95729
-16.7629
21.8605
21.5225
5.39472
-13.4418
-19.0265
11.7936
42.8524
2.64287
15.2672
-6.3272
-17.0213
39.8422
48.9136
-34.558
15.7259
-0.0517988
2.13565
5.2158
10.9629
14.6023
-22.9193
46.4553
0.438987
1.30161
4.65369
-7.69008
12.1157
-4.01562
-0.6968
-12.1762
-8.09775
7.73497
0.325898
0.325898
6.24766
-8.88859
25.864
10.2204
-24.4848
-12.2243
0.0144921
13.9797
19.349
5.38345
1.26499
10.9959
8.69039
-4.47051
20.563
29.2844
-7.79203
-9.25095
-5.38976
9.85896
8.33861
-17.6927
21.6966
35.1406
-13.587
-21.5642
0.839908
-0.256993
38.1601
31.0284
-14.2625
8.21208
10.53
2.57038
65.2385
23.9448
-4.75314
-7.69519
-29.7303
86.8737
32.9575
-14.9526
2.98003
-0.389441
-9.53971
29.6432
-1.42882
1.5018
-5.34104
-22.1448
-1.95585
1.25676
3.47022
4.47443
8.12293
-1.70356
0.74049
3.57087
-6.49438
-4.76819
-0.39083
-0.39083
3.15967
3.73239
34.5458
13.3188
26.5118
4.47688
-2.51688
12.1622
10.1506
5.79842
0.416857
3.12553
-1.93955
2.26964
17.6344
15.6987
6.34193
5.60397
4.4191
-1.81919
-1.69757
5.83059
1.1877
11.8393
-7.67927
-2.00174
7.06337
8.1585
-16.0332
-7.90211
10.1013
-0.549297
11.6364
53.6786
4.31406
-1.56393
1.01406
2.5886
-3.5045
-21.7096
51.2931
0.907275
-6.62495
-2.26634
28.4474
48.2752
5.33627
1.71852
0.951762
-7.98879
-15.1257
-0.541735
-0.646503
2.01966
0.376017
-5.89706
-0.350869
2.14226
-3.45388
-11.0774
-2.27032
-0.507989
-0.507989
3.85188
0.529715
46.5425
-0.395636
-6.58773
-3.601
-12.534
-5.43483
2.78605
-0.83998
0.44748
10.3826
-2.92047
2.79652
0.419274
2.87036
5.01971
-1.66195
11.9852
-10.8099
-1.60292
6.09678
7.17064
15.3957
0.69215
-0.342906
-1.08483
3.16342
32.7227
-35.8687
4.30713
4.10668
7.20866
-4.7585
21.4487
3.78626
1.84044
-1.12494
-4.07747
-12.793
-8.16148
32.0841
4.7186
-1.41063
33.6088
33.7552
-1.54611
-0.320481
-0.653702
-43.9484
-9.15896
-14.3523
0.657168
0.60087
0.479871
-0.222358
0.386762
1.5015
-0.267078
-2.8339
0.914442
0.925228
0.572033
0.572033
0.282373
7.6051
15.3038
-7.62823
-1.46846
-1.14406
-8.02015
6.64228
-2.23182
0.60373
0.485701
1.5466
19.9434
3.75761
16.9105
3.17758
1.98923
-0.466465
6.73842
3.50563
0.171323
-1.66258
4.06746
-11.2433
-19.1571
-1.68797
-0.270073
-0.615276
17.1157
15.8999
2.41725
-1.41888
3.6345
7.78233
28.9694
-1.97913
0.782197
0.492117
0.513318
-4.19299
-9.64802
0.363232
3.96163
-2.57721
114.529
62.7077
0.756972
0.424211
0.309954
1.2313
-11.0383
-2.10089
0.143007
2.0239
1.97232
-0.261515
-10.5076
2.60416
5.33764
5.87913
-4.15428
19.8923
-10.0712
2.10611
2.10611
-3.38297
3.20277
12.7358
-13.7428
-16.6228
14.4262
12.8079
6.14473
-1.55686
1.18165
9.65649
-21.2823
11.7135
4.54497
-24.4538
-16.8379
3.83258
8.90878
12.8914
15.6171
9.46708
11.0533
10.275
-9.86966
0.748394
27.5708
-6.51239
-3.61415
-5.55535
-23.7425
14.706
3.54551
14.1593
52.2978
20.3127
4.67669
-1.7373
2.82334
-4.86895
20.1474
3.89499
10.825
-3.08292
43.0868
-44.8235
-105.696
10.6084
3.81841
-3.6831
-6.99376
7.83782
-2.15593
0.158075
5.05233
-2.36254
2.38325
-12.1915
-2.17245
-7.011
-3.68763
4.82321
9.90219
-18.1367
4.65004
-3.33318
-3.33318
-7.61504
7.97407
-21.0684
-1.5991
14.2026
-6.14482
-27.0174
16.9061
-0.395211
0.55331
11.3397
20.4938
-25.2911
-1.43276
-12.6702
10.8941
5.27852
-3.44626
12.5538
8.87124
17.0514
9.24482
-1.63584
27.6226
2.35404
20.0042
15.048
-17.2142
34.5436
-20.6013
14.8811
37.6973
-10.6009
36.9632
33.6326
11.0442
-9.22498
20.3694
8.07649
7.46305
20.7351
17.3373
8.30145
3.24494
70.3709
-0.812432
-8.77791
-2.70314
14.912
-32.2641
10.3806
10.3672
-15.2305
-15.5394
-45.0903
-1.07763
2.92822
-11.0903
19.5628
20.97
8.03506
16.0881
-11.0975
20.3468
-21.4134
-3.58803
-3.58803
-6.78193
35.1448
-19.6113
-4.96032
-53.4226
23.6203
-21.5604
25.3754
4.14452
23.2092
41.3107
13.0727
2.56403
9.84546
-12.6054
33.36
5.57572
0.982597
16.4048
8.06836
-18.4985
7.47687
55.1521
64.0704
7.82008
7.52372
5.44529
0.554579
5.54855
14.4224
2.88127
13.0762
11.1547
-19.5274
56.4434
12.9982
12.0758
-22.0967
-27.1855
20.9328
15.1705
-3.49495
28.9412
-23.2087
-14.5759
153.092
13.5599
-24.4026
7.55954
19.9334
-37.2334
-4.57666
6.54011
6.93626
-19.6644
-56.6281
0.015518
0.0719258
-1.47674
-0.291122
-8.69619
-0.530089
9.43063
1.40429
7.72401
-4.3946
0.278394
0.278394
1.71941
-0.818757
18.354
-7.30315
-11.5643
0.196241
6.14855
-6.13898
20.2487
-0.0657925
-1.62439
15.2002
15.8916
-1.96659
17.2406
-6.83781
2.85445
0.139807
1.89237
1.71081
1.2661
-3.97583
-1.53436
59.8593
20.1265
8.05936
3.2453
1.34693
-28.066
10.9312
3.76177
2.38346
4.42702
-10.1453
-0.138309
3.81294
5.61538
2.57922
-2.26847
12.8944
-7.68452
5.0329
8.27575
-10.2797
-43.1968
-1.67533
24.3479
5.6336
-1.30917
-6.41114
13.4492
11.8805
-1.80324
3.42732
-20.1185
-24.8434
14.1381
0.0144678
0.0211303
-0.296009
-1.56667
-23.811
-0.876369
3.61559
0.684074
6.24037
3.48941
0.0529032
0.0529032
-1.00857
3.60986
-16.5925
5.36729
16.9842
-0.47302
8.68364
3.66668
1.91169
-0.320507
-0.443398
0.622813
18.6632
1.3047
-44.5647
6.24414
0.271767
-0.75335
-14.2136
15.9529
-4.23514
-2.0826
1.57522
-18.5519
28.2028
-13.3556
4.78316
6.24597
9.46768
-3.7368
-7.75559
3.40966
-1.16097
34.3548
29.7211
2.71847
1.95476
3.38784
3.97323
-5.35498
13.1394
9.74925
5.52689
1.07252
27.4996
-30.3569
-3.32968
7.45811
4.20665
2.68327
-28.0913
-4.13402
3.37923
-2.48561
-10.3583
21.2602
20.9711
23.606
2.18778
1.63124
-13.4886
39.9581
-7.66833
-5.13339
-17.0322
14.7652
-13.5689
-16.5174
2.56887
2.56887
16.6083
-16.4912
14.6106
9.49095
-19.7954
-14.4022
-22.0197
12.2392
15.122
-0.81951
-18.4786
5.76167
-36.9671
-4.46507
17.4284
2.42997
2.81282
1.02612
37.3263
-22.003
-2.64594
24.7058
-10.9053
0.0714262
17.8671
8.80272
8.16845
-21.8525
13.7838
-50.8718
21.9136
-18.1747
-8.17687
-43.3656
-21.2075
-3.95491
1.80005
19.4935
27.8162
-12.1715
11.382
-7.38477
7.28157
-10.34
62.3472
-9.11208
2.35425
-7.5933
47.6103
50.6564
36.1731
-26.9524
37.6004
-17.0177
13.6921
-16.4178
-48.8509
-2.473
21.4164
13.2555
-105.061
-109.043
-96.7966
-8.30479
-7.07162
14.7331
4.55216
-11.8266
-46.1428
7.31964
7.31964
80.3301
-5.92009
21.0892
41.1881
3.72522
-3.41055
-30.8951
3.5974
-59.1775
46.7094
-13.3785
-14.1945
6.07488
-5.76831
19.7505
71.6983
-35.8982
1.93298
18.178
35.9019
6.85577
72.4928
18.4563
23.0619
14.8961
22.0219
50.5796
-86.3448
14.3747
-1.80226
45.9876
-38.0775
82.1108
-13.0687
-50.1459
3.9506
54.4509
-96.0372
52.3632
57.3112
-9.94989
19.0106
-0.779802
-85.514
48.2913
30.5761
-29.5217
65.3589
-113.361
226.808
61.4794
-4.28338
-33.6589
-41.9411
0.782904
-37.7197
-24.0398
13.8082
-6.53911
5.10631
-0.35842
-0.241548
8.86761
7.74164
-20.0613
-2.83764
8.88002
-4.92214
13.1981
-20.9005
-0.517748
-0.517748
-4.58754
28.1502
-12.6089
5.49329
5.51962
-2.78034
13.6437
-26.0541
-19.8232
-37.924
25.2509
3.60278
37.3078
6.55235
5.83396
-4.54375
-2.75387
-0.624744
-21.3544
32.1508
4.2127
4.94291
-18.2226
22.3806
1.99589
21.7228
-27.1163
5.56351
-5.40216
15.226
-0.982908
14.8858
-10.6035
-13.2628
6.04392
-0.727064
7.59853
22.6788
-15.2199
-9.7627
29.9409
5.69546
5.66428
16.5907
4.30639
-32.7589
9.7497
15.7125
0.68574
-19.328
86.9178
51.2088
3.82414
6.78539
0.730397
-20.0413
8.71557
-18.5812
39.6944
4.07353
42.192
0.718696
0.134292
1.03177
3.69809
21.3574
-5.93942
-0.381319
3.6449
-8.18695
-1.04085
1.12037
1.12037
5.2133
6.88564
-10.408
-4.52246
-5.36723
-9.24247
-16.336
7.67965
19.1037
0.305707
2.75597
6.97838
15.9927
7.38984
21.8775
1.16727
-1.99029
5.26823
31.6869
5.94697
-7.55741
-0.367814
4.60228
46.0809
26.5406
10.3835
-1.24774
5.14348
14.7858
-6.72387
1.47972
11.7608
17.6406
11.0794
9.47595
-11.9079
-6.53676
-1.98429
-4.86643
-11.0806
-11.1248
17.7129
-4.59929
-5.6186
19.591
-6.55097
10.3107
2.69513
-2.2198
3.56368
-28.8169
52.5019
24.8648
-6.87661
12.9528
6.8831
-8.17997
-4.55855
-6.49711
-13.2252
-65.0312
-38.0434
-0.325064
-0.395947
-0.862582
2.08139
18.7059
-1.58464
5.18343
2.15907
-8.29766
-0.651955
-0.325467
-0.325467
-2.41718
4.89672
-0.596388
17.1475
-17.8692
14.3127
-13.6238
-13.7345
2.00297
-0.372631
-0.0706313
4.69242
7.24692
3.16875
24.6757
13.5175
-0.62864
-1.51522
13.4331
9.95795
-1.86839
2.43988
-16.1286
16.9788
-1.33477
-1.06595
3.69604
4.06916
-1.27352
26.219
4.77774
4.29578
8.87142
-23.0554
1.67361
3.68336
-3.8698
0.333728
-0.858387
-8.01016
-1.46763
4.36389
10.0412
6.70889
6.4685
-53.5214
-2.56712
0.462479
1.9023
-20.7829
-15.8261
-13.4267
19.4974
3.07218
-1.52447
20.3722
4.87923
4.18405
9.96145
-1.46021
30.698
-31.4076
-11.0217
0.396838
0.343046
0.277931
0.420976
-0.2706
-0.899813
-1.45231
0.533223
1.14419
0.701025
0.311517
0.311517
0.203849
1.7678
-5.25802
-0.64491
-5.48197
-0.716279
-7.39296
-6.24034
0.0480274
0.346488
0.292066
1.55162
12.755
1.79213
10.9312
-1.47294
0.695009
-0.727218
5.78902
-10.3809
0.632461
0.0122779
0.924716
13.2826
-4.00435
-0.39969
-0.134478
-0.255753
8.84673
-1.44389
1.3787
0.313706
-1.34646
0.293802
6.35618
-1.13641
0.607999
0.336129
0.344623
-4.62332
0.00242527
-0.0702196
0.187175
0.152945
-2.65862
4.44679
0.65019
0.200366
0.193422
2.66707
-0.705018
-3.71186
-0.411535
1.12491
1.593
-2.32008
-2.66957
2.95293
2.42564
0.517256
6.44726
-1.74878
-6.78637
-0.0254649
2.81641
2.7914
-2.53447
-2.8968
-6.24814
1.36101
-6.00687
13.7141
0.123514
0.531927
2.8241
2.8241
0.573087
6.66662
-0.486676
3.03081
-54.2622
2.10452
0.353575
-0.448739
17.7063
1.95165
2.86208
7.1057
-59.4722
2.47739
-34.4627
12.4803
-1.17518
-4.36693
-0.608054
-16.8109
-4.67026
-3.39763
5.55271
-1.43898
-3.91479
0.165443
1.92892
-1.40961
28.5419
-5.53512
1.37307
6.81418
-3.50632
-36.6668
26.2459
-11.8779
-6.03016
-0.00105765
1.43083
17.538
-21.1338
5.91105
-0.226266
-1.36351
27.5235
11.4752
-2.70356
1.82784
-0.210057
22.4071
5.43355
12.146
-2.03907
-2.09088
34.6312
-42.9964
-29.5117
-13.6946
4.76588
-4.32494
41.7665
-6.93657
11.0489
3.82009
2.76252
98.6738
21.5367
30.2475
-23.9411
-21.3078
41.0195
9.3843
23.1251
67.2314
-149.923
24.5666
24.5666
15.6666
-2.17892
17.3846
-33.1307
-20.0994
18.9142
56.4339
11.5207
89.3931
-149.144
7.22478
-49.2854
-30.6052
12.6223
-35.3654
30.3965
-6.99267
-21.8769
76.846
-28.8773
-56.1105
-76.8796
70.8815
8.35471
5.49438
19.3508
-71.323
194.662
-48.6777
-42.0386
-27.6937
19.4389
-11.8503
-73.1985
95.7164
-70.5003
205.808
-180.262
-102.789
-7.00671
-20.338
25.3391
86.9275
161.877
1.39181
-115.323
18.5191
-257.277
94.3916
87.6346
73.0623
33.6186
90.0228
108.38
-59.1065
206.573
-44.4681
-92.648
29.8612
-15.1306
-17.3508
30.9603
-45.1015
-43.3493
-28.6196
-32.8895
0.109442
1.68338
-1.91027
-0.171568
0.620941
-0.148437
0.211962
0.471391
-1.20483
-0.30818
-0.0888374
-0.0888374
0.769899
-8.46307
-23.0164
4.734
2.93484
4.7008
0.205487
-10.6178
13.0677
-0.162908
-0.562102
-3.16537
26.2645
-0.183202
1.6848
-5.06177
-0.0515397
1.21243
10.7026
5.1133
2.26419
1.62402
2.16245
-12.9983
3.92695
3.77613
1.61076
-2.33057
-11.811
0.707519
-1.35653
-0.2883
2.53997
-1.59675
1.41326
5.95601
0.475355
0.581126
-2.84162
4.28377
-8.43468
0.804736
-0.419463
-2.76842
-34.9427
-17.5678
0.988931
0.881555
-1.18065
14.4462
20.3303
-3.1198
4.10401
-0.752596
-6.09758
13.461
41.4576
-11.1385
-1.84343
30.8914
26.3919
-13.4086
0.74697
-3.33099
0.118044
-2.33688
-22.44
-0.707531
0.333347
1.02604
1.72171
11.7773
0.267781
-0.264393
0.813017
-2.11721
0.541705
-0.338439
-0.338439
-0.697764
-5.40998
-0.96243
7.32513
3.22438
-3.37469
10.4299
-4.54894
1.68995
1.22496
-0.368047
-0.0981275
1.10287
-0.441169
19.0291
10.5153
-0.00280759
0.190633
0.646208
6.62582
1.55419
2.8428
-2.69108
-10.1948
-0.900918
0.105891
0.854631
-0.541543
-4.30661
6.96653
-2.7321
0.148936
-2.17313
27.204
-3.40117
-7.8234
0.731215
-0.361235
2.05219
5.50785
-2.02992
3.75665
-1.17989
-0.962786
13.5503
26.119
0.757249
0.718538
-0.290197
7.01859
2.29759
-0.521426
2.09461
1.0502
2.32832
-11.3405
26.0567
20.1955
3.1945
8.42723
-26.7764
-6.10457
-1.22669
-0.756534
-0.35338
0.99568
-30.9969
0.671412
-0.792172
-0.637447
0.576076
-0.794338
9.61769
0.162339
0.113048
-0.265093
6.5893
-1.52572
0.0749165
0.0749165
0.0536105
-3.66306
-12.0192
1.67191
0.928499
5.73409
1.67733
3.78111
-9.53072
-0.670536
-0.291259
-4.88936
13.7997
0.390705
-5.37331
11.2316
0.729271
0.240862
-7.49704
3.7571
0.265046
-1.50755
2.76104
-6.43949
-11.346
5.84404
-0.0428587
1.52148
15.6683
24.1761
4.41476
0.96608
0.873477
-7.3724
2.87443
3.21091
-1.45334
0.279926
-2.3349
11.2612
-3.26846
1.49961
-0.601169
2.96831
-29.5642
-16.5877
-1.45568
0.454861
-0.243413
6.45291
-3.62411
1.64895
3.3583
-1.55146
-6.34691
10.9593
-5.56709
1.28894
9.04052
26.8245
5.29507
-9.50328
16.2596
-3.7906
3.22585
-6.93002
15.4739
-0.461563
1.27904
-0.568383
-1.23533
1.20298
2.46854
-0.93384
-0.173607
0.351712
-0.680594
2.23994
0.561246
-0.171619
-0.171619
-0.90298
5.83249
-7.31739
-2.16368
-3.53685
-0.431243
7.15018
-6.44561
-2.14081
0.877582
-0.0397143
0.103536
7.15601
-1.05029
7.72035
1.79233
0.536067
0.645213
6.30496
5.62764
1.83979
1.4173
-8.89698
16.5767
4.00119
-2.44905
1.2429
-3.86935
-19.0238
2.98022
5.60701
0.385971
0.661214
29.6831
-7.17982
13.4526
3.09394
0.207044
2.77971
-6.88792
7.71768
0.629638
-2.07993
0.46429
-2.05565
-16.3789
3.55914
1.31529
-1.56084
-3.82618
11.0504
-3.47533
0.484963
0.358396
-7.30389
-14.3806
30.1013
0.966269
1.29128
24.9857
9.71084
-2.247
-10.6599
0.22846
1.70359
9.00191
23.3505
-0.508145
-0.982862
1.73394
0.377532
1.00882
1.28132
1.8605
0.918621
0.131236
0.249652
0.743419
-3.43244
-0.968703
0.0605108
0.0605108
-0.429637
-0.571083
-22.1435
9.2271
-23.6011
1.19251
4.32356
9.25635
-2.93365
3.27888
-0.873388
0.084758
-11.2179
0.467133
-4.51747
-9.97163
0.855822
-0.0296687
-16.1219
-0.192176
-1.43435
1.50802
3.09553
-12.8355
5.0425
0.456296
0.109426
0.36362
11.4571
8.01836
0.605823
0.407546
-0.907485
43.3278
6.97548
0.297174
0.337144
-1.18542
1.05748
1.36095
3.88481
3.94638
0.897229
-0.450032
2.04559
36.0779
-1.25729
-2.19764
2.74341
-1.09372
4.97425
-2.96348
3.65666
0.454546
-1.00816
-4.35515
-1.46464
-2.73457
-2.28658
-6.19312
104.174
22.0299
6.77608
-1.87783
-1.22142
-5.01886
11.0849
0.281132
0.0630213
-0.105556
1.20679
1.20645
1.50528
4.12519
-1.1041
6.2899
0.358574
0.142722
0.821679
4.53563
-2.31507
0.208824
0.208824
0.356423
1.66713
9.90656
-1.16407
9.02975
3.36974
5.98536
-10.2384
-16.3016
-0.00213901
-2.02928
3.23405
24.2627
0.550203
-7.70094
19.6044
-0.280197
1.66212
-0.14508
-6.69536
-2.3867
-1.11842
7.7494
13.6791
7.79929
-0.787714
1.01946
3.05035
2.56161
-13.0327
4.97484
-1.566
-5.46176
-2.18616
-7.29716
-0.204636
-1.9562
2.23336
1.0584
-0.543054
3.56187
-0.864136
0.38921
3.02962
-1.75877
9.42116
2.63895
2.56618
0.430167
-13.4743
-6.53388
3.03228
4.02374
1.7341
4.31634
12.6979
18.3199
-2.37581
1.58247
3.77207
-19.5514
27.7032
28.4491
-9.42778
-6.35168
5.03529
-21.1858
0.709602
-0.786334
0.83734
-0.640163
0.625563
-0.787581
-0.845052
-0.224952
6.28269
-8.6996
5.02482
-2.07686
-3.17
2.85301
-3.61835
-0.67506
-0.67506
-5.60011
15.5876
18.0243
10.0478
11.238
-1.2504
6.12163
-7.40039
-6.02734
-0.736116
2.59927
0.8451
19.104
-1.83098
-31.0546
3.97971
4.3573
0.109813
-14.3094
25.1541
-5.9624
-0.490498
5.95415
29.3158
11.2386
-1.49389
2.79158
4.10858
17.6923
34.5212
1.70997
-14.6764
-4.45484
-3.46444
-9.20459
17.1991
3.1274
3.77992
0.821149
-5.88452
14.4207
-6.5169
-3.01663
7.96644
-7.07907
-43.7753
-4.15517
1.11725
1.04945
3.47926
-17.5306
1.08048
18.0583
8.60103
8.79282
-14.0001
-1.84984
2.57375
-0.420697
-9.91153
-23.6365
-29.2119
29.7338
21.3641
-0.622493
1.50274
46.4409
8.2591
0.114651
1.08626
-1.93731
8.22311
-6.31838
1.00499
0.923061
0.188949
-1.24185
4.45325
1.35557
-0.221455
-2.7612
0.120799
1.09017
0.935173
0.935173
-0.859181
8.84732
-32.1442
8.24587
-10.7051
3.94321
1.81098
7.35771
-6.0295
0.917135
-0.883221
-2.85634
-1.89989
0.990166
-19.2972
8.40366
0.791951
-0.0627356
-19.7977
-9.98959
0.29227
-3.18371
21.5908
-14.1458
-0.167591
-4.15693
0.248446
0.98667
0.770811
-10.5008
-3.28497
-0.739523
3.00041
36.8025
-7.86191
-5.00402
0.537721
-0.106074
2.58429
11.4584
13.2022
-3.80436
-2.66128
0.969778
22.0542
42.2906
-0.0373256
0.524626
-0.530239
-8.0246
-2.20984
-7.0191
4.75193
4.15934
2.19386
21.5308
-18.8112
-0.142031
0.763957
3.9432
-0.355243
-16.141
-20.3213
12.5074
1.69325
2.40351
12.8829
-0.905584
3.03358
1.59858
1.58302
-0.511398
-5.24929
6.4778
0.369728
0.309536
0.297719
0.574468
3.72828
0.512575
2.45818
0.51935
1.17005
0.678915
0.28117
0.28117
0.321173
0.210665
-6.93948
-1.05779
-5.95962
-0.880145
-1.8372
-0.392933
0.243119
0.315101
0.341966
0.725735
11.7115
-0.645788
8.95104
-3.31987
0.693496
-0.776244
4.35235
1.12145
0.731474
0.775691
0.675075
11.9512
2.39915
-0.0591241
0.0333984
-0.0113187
-0.270127
-2.02055
0.310508
0.393384
0.155025
-0.852633
1.12913
-0.768293
0.63458
0.320687
0.379421
-2.24858
-2.16701
-0.346406
0.458601
0.0494928
-4.35301
-22.5835
0.74872
0.21518
0.213056
3.1911
0.325898
-0.39083
-0.507989
0.572033
2.10611
-3.33318
-3.58803
0.278394
0.0529032
2.56887
7.31964
-0.517748
1.12037
-0.325467
0.311517
2.8241
24.5666
-0.0888374
-0.338439
0.0749165
-0.171619
0.0605108
0.208824
-0.67506
0.935173
0.503165
0.456958
0.351635
0.228761
-9.82403
-0.0168988
1.80561
-0.418567
-3.80891
0.19365
0.481746
0.481746
0.071018
-0.0958732
-39.5099
-1.19097
5.32829
0.54811
-5.78289
12.76
6.71819
-0.443996
0.16572
-4.97324
-27.1487
-4.79064
32.9833
7.01349
3.83888
-2.76621
-8.6919
35.3526
-1.27916
1.43525
-2.02026
36.9033
8.46491
-3.81649
2.01738
0.501973
16.5791
10.5546
6.48373
-2.8177
1.42298
-25.2541
2.49448
6.73247
6.21772
0.919218
0.181827
-3.03414
4.62159
-5.32561
1.44089
0.599127
-10.6781
-38.8896
2.44851
0.0794445
-0.52528
11.2059
11.8739
0.503878
1.08659
0.410164
1.01125
8.14936
7.07333
-11.3023
1.55648
-2.02042
28.5064
-10.7809
-2.4573
2.11592
0.468173
25.6745
-100.539
-4.65345
0.409178
-2.73042
1.00692
0.991503
-0.259461
-1.94386
-0.367691
0.481746
-2.40198
-1.85968
1.6396
1.02918
8.81514
0.674791
0.196341
0.0717273
4.57832
0.72445
0.56456
0.56456
1.24337
-6.12731
-37.8304
-6.2809
13.9468
0.349547
3.85029
9.88547
10.0651
-0.303941
-0.085483
2.64669
29.8937
0.0570494
22.4405
-4.29893
0.36852
-0.263224
1.52255
7.01731
1.94431
0.844173
-2.01361
41.2703
-4.98765
2.32986
1.66035
1.06933
8.79485
12.5013
0.0712654
-1.44839
4.83043
-3.31016
7.87428
7.44875
0.541005
-0.430462
1.27887
-1.53391
-10.9578
1.52057
1.98663
-0.543287
-22.3636
-19.2248
-0.507556
-1.06595
-0.0639364
-21.8212
-2.47649
-0.355806
-1.00501
0.582089
13.0948
4.81397
-23.979
-1.80877
-2.92203
4.7107
17.1448
-3.51809
0.997254
1.9517
0.48609
14.7572
104.441
-1.62628
0.280999
0.084628
-0.410608
0.676844
1.23472
0.677842
-0.477422
0.56456
1.2731
-1.25005
-1.69634
-5.89748
1.08977
15.1506
-1.05115
0.930123
-0.0366587
-2.14843
-2.70999
-1.40514
-1.40514
-5.13266
5.96449
-8.83268
10.2808
-23.124
-0.118718
5.91217
20.2809
25.5087
-1.93226
2.96381
1.02341
-6.05325
-0.178583
17.2318
4.61718
1.1039
2.23658
-14.533
12.4537
0.945214
-1.46476
-6.02622
6.05815
1.05003
4.75859
3.21196
-1.24191
9.11296
11.9399
4.8055
1.2062
-3.85163
-0.775557
-18.7026
7.4446
0.147681
-3.07291
-1.49165
-0.539834
1.19527
1.87884
0.370064
-3.76985
11.4254
52.5868
-6.73995
5.95204
4.56414
3.15663
3.66021
6.91101
0.319207
4.82105
-4.81283
-8.02535
-32.5584
-6.56827
-2.75407
11.0469
-8.84274
-2.14857
11.877
-1.4262
7.71152
8.78926
45.0513
2.08905
-3.24515
-0.620681
0.197209
0.777886
-0.369828
-3.94697
2.96201
-1.40514
-13.3927
-0.82783
1.44671
2.1046
-3.95614
0.285497
1.27586
-0.0310592
0.399605
-0.228845
3.68774
-0.87192
-1.87916
-1.87916
2.6793
7.39886
-26.8529
-8.36532
-8.93506
3.14527
8.21943
4.15024
-16.1461
1.17028
0.885056
-4.74768
-17.5774
0.323575
-11.8775
-2.15626
0.972349
1.08785
-0.991607
5.9998
3.28489
1.31263
6.28653
20.5409
-6.25241
-2.27887
-1.2819
0.439796
-13.8808
13.7087
-0.508278
1.59582
0.202934
-4.01089
8.81729
9.39857
0.356199
-0.837185
2.97262
-2.57581
7.03635
1.75612
-1.43194
-3.90907
3.59256
-28.8859
0.312913
0.135141
0.651806
4.40155
5.93591
-0.905601
-1.80374
2.9482
5.7837
3.52993
-17.2961
-1.7841
-6.78884
-19.8072
-18.4843
1.1537
3.92123
2.18977
-0.652441
6.69601
-10.865
0.979952
2.18016
-0.172554
0.500294
0.359375
-0.800872
-4.92855
-4.70554
-1.87916
-1.05449
0.0479996
1.5169
-1.79701
0.740307
-0.176998
0.353479
-2.73252
-0.114587
0.133926
0.590132
0.676398
0.738439
-0.72092
-0.72092
-0.0335294
9.12884
16.9726
4.07764
-3.22127
3.17229
-1.40241
-1.39778
9.54795
0.181808
0.321039
-2.21812
0.396899
0.246737
-6.91137
3.30291
-0.0557627
0.606222
16.0709
1.92607
3.89438
0.288609
4.25059
-17.8895
2.72106
-1.69736
0.0932735
0.537311
3.4606
-7.11641
5.15901
-0.736058
-5.40979
16.618
-3.77359
-0.637212
2.59361
0.713672
0.359216
-0.144149
0.317528
0.515504
0.84504
0.40093
1.01757
-5.03074
3.48668
0.589289
-0.651937
5.5373
18.4227
0.979247
2.7676
1.48988
-1.71977
-14.1531
5.41833
-2.50169
-5.48471
15.1117
16.0043
-0.990067
-0.157689
4.56121
1.48379
-5.0182
-1.18241
-0.314364
-0.0198483
0.0154685
0.687085
-0.566383
0.169477
-0.794175
-0.892946
-0.72092
-0.553817
0.318929
-0.461837
0.891853
0.65551
1.23647
-1.69933
-0.61713
13.4625
0.525745
0.023285
0.178438
-8.85629
2.10919
-0.298742
-0.298742
-0.127395
-5.0238
6.77929
3.92903
60.1413
-1.3068
-6.31049
5.23417
2.92087
0.08169
1.25898
-0.657428
9.20564
-0.27839
20.477
6.48662
0.277849
-0.835387
12.6671
-3.22923
-1.25834
-1.37551
-2.02265
25.8518
5.0557
-0.629352
-1.35229
3.99525
19.8797
12.2485
-4.35261
0.268513
6.34593
-19.8348
18.4029
2.07791
2.25734
0.984033
-2.31752
-9.23895
-8.54085
0.323515
1.59379
0.479933
6.31289
-22.5098
0.988405
0.0119861
-0.277114
-15.6072
-15.9988
0.156377
0.561285
0.656787
2.72356
17.1484
-21.0972
2.51974
-1.35787
-18.3682
6.94695
15.1458
-15.6629
2.27206
0.353349
1.69785
29.9529
0.661061
-0.389073
0.10842
0.91408
1.44972
0.0793541
5.95305
0.0152384
-0.298742
-0.144035
-1.04349
-0.235316
0.599941
1.49836
0.245414
-0.0870436
2.35295
1.63156
-0.715484
0.339095
0.868776
-0.312569
9.05649
-3.12659
-0.250713
-0.250713
1.87975
-1.8967
11.8764
0.57604
-6.65671
-0.574519
-6.80679
2.11517
-0.989728
-1.28404
0.484174
3.45119
-21.7563
0.403585
-19.0588
-1.57884
0.675472
-0.265057
15.2607
8.16084
0.510495
-2.00366
7.18277
7.49915
-3.84357
-5.04681
0.635402
1.06339
-6.15186
-1.50943
-6.87895
-1.47341
7.9388
-5.68333
-19.4133
6.86835
-0.673437
-1.06479
3.57331
2.3168
13.689
-2.21678
0.831784
2.09024
-18.4843
-8.60098
1.23141
-0.627034
0.81842
-6.30939
4.64855
-1.36087
-0.943753
-1.77262
-1.27893
-6.7417
-10.7442
3.35415
0.165617
0.726715
-45.625
7.08354
2.07656
4.98203
3.0747
4.02476
26.8221
0.295455
0.588551
-0.273849
-1.12946
0.932088
2.12731
-10.875
-0.0428827
-0.250713
-0.842283
-0.672605
1.60196
-0.447673
-0.402488
1.27349
0.293831
0.614941
1.30021
19.329
2.18994
12.6599
0.508984
10.9325
-4.51631
7.30314
1.01873
1.01873
2.4072
14.4887
5.62741
12.4644
0.799657
7.04821
6.35674
17.7519
14.1897
0.784298
3.49703
-9.11961
-20.1699
25.7073
14.5601
-5.22296
5.59585
3.75057
-37.685
-23.4654
19.2648
15.5251
16.8774
-33.6174
-29.3456
13.7649
-10.5429
7.29968
-27.5008
1.85404
-14.2957
-4.05824
20.0837
35.1026
49.0521
-15.7051
3.37771
-4.91758
-7.79085
11.4137
-2.11643
3.10452
-9.21682
1.25405
13.9319
33.1946
-1.99959
19.2812
-3.08502
-8.68312
11.8888
-12.4225
1.64755
0.0994829
-18.4913
-18.3261
-41.2528
4.86403
0.286831
11.8969
29.208
-13.2395
44.4446
14.8732
1.36486
-2.1294
1.11044
-2.08479
4.4795
0.517441
-2.94041
-21.2107
28.2092
62.1468
-5.91211
1.01873
3.77614
-5.87466
4.90836
-3.82526
1.24161
-4.60145
1.29192
0.93566
0.844877
1.88139
1.31348
1.63681
5.68888
-4.53573
-4.07676
2.69045
0.950191
0.923465
0.923465
3.34789
3.98751
12.7389
-7.03561
149.148
5.78677
7.01089
1.12779
2.05187
0.910308
0.477744
4.00789
21.7886
-0.285569
-28.7872
-14.7993
4.12618
2.487
21.1341
-12.0422
3.99751
4.13748
18.1964
1.82544
-4.34225
6.50284
-0.206554
0.596526
11.55
-16.6763
1.15094
2.82478
-0.712565
24.5535
2.23145
18.3306
-1.00848
-0.839955
0.338815
-4.50291
-7.69862
-9.02637
2.52317
2.88429
-1.65788
-6.2295
1.17196
-0.103988
-1.76938
-15.3893
2.35649
0.140107
1.49194
0.434493
-0.690124
23.8279
29.588
0.860006
0.512057
-14.8409
-42.8371
-8.26186
9.80588
14.4842
1.49104
-0.990296
32.7782
7.17933
-5.29409
-2.27913
-2.72914
0.471031
-8.66919
25.5149
11.5427
0.923465
3.07984
4.18191
-1.32872
1.45216
1.38704
-1.26303
-0.456604
-7.62072
0.347051
0.264772
0.930597
0.604433
-3.66733
-0.180263
0.367045
-1.8382
1.01659
0.652046
0.271033
0.271033
1.65523
1.92706
12.5269
0.302346
-1.12888
-3.84405
-12.5145
-2.33906
-0.37696
0.304856
0.391927
1.1657
32.6052
1.92819
81.6433
5.03294
0.0698155
-0.763279
-3.37781
-11.6755
0.577364
-1.53434
5.12077
0.698363
-4.74587
-0.735875
1.44661
0.429873
7.24191
-24.7917
1.444
0.249671
-1.3155
4.13714
-3.57912
-1.46935
0.522616
0.248473
0.0675514
17.5859
1.08112
-5.72291
0.0236951
-0.896811
6.17897
102.246
0.33944
0.175958
0.157845
1.1808
-0.358265
-3.13554
2.51275
0.987361
0.104351
-0.782531
-16.5041
1.53378
2.15326
-2.03793
-6.75334
12.3464
-7.95216
3.26661
1.68834
2.60253
1.60352
2.44604
-0.921515
0.461185
0.101405
-1.05874
3.89854
-6.67071
4.54445
0.271033
0.421712
-2.56714
2.20213
4.22407
-0.588839
-0.46831
-0.0940032
-5.4313
-1.038
0.369728
0.309536
0.297719
0.574468
3.72828
0.512575
2.45818
0.51935
1.17005
0.678915
0.28117
0.28117
0.321173
0.210665
-6.93948
-1.05779
-5.95962
-0.880145
-1.8372
-0.392933
0.243119
0.315101
0.341966
0.725735
11.7115
-0.645788
8.95104
-3.31987
0.693496
-0.776244
4.35235
1.12145
0.731474
0.775691
0.675075
11.9512
2.39915
-0.0591241
0.0333984
-0.0113187
-0.270127
-2.02055
0.310508
0.393384
0.155025
-0.852633
1.12913
-0.768293
0.63458
0.320687
0.379421
-2.24858
-2.16701
-0.346406
0.458601
0.0494928
-4.35301
-22.5835
0.74872
0.21518
0.213056
3.1911
0.325898
-0.39083
-0.507989
0.572033
2.10611
-3.33318
-3.58803
0.278394
0.0529032
2.56887
7.31964
-0.517748
1.12037
-0.325467
0.311517
2.8241
24.5666
-0.0888374
-0.338439
0.0749165
-0.171619
0.0605108
0.208824
-0.67506
0.935173
0.28117
0.481746
0.56456
-1.40514
-1.87916
-0.72092
-0.298742
-0.250713
1.01873
0.923465
0.271033
0.422365
0.36964
0.346168
0.43735
-4.62859
0.0179881
0.994432
2.37472
5.04695
-0.707035
0.340452
0.340452
0.206843
2.8652
-8.38563
-4.62028
-2.99058
-0.834887
4.36661
-5.62462
-12.4247
0.182822
0.199424
1.15811
7.51526
2.25826
-86.8508
-13.0329
1.87112
0.585624
-0.777914
5.22941
-1.00252
1.67148
-0.380034
11.5409
6.19165
-0.0213434
-0.315215
-0.0424801
37.9364
-18.8803
3.97599
-0.0631365
0.193073
10.0703
16.4593
-1.27493
-1.77555
-0.364995
0.056338
-9.24124
-1.00488
3.06898
0.850586
-2.62376
-16.2541
13.9421
2.13163
-0.169315
-0.0264037
4.66221
3.25037
-0.410602
-3.70768
0.510286
-2.41019
-18.631
-47.0954
-0.274788
0.5754
4.74524
-198.894
-23.9475
-6.08168
-0.422171
0.320018
9.1989
-151.58
-0.48514
0.473698
0.0679258
-0.507742
0.226435
-2.78543
-1.1279
0.0663553
0.340452
6.03139
-0.598355
8.49454
0.0665318
-0.771077
0.628609
-0.584853
-0.63591
3.35568
0.288512
0.340452
0.814356
0.812295
0.389639
-1.73848
-18.4518
-4.73493
9.93705
2.81514
5.88807
-9.09685
0.923001
0.923001
-0.280316
6.7507
24.3244
-0.387714
33.2278
4.02008
-1.57247
-3.738
3.06646
7.06191
0.373141
3.24294
-7.21787
1.08045
1.4047
-10.9749
0.961
10.5553
-2.82434
36.3238
-3.93072
-2.80462
3.29503
-29.9591
9.70367
-9.17085
-6.39883
11.632
-70.4255
-12.1155
-17.9487
1.27117
-3.30424
1.8665
-15.2859
12.4017
-5.82541
1.88876
5.83374
12.9798
6.9906
19.4579
-1.05808
-2.51913
44.8918
87.9268
-4.8091
1.47206
7.28757
-17.0403
2.14646
-3.01665
5.81335
-0.945662
3.1506
10.1794
-2.33312
8.2297
-6.11163
12.2843
33.8383
12.9095
5.83786
0.222813
0.835773
-3.9625
18.0685
-2.88847
-9.67009
-1.38409
2.59407
1.06778
5.08007
-7.38743
-1.59474
0.923001
25.2918
12.2175
-13.7542
0.21305
-7.88968
-6.62684
-5.25632
-15.6653
-6.26357
0.67128
0.923001
10.543
-0.903026
-3.28718
2.08603
-1.51277
-11.6445
0.308582
0.0388903
0.0186592
6.4859
4.85572
-0.441301
-0.441301
1.79719
2.73359
13.7434
6.40962
37.8655
-1.18088
-2.11219
-5.38745
3.46513
1.16635
-4.48568
-7.30995
11.1317
-1.4581
5.86971
8.83229
-0.0803336
-2.0577
20.1534
-1.83451
1.75523
1.44867
-3.95261
-1.61523
-7.16559
-0.171844
1.11149
-1.4519
9.71799
-5.05291
-3.65307
0.21731
-5.93239
-22.185
10.1327
-7.36548
-1.41091
3.62611
0.736964
4.18992
6.90924
0.825302
1.95837
-3.8126
-39.6221
-4.72034
-0.237731
-0.342536
0.481153
28.1418
-8.9796
1.68
3.68335
-2.40779
9.42925
4.37734
3.93145
-0.789133
-4.85093
-2.87277
-23.8185
7.24022
8.79695
3.09198
-0.425605
0.308038
-12.5928
-1.72142
-0.854274
-0.466816
0.0761235
-0.300923
0.75352
4.11853
0.310907
-0.441301
0.995348
1.65986
4.07834
0.0428962
-0.47165
0.819658
-0.00319501
3.30689
1.44141
-2.63544
-0.441301
1.36063
14.9257
-9.03866
103.475
37.391
10.6335
25.9968
20.8971
16.2756
32.8803
74.7421
160.53
-10.1936
-10.1936
82.1653
-6.69241
41.2828
49.1277
12.4631
46.8378
27.9333
-5.20497
-20.3561
340.671
-11.3085
7.94241
-44.7039
-21.6248
56.1928
25.9851
24.3355
21.1054
30.0791
28.0489
112.549
-17.6479
31.5491
24.6097
-86.5999
18.0314
27.5004
37.6821
42.3539
84.6237
-20.0598
-129.169
10.4752
-17.1415
35.6603
-28.5182
-1.12884
26.6761
-32.4603
25.9663
-19.3018
13.77
117.157
-25.3614
32.7711
-7.07147
67.8838
-69.3654
-14.8405
-53.6569
-47.7123
-49.5142
17.6847
-139.4
-13.0419
-77.5142
-27.1061
24.7962
-34.8883
10.6831
-3.6197
-12.7269
-9.82948
-56.7344
-17.1511
40.301
92.8764
41.36
-55.7613
-12.2528
6.45678
-3.68296
17.8038
-3.61524
-15.6214
-10.1936
-163.439
-44.3121
39.4185
-35.6612
-40.5914
8.408
-18.2277
6.59599
1.85251
-73.9294
-10.1936
75.4083
204.881
85.443
16.4683
16.9119
-63.6391
27.1122
-0.676362
12.2945
39.6974
17.2275
4.34638
-75.7482
14.8058
14.8058
27.0528
40.9335
-26.0373
26.3022
-37.7879
36.5681
-12.7685
10.6202
79.6967
-9.5646
30.4683
-22.7375
55.4666
26.6235
-17.8531
-31.2362
-13.1417
32.6413
25.5434
47.8769
-28.1586
-8.55356
12.9241
-32.5231
32.3708
36.1615
11.0069
12.836
57.5619
0.994494
43.8861
-47.4105
-6.05007
43.9362
13.1982
-62.1876
-4.96897
10.0015
25.9977
-15.9243
-9.1861
-25.9542
28.2508
37.4536
-66.2941
-51.0957
38.329
98.1136
0.37869
-22.5689
64.2982
11.1228
43.205
4.5163
8.94832
-8.84829
73.4221
-47.3175
19.7034
-19.3197
3.18358
-38.7442
22.7137
-35.654
7.53882
18.297
-71.3568
-30.4389
-6.89727
-49.2243
4.84748
-13.2523
14.1415
-15.4534
18.113
14.8058
-84.6494
-15.0551
-44.14
39.1001
-24.1941
7.59067
-11.0302
-33.5881
26.9218
-29.2048
14.8058
-51.3479
-0.678637
-21.9681
187.87
1.08708
-0.0609559
2.67438
0.663
-0.487864
0.265059
0.185662
-0.0139201
-8.86388
0.26798
-0.230109
-0.230109
-0.00252798
-0.560074
-9.78714
-2.74568
23.3807
1.26836
-2.84784
5.58285
-6.41899
-1.17978
-0.518166
6.47778
3.64788
0.304516
22.6939
-2.84657
0.0854401
1.13123
-15.071
-8.53398
-0.709998
0.206786
-1.00352
-9.12617
4.41108
6.08959
-1.27527
-0.210809
-6.13373
3.74707
1.97139
0.0428566
-1.11411
9.74603
37.1991
-1.62324
-0.190797
-0.929996
4.57972
0.235717
-9.82588
4.6204
-0.800397
0.0547741
17.6989
-13.3184
1.17303
0.572161
-1.36067
-6.09689
17.0655
0.697567
-3.50113
-1.51753
-15.4752
5.53382
10.4776
1.43773
-1.57776
3.79834
16.7569
-1.36715
4.81194
-2.94359
0.804464
-4.36502
-37.7854
-0.748161
-0.188314
0.0932965
-1.3511
0.0171741
-0.0778174
-3.72792
-1.78498
-0.230109
-2.14213
-0.426812
-1.46132
-0.507963
-9.82786e-05
1.08519
0.595762
0.805354
-0.198296
1.99826
-0.230109
-1.36623
-1.01293
-0.506411
12.5496
69.6579
34.3819
0.337089
-7.17982
-14.7845
11.6631
-0.948724
16.8061
0.161746
21.7248
-2.6591
2.45668
2.45668
49.7564
23.8679
30.3763
23.6259
13.6311
7.10903
18.3263
-8.3726
-64.3321
2.08251
55.8774
4.89863
21.5288
14.191
21.1259
30.6098
-1.3418
0.650309
-3.43533
36.7305
7.77297
-6.20449
19.0645
41.2225
28.8272
-5.1463
96.3484
12.2902
35.8949
1.25464
30.7226
-4.02437
39.5268
-43.4078
-23.2192
-13.6017
21.9701
7.1773
-54.4763
26.1448
22.3375
-25.0988
-8.80429
-38.1417
-3.5341
49.1473
35.2066
-34.9899
-30.437
30.5765
-57.7816
-12.288
-11.2622
1.14538
-13.9948
-11.4719
-69.6264
-2.82032
-61.2927
-8.15888
-42.0862
-8.12957
-6.59659
-13.8195
6.86575
-2.95353
46.7702
29.4719
25.4303
-18.1297
-21.0064
5.24828
14.2723
-24.5274
-3.17041
2.45668
-8.4847
3.61417
2.82484
3.00379
-8.03787
-52.37
54.4301
82.407
50.0954
23.4755
2.45668
-2.90811
52.8583
-35.5553
-56.9299
-31.4454
90.1904
-2.72219
-2.81929
22.6151
10.4549
9.97482
-2.28525
4.73705
-6.83194
-6.79354
-3.74335
-2.61769
-2.61769
5.88197
6.70054
2.76399
12.855
39.4388
-22.1959
-5.82835
21.4073
10.8506
-2.79702
8.11048
-2.45745
8.72022
-2.78235
5.90473
16.8693
7.19814
2.26402
-1.43402
-12.7306
6.63347
3.13581
15.3861
9.25153
-24.3188
11.3093
-11.6102
-8.46802
13.8542
26.7082
-19.5737
5.48284
9.55641
0.72237
36.0381
9.26925
-5.65055
-3.28708
-11.3737
14.4502
5.76577
-2.66469
3.49488
5.81029
-7.29225
-10.404
1.07046
7.97165
10.092
-20.1863
-7.69222
-0.35989
-10.544
-17.894
0.165695
-0.32955
-13.1102
4.16638
-13.7662
7.60941
-26.4582
-19.441
-5.28369
4.33025
3.31287
12.6574
-24.077
-3.33285
4.92603
-9.69185
7.86421
2.29045
10.4511
5.5026
8.2145
-2.61769
-0.627448
-8.6373
9.51226
7.16349
-4.21974
-3.42364
-18.4821
36.4863
14.5008
11.7441
-2.61769
-0.724764
-3.58107
11.8984
-34.5026
8.47509
-1.67121
6.04238
0.453098
0.389294
-1.43018
-2.50542
13.9955
1.83044
-0.535365
0.787962
0.474181
0.690324
0.404879
0.404879
2.40299
5.66654
-23.2268
5.66097
-79.1638
-0.777074
-8.59687
-7.37464
-1.93802
0.421858
0.473511
-1.21968
37.2436
2.60918
49.9341
-0.145699
-1.84136
-0.543579
15.1795
23.2477
0.625177
2.09774
1.03243
-5.83996
18.1051
6.51643
1.72894
-0.389322
1.65862
-24.2435
-0.354423
0.294411
-0.888071
39.2866
-10.3135
0.588917
2.94175
1.7547
1.12272
9.37279
3.2286
-11.4171
0.17403
2.16105
-39.1021
30.9659
1.57307
-0.0716797
1.57777
-0.425617
-3.96719
0.892933
-3.96929
-0.144494
2.29824
0.62738
-39.5942
-2.51284
0.860736
5.08758
112.878
21.7188
10.4834
0.655058
-0.101269
-5.6315
50.8149
-1.74121
0.835714
-1.28176
1.34453
-2.47822
-2.65772
7.54044
-0.119304
0.404879
0.0647072
1.5281
-1.50943
-0.509249
0.211402
-0.254781
1.50061
-8.78193
12.311
0.209261
0.404879
0.215473
-0.565328
-1.377
-20.4262
-70.6433
1.09812
-7.03135
18.3137
0.404795
0.353112
0.314826
0.594867
3.70494
-0.44684
-0.822462
-0.57263
1.04628
0.710873
0.32601
0.32601
0.337333
0.183206
-7.42275
5.26672
-5.51587
-0.732293
-1.56368
1.69087
-0.1512
0.360302
0.36811
0.684158
1.91759
-0.503979
9.33197
-0.791606
-1.26192
2.4729
4.84985
-0.0573199
0.752095
0.775723
0.0242167
12.2744
2.79051
-0.363886
-0.00771845
-0.0408822
-2.44923
-1.52903
-2.71023
0.403529
-0.0712209
2.57705
3.429
-0.948945
0.606404
0.297784
0.390664
-5.46561
-2.01188
-0.76788
0.469813
1.41476
1.27735
-24.1935
0.766564
0.210254
0.179655
2.85463
0.856807
-0.179287
-0.627406
0.612676
4.61545
-2.89625
-4.03436
0.223143
-0.0437264
2.34875
40.0499
-0.452971
-1.17793
-0.361868
0.356286
-1.97069
25.1024
-0.874649
-0.445877
-0.943442
-0.660805
0.212399
0.447846
-0.835946
0.95503
0.32601
0.266722
1.48966
1.20268
-2.27042
-1.20468
0.764607
0.610227
0.53721
0.918897
0.317558
0.32601
0.369665
0.534566
2.19678
-49.9037
-14.1042
1.20416
1.31069
-2.76425
0.434107
0.404795
0.353112
0.314826
0.594867
3.70494
-0.44684
-0.822462
-0.57263
1.04628
0.710873
0.32601
0.32601
0.337333
0.183206
-7.42275
5.26672
-5.51587
-0.732293
-1.56368
1.69087
-0.1512
0.360302
0.36811
0.684158
1.91759
-0.503979
9.33197
-0.791606
-1.26192
2.4729
4.84985
-0.0573199
0.752095
0.775723
0.0242167
12.2744
2.79051
-0.363886
-0.00771845
-0.0408822
-2.44923
-1.52903
-2.71023
0.403529
-0.0712209
2.57705
3.429
-0.948945
0.606404
0.297784
0.390664
-5.46561
-2.01188
-0.76788
0.469813
1.41476
1.27735
-24.1935
0.766564
0.210254
0.179655
2.85463
0.856807
-0.179287
-0.627406
0.612676
4.61545
-2.89625
-4.03436
0.223143
-0.0437264
2.34875
40.0499
-0.452971
-1.17793
-0.361868
0.356286
-1.97069
25.1024
-0.874649
-0.445877
-0.943442
-0.660805
0.212399
0.447846
-0.835946
0.95503
0.32601
0.266722
1.48966
1.20268
-2.27042
-1.20468
0.764607
0.610227
0.53721
0.918897
0.317558
0.32601
0.369665
0.534566
2.19678
-49.9037
-14.1042
1.20416
1.31069
-2.76425
0.434107
1.52421
0.419971
0.358671
0.34105
0.593301
3.72864
0.55056
-1.02262
-1.49713
-0.266407
0.42659
0.330243
0.330243
0.339254
0.157686
-7.06134
-1.31762
4.86295
-0.618895
-1.15595
0.615033
1.44372
0.291126
0.356827
0.666428
11.5699
-0.71418
15.505
-0.945603
-2.79057
-0.881891
1.79926
1.40669
0.499761
0.746438
0.603474
8.30719
4.2352
-0.585207
-0.0558178
-0.0636582
-0.508312
-3.12424
0.714659
0.316017
0.105096
-3.36498
6.47598
-1.84889
0.584091
0.319219
0.237354
-3.9874
0.1036
-0.972063
0.462681
-0.0941873
36.6092
-46.5841
0.697532
0.235213
0.102208
-10.3717
3.14453
-1.87497
-0.617207
0.61542
1.39022
4.63353
-4.01504
0.213192
-0.375045
7.52995
283.689
-3.68104
1.04559
-0.39968
0.3536
1.78384
-9.88079
-1.39253
-1.94989
2.6671
-0.146627
-0.88283
0.259084
-0.712262
0.925212
0.330243
1.38207
-1.44635
1.56885
2.18695
1.851
-2.33653
-0.194607
0.896661
0.896972
0.305866
0.330243
2.33372
2.45033
2.60388
-11.8277
13.6855
-0.280847
2.28164
-2.76237
0.428575
0.372358
0.372358
0.350578
0.294383
0.287544
0.476543
2.05764
4.65475
-2.01993
-1.99949
7.86945
-0.0329733
0.265669
0.265669
0.289177
2.1065
6.21124
-0.40484
-15.0714
2.53227
1.17926
3.89718
-1.10807
1.00378
0.338581
4.00133
12.6305
1.8876
32.7574
-0.926603
1.31225
2.86978
13.5958
16.9005
0.607587
0.554592
2.95165
-7.61226
-4.46025
0.00338333
0.750515
0.366457
33.1212
14.6577
2.20988
1.18951
-0.800643
-1.88973
6.607
-0.4003
-0.651078
0.151184
0.78371
-4.34475
-5.8254
0.884584
0.449574
-0.858245
-9.55571
11.6891
1.14113
0.0930146
0.852686
-0.169804
4.01426
-0.0253915
-1.69641
0.362199
-3.23297
4.03826
21.6339
-1.46282
0.152574
-1.50244
33.831
-23.8568
-4.43943
-1.24236
0.275615
7.47091
77.6883
-0.381758
-0.416673
0.777375
-1.69771
-2.68393
0.152738
3.83333
0.704239
0.265669
0.870716
0.180253
-3.08145
0.253151
-0.759666
-2.02137
1.3977
-17.3994
0.556848
0.24095
0.265669
1.73658
5.91277
1.71229
-525.391
-85.9852
-4.03494
-3.83962
-3.75941
0.344979
0.307205
0.307205
0.182071
4.25272
4.11465
3.42466
0.784304
-6.20569
3.82629
-6.05432
0.211569
2.21394
5.0444
4.31682
4.31682
2.52434
1.80875
-7.26333
11.3114
-6.15748
-6.06172
24.9613
35.0526
12.7209
-0.663969
3.59062
3.00266
2.04694
5.77533
3.69718
3.09975
-1.28618
0.725409
2.92469
5.13671
-1.03384
1.18163
10.0673
-16.9427
4.83348
12.7207
-2.11843
1.70067
3.0759
31.6638
-1.72064
3.13571
5.03424
-24.7739
21.4085
-1.25822
11.3681
3.3009
-4.58225
5.19148
12.4183
2.81291
1.88327
-0.773888
-38.3253
-49.8425
-4.13504
0.330728
-2.37809
-10.0248
16.492
13.8326
7.64518
3.65526
-2.67163
-2.35662
16.6215
-12.4037
1.13477
-17.023
-43.8742
-25.5232
8.19982
-7.34106
4.23149
-1.42349
-84.6541
5.48389
9.02388
-10.1543
-9.01187
-1.3567
-10.5847
-2.76638
2.59579
4.31682
2.04486
2.52216
-25.0844
-4.62499
2.39298
-9.52004
-7.1901
-22.6862
-1.18367
3.98268
4.31682
-6.30816
19.7282
23.8427
206.819
16.673
-1.88847
-14.1218
-17.2222
3.17955
4.19823
4.19823
3.84592
13.0353
-0.270278
1.53397
1.1695
0.850398
-0.799192
0.304641
0.245149
0.28663
-2.92365
-2.2457
1.55176
1.55176
-1.41507
-7.89713
15.5086
-1.90631
19.5138
9.4821
-1.5228
12.5743
2.25059
-0.639591
-1.36799
2.25809
-17.5478
0.695753
-19.4699
4.5561
0.201313
1.11754
7.08526
-7.0922
-0.0607012
0.682389
-7.2357
21.563
9.08909
4.23746
1.14577
-0.103099
-15.2088
7.63339
3.52463
2.35215
-5.02249
-9.23119
11.9825
-5.26284
-0.00154281
0.878982
0.453741
-7.70198
10.7912
7.36925
0.469964
-1.48697
21.2747
18.1434
1.05337
0.428042
1.28264
5.52282
11.2879
-3.35713
0.140177
0.872186
-6.87032
-37.7432
7.54376
-3.95251
2.01361
-5.77635
-30.5238
21.3234
-9.91819
-0.606074
0.0498844
-6.53484
27.6146
0.378508
0.424085
-0.0533005
0.106648
-0.336516
-0.973978
4.23256
2.82738
1.55176
2.12114
0.112873
-1.93976
-0.50402
-0.452115
0.168867
-0.0946846
14.3949
3.4552
-1.01711
1.55176
0.600996
-0.924161
2.87429
1.56525
20.4087
0.0812623
2.24638
-6.53418
-0.0576209
-0.706611
-0.706611
-0.533415
-0.853767
-1.14344
-1.73893
1.63252
-2.54096
-1.02915
-1.28057
-0.16828
0.257121
0.304069
0.328827
-1.84
2.29287
2.29287
1.09018
2.7578
-0.400192
9.07898
-11.3727
5.78656
3.16553
-4.64395
14.9971
-0.897474
0.0470026
-2.05019
11.9042
-0.433941
19.1707
10.3817
-0.0341295
1.13191
11.4775
4.54246
0.103587
-0.132916
0.842976
5.64036
1.29534
2.72067
0.785224
-0.435038
-1.66354
-4.72304
-3.40954
0.0636523
6.32532
7.71244
-2.50493
1.10739
-0.949828
-3.33763
1.65599
3.43825
3.63686
2.87693
0.296011
-0.306644
-18.4913
23.0092
0.234608
1.39522
-0.150541
0.979714
17.5851
-0.155957
1.95565
-1.46922
-18.1813
-0.562118
-8.96338
-6.57215
4.53209
-7.32932
-38.2307
1.11703
1.77237
-0.768877
0.0984035
7.87067
42.0026
-0.352192
-0.236005
-0.294019
-0.681899
-0.159351
-0.581974
2.69011
-0.242725
2.29287
0.0538661
0.0708472
7.14745e-05
-0.105075
-0.557602
-0.470984
0.185626
-13.3296
1.71156
-2.09692
2.29287
1.00211
-5.32105
0.26489
9.62858
-50.8071
1.17924
3.89125
13.8638
-1.02197
-0.731032
-0.731032
-0.219446
0.235854
-10.1757
0.404063
-12.1315
44.9224
-47.9873
-33.1286
-81.3527
39.241
26.1847
-39.5522
-46.6797
41.617
45.6647
45.6647
63.2068
130.941
45.4599
49.7698
72.7826
-30.9434
35.7903
86.0327
-29.7773
44.6823
104.256
-13.9816
33.5082
19.1169
-10.3768
-37.2012
79.8498
45.6438
-29.0529
-90.8651
22.5124
-105.344
-46.9875
-44.3439
-1.63336
85.7708
-46.2547
20.5158
68.537
72.065
-36.8153
-22.403
-30.183
-23.1733
-34.8244
63.1301
-105.232
22.7703
62.2476
-66.3661
34.6345
33.29
-27.1456
71.11
-22.2014
-37.6808
-129.456
111.107
111.791
-79.839
61.0112
-30.2117
-53.389
-10.154
64.461
3.61037
68.7363
2.63904
72.3216
-142.671
11.2095
-63.2588
-25.7499
38.1204
24.9102
-55.7591
26.9692
-9.92059
43.5351
-145.754
79.6053
46.8137
106.736
-120.029
61.8254
45.6647
1.6692
21.4099
-24.0043
-37.7112
-0.666651
-59.0381
-134.543
26.534
-108.207
-3.39511
45.6647
38.4283
-73.462
-7.90861
-24.3363
-52.4243
14.5944
206.107
-11.1732
-20.8532
-24.9932
-24.9932
45.3554
3.03488
-59.7813
18.0947
20.6926
0.832861
0.790588
2.80162
0.42557
-10.3394
-1.47375
-0.115612
3.9167
-0.776093
0.833831
0.827523
0.827523
0.656026
10.5301
57.1197
-19.0393
28.1905
3.30135
2.70158
-15.2426
-3.9409
0.789417
1.28731
-7.25962
5.93664
0.983129
-59.7576
12.6445
-0.569373
1.10891
3.98268
5.28586
0.743663
-0.188739
7.68138
9.62829
4.12634
-2.40485
0.371057
5.52754
17.3447
18.4727
-2.78672
0.319905
4.3453
37.3385
30.7735
-1.16688
0.174579
0.408953
-0.572295
-2.38967
1.72489
2.21612
0.319732
0.235109
-4.19245
72.5798
1.01911
0.366283
0.28398
-7.55041
-3.41145
-2.6321
-0.443092
0.376269
-6.85323
-32.128
49.8486
-1.37181
0.877916
-13.4998
-27.8314
30.5757
-2.19305
5.37968
0.214709
-15.5485
19.6128
-0.40315
-1.09226
-1.39174
-1.15796
0.811494
-1.50917
6.31554
3.33555
0.827523
-0.405731
1.67954
-0.996297
-0.0316789
-2.40614
-1.96309
-4.80283
-16.737
4.90916
-0.331659
0.827523
0.352497
2.86293
-2.85175
-35.6874
-48.8753
-1.0402
-55.9337
24.9965
1.21001
0.826472
0.826472
0.836121
0.575911
1.47568
0.35637
-2.25472
66.3206
0.409013
0.359361
-0.00633377
1.05221
12.0456
-0.449947
-1.73573
-1.07738
1.11441
0.721609
0.341877
0.341877
0.25094
0.427907
24.252
2.46363
-0.709151
0.0857373
-4.62978
-2.90862
-0.16716
0.374189
0.617858
0.571578
-41.5476
-0.791124
10.9842
-3.52486
-2.93708
3.32009
6.21934
12.7802
0.74125
0.0416315
-6.16284
5.70249
7.81791
1.47704
0.645651
1.93766
-10.9943
2.55965
0.987945
0.358615
0.745269
24.9021
6.52598
-1.82041
0.583241
0.312559
0.372964
-2.8136
-0.624815
0.372879
0.404372
1.72625
1.98965
-49.0994
0.708587
0.245128
0.225002
2.85097
-0.856371
0.36348
-0.514601
0.541737
1.97799
-0.952544
-35.3102
-0.0332978
-0.140095
2.04408
6.85633
-6.2301
2.98237
-0.0332026
0.338527
2.49732
10.0508
1.74707
-0.458203
-0.539774
-3.37221
-1.31554
2.99308
1.56977
-1.19655
0.341877
0.396384
-3.93984
1.66019
1.56982
-0.665979
-0.590921
-0.874981
-12.5687
3.08398
0.108941
0.341877
0.319785
0.758116
-0.763852
-80.4615
72.8249
-0.416448
-23.4301
14.7935
4.1115
0.38235
0.38235
0.38048
0.275084
3.99199
-0.257437
-1.14953
-12.3194
1.4326
0.369728
0.309536
0.297719
0.574468
3.72828
0.512575
2.45818
0.51935
1.17005
0.678915
0.28117
0.28117
0.321173
0.210665
-6.93948
-1.05779
-5.95962
-0.880145
-1.8372
-0.392933
0.243119
0.315101
0.341966
0.725735
11.7115
-0.645788
8.95104
-3.31987
0.693496
-0.776244
4.35235
1.12145
0.731474
0.775691
0.675075
11.9512
2.39915
-0.0591241
0.0333984
-0.0113187
-0.270127
-2.02055
0.310508
0.393384
0.155025
-0.852633
1.12913
-0.768293
0.63458
0.320687
0.379421
-2.24858
-2.16701
-0.346406
0.458601
0.0494928
-4.35301
-22.5835
0.74872
0.21518
0.213056
3.1911
0.325898
-0.39083
-0.507989
0.572033
2.10611
-3.33318
-3.58803
0.278394
0.0529032
2.56887
7.31964
-0.517748
1.12037
-0.325467
0.311517
2.8241
24.5666
-0.0888374
-0.338439
0.0749165
-0.171619
0.0605108
0.208824
-0.67506
0.935173
0.28117
0.481746
0.56456
-1.40514
-1.87916
-0.72092
-0.298742
-0.250713
1.01873
0.923465
0.271033
0.28117
0.340452
0.923001
-0.441301
-10.1936
14.8058
-0.230109
2.45668
-2.61769
0.404879
0.32601
0.32601
0.330243
0.265669
4.31682
1.55176
2.29287
45.6647
0.827523
0.341877
0.369728
0.309536
0.297719
0.574468
3.72828
0.512575
2.45818
0.51935
1.17005
0.678915
0.28117
0.28117
0.321173
0.210665
-6.93948
-1.05779
-5.95962
-0.880145
-1.8372
-0.392933
0.243119
0.315101
0.341966
0.725735
11.7115
-0.645788
8.95104
-3.31987
0.693496
-0.776244
4.35235
1.12145
0.731474
0.775691
0.675075
11.9512
2.39915
-0.0591241
0.0333984
-0.0113187
-0.270127
-2.02055
0.310508
0.393384
0.155025
-0.852633
1.12913
-0.768293
0.63458
0.320687
0.379421
-2.24858
-2.16701
-0.346406
0.458601
0.0494928
-4.35301
-22.5835
0.74872
0.21518
0.213056
3.1911
0.325898
-0.39083
-0.507989
0.572033
2.10611
-3.33318
-3.58803
0.278394
0.0529032
2.56887
7.31964
-0.517748
1.12037
-0.325467
0.311517
2.8241
24.5666
-0.0888374
-0.338439
0.0749165
-0.171619
0.0605108
0.208824
-0.67506
0.935173
0.28117
0.481746
0.56456
-1.40514
-1.87916
-0.72092
-0.298742
-0.250713
1.01873
0.923465
0.271033
0.28117
0.340452
0.923001
-0.441301
-10.1936
14.8058
-0.230109
2.45668
-2.61769
0.404879
0.32601
0.32601
0.330243
0.265669
4.31682
1.55176
2.29287
45.6647
0.827523
0.341877
0.28117
0.369728
0.309536
0.297719
0.574468
3.72828
0.512575
2.45818
0.51935
1.17005
0.678915
0.28117
0.28117
0.321173
0.210665
-6.93948
-1.05779
-5.95962
-0.880145
-1.8372
-0.392933
0.243119
0.315101
0.341966
0.725735
11.7115
-0.645788
8.95104
-3.31987
0.693496
-0.776244
4.35235
1.12145
0.731474
0.775691
0.675075
11.9512
2.39915
-0.0591241
0.0333984
-0.0113187
-0.270127
-2.02055
0.310508
0.393384
0.155025
-0.852633
1.12913
-0.768293
0.63458
0.320687
0.379421
-2.24858
-2.16701
-0.346406
0.458601
0.0494928
-4.35301
-22.5835
0.74872
0.21518
0.213056
3.1911
0.325898
-0.39083
-0.507989
0.572033
2.10611
-3.33318
-3.58803
0.278394
0.0529032
2.56887
7.31964
-0.517748
1.12037
-0.325467
0.311517
2.8241
24.5666
-0.0888374
-0.338439
0.0749165
-0.171619
0.0605108
0.208824
-0.67506
0.935173
0.28117
0.481746
0.56456
-1.40514
-1.87916
-0.72092
-0.298742
-0.250713
1.01873
0.923465
0.271033
0.28117
0.340452
0.923001
-0.441301
-10.1936
14.8058
-0.230109
2.45668
-2.61769
0.404879
0.32601
0.32601
0.330243
0.265669
4.31682
1.55176
2.29287
45.6647
0.827523
0.341877
0.28117
0.28117
