0
0
0
0
0
0
0
0
0
0
0
0
0
0
0
0
0
0
0
0
0
0
0
0
0
0
0
0
0
0
0
0
0
0
0
0
0
0
0
0
0
0
0
0
0
0
0
0
0
0
0
0
0
0
0
0
0
0
0
0
0
0
0
0
0
0
0
0
0
0
0
0
0
0
0
0
0
0
0
0
0
0
0
0
0
0
0
0
0
0
0
0
0
0
0
0
0
0
0
0
0
0
0
0
0
0
0
0
0
0
0
0
0
0
0
0
0
0
0
0
0
0.148443
0.145512
0.15676
0.140113
0.145541
3.65871
0.113601
0.10132
-8.69009
0.263376
0.096153
0.0569702
-1.25005
-0.518351
0.0517299
0.096782
0.02019
-0.106805
0.422073
-0.205464
-0.0038389
0.0968851
-0.071673
0.208701
-5.51522
-1.4439
-0.439193
-0.0868685
0.11754
-0.0555599
0.186209
-0.311389
-4.0883
-4.86141
-0.580589
-0.101685
0.137272
0.0553033
0.805133
0.696548
-0.0657431
-0.367399
-2.02763
-0.450919
0.0382968
0.148398
0.169144
1.03761
0.79554
2.10853
2.18814
1.92531
-0.133745
-2.51067
3.93044
0.14518
0.168106
0.435689
0.770018
1.66539
0.816529
0.626632
0.758255
1.88178
0.892224
0.474552
0.142885
0.116549
-0.164626
0.604683
0.807622
-1.32921
-1.78254
5.28152
-0.791509
0.864493
0.462061
0.415361
0.135826
0.0819614
1.53099
-0.0638286
-0.430237
-0.378936
-0.332165
-6.27747
-0.72552
0.714686
0.417461
0.124145
4.35751
0.117018
0.0863275
9.4883
0.443269
-0.112061
-0.414291
-0.106759
-2.6806
-4.85441
-2.06802
0.328365
0.748837
1.78707
2.92344
0.0590219
-0.00664835
-5.75075
0.446135
0.595488
-0.29654
-0.527417
-0.726028
-4.93163
-2.61944
0.154293
0.308785
1.0407
-1.64622
0.639249
0.00527198
-0.113621
-9.8462
-0.556986
-0.134134
0.702382
-0.0906498
-0.487147
-0.0486507
-4.0486
0.0633838
0.23913
0.411908
0.175361
-0.378218
0.305775
0.00940336
-0.246831
-4.70762
-0.7213
-0.58441
-0.250953
0.777404
0.291266
-0.518398
-2.71105
-0.0062697
0.174704
2.2024
1.59993
0.117088
-0.211905
0.0249872
0.0364124
-0.454426
-3.74508
-4.11456
-0.41389
-0.378486
-0.300259
0.522073
0.485173
-0.602316
-1.46368
0.301355
3.77383
-0.0843961
0.456211
-0.108077
-0.328486
0.0417606
0.0923986
0.521302
-0.919055
-1.52097
-2.96834
-0.198402
-0.518493
-0.319253
0.238872
6.71169
0.434395
0.138532
1.25947
0.501157
-1.05369
-0.178508
-0.233496
-0.285393
0.400426
0.128424
-0.00879126
0.258796
0.529822
-14.2299
-4.64177
-3.48072
-0.700396
-0.260476
0.23338
1.61805
0.660532
0.477331
-0.646478
4.04734
0.87659
-0.409479
0.0439702
-0.415736
1.69104
0.147054
0.162239
1.00717
0.791535
1.88365
2.05386
1.72358
-0.824149
-2.94338
0.528551
0.00476
0.0743377
0.327006
0.407796
-0.196321
0.0073922
0.656503
-0.0847336
-2.52055
-3.42419
6.6305
0.143546
-0.00187463
0.204994
0.176057
-2.85087
-1.46691
-1.21879
-0.915114
-2.20626
0.858372
0.469203
0.266705
1.43463
-0.5675
-1.09033
1.68288
0.101244
-1.09994
-0.596584
0.689971
-0.832888
0.190078
0.140587
0.138449
-0.0892126
0.323095
-1.36788
-1.38532
-6.48001
2.70404
-5.03901
0.596613
0.451029
0.884443
0.236725
-1.6668
-2.54886
-0.721192
-0.293278
0.282254
0.829732
-0.57265
-3.21702
1.26342
4.71262
0.134679
0.0987479
4.30779
-4.31667
-3.02963
-4.03142
0.148412
-7.66011
-1.17838
-0.205473
0.420079
0.502325
1.33615
1.26263
0.430455
-0.452926
0.000138636
-0.0315617
-0.0484601
-0.27313
3.72203
1.10865
1.3522
11.0806
0.11947
0.052835
3.25991
0.0787307
-0.0975275
-0.307765
-0.285155
-4.77426
0.187816
-2.48481
0.340093
0.306364
0.772925
1.10239
0.693308
0.00751969
-0.0635391
-0.163972
-0.182486
0.643127
2.10744
0.813974
-0.13043
6.29207
23.9488
0.0522562
-0.0287561
0.298945
-0.106509
-0.119891
-0.131912
-0.287805
-0.0777173
0.67242
-4.34086
0.106317
0.0792545
-0.693635
-1.48315
0.0268702
0.841746
-0.301466
-0.15355
-0.319372
-0.375566
-3.11404
0.389089
-0.262209
3.59609
1.7871
0.89026
-0.0375153
-0.201754
-8.72587
-0.205087
0.131105
0.108352
0.197932
-0.268936
-0.143834
-2.1089
-0.0989574
0.190516
-4.06998
-1.02582
-0.263016
-0.163858
0.737224
0.298044
-0.148213
-0.161867
-0.408642
0.147708
0.688756
0.482574
11.1765
-0.094942
-0.0423337
-0.0155857
-0.505089
-4.52535
-0.148124
-0.0738837
-0.0480563
0.00478881
0.182531
0.0101896
-0.201511
-0.801725
-0.32098
1.13311
-0.194368
-0.874929
-0.262155
-0.472535
0.940483
0.623492
-0.449402
-0.17649
-0.475616
0.723749
0.0300093
6.61816
0.230987
-0.157125
-0.319586
0.0535313
0.334278
-2.72417
-2.85209
-6.22417
-0.183254
-0.172905
0.0535969
0.456565
-1.92439
0.372873
0.0608501
-0.407727
0.191938
-0.587081
-0.446765
-0.212983
-0.547525
0.845603
1.45838
-6.78401
0.97757
-0.0888671
3.55114
2.27764
0.709452
-0.106857
-0.176728
0.234962
0.11625
-0.286847
-0.114571
-0.448104
5.81566
-1.20692
-0.190792
-0.399567
0.180343
0.747862
0.765928
-0.0769433
0.106309
3.28073
0.415141
0.119093
0.167242
-0.162406
-0.599551
0.843791
16.9568
1.42957
-0.430235
-0.874206
4.23502
-0.467517
0.809167
-0.164526
-0.186787
2.49655
0.141824
0.112772
0.921971
0.470719
-1.75858
-3.75166
-0.913128
-0.740701
0.178353
1.42482
-1.03724
0.104864
0.30613
-1.40217
-0.231288
-2.33126
-2.1367
-0.131499
0.228954
-0.211817
0.456919
3.90094
-0.0800857
1.48389
1.13302
-2.0318
-2.76489
-0.662182
-1.15888
2.44979
14.7523
0.148507
0.170975
1.04146
0.797274
2.13963
2.22511
1.94969
1.18924
2.08978
0.896895
0.48061
0.110923
0.368201
1.06208
0.122604
1.47396
0.509667
0.755681
0.289874
0.0143607
0.329836
0.221075
0.170103
0.340654
1.70723
-2.04084e-05
0.470983
0.238062
0.494873
0.157585
-0.00326907
0.283532
0.146641
0.0177396
0.706855
-0.605429
-0.409048
0.207557
-0.604882
1.10683
-1.36227
0.811327
0.474505
0.0441078
-0.26179
-1.89936
0.18378
-6.83013
-2.64298
1.50866
-0.784246
1.37125
-2.50196
0.200623
3.5617
2.31868
-5.5051
0.666583
2.1749
0.814192
1.57608
3.74763
-1.59831
2.39916
0.146641
0.145405
0.141108
0.53527
-0.526663
0.833909
-0.215115
-0.424599
-4.43672
-2.10647
0.836483
0.470268
0.00819273
0.552307
-6.8387
-1.10503
0.158586
0.62527
0.891875
-0.193964
1.24051
0.238116
0.198471
1.52161
6.50722
13.452
-0.498138
1.33846
-0.985423
-0.00381804
0.916768
-8.3937
2.80398
0.145405
1.05054
0.140223
0.146478
0.323078
-0.801139
-4.36238
-0.627288
-0.323879
-6.80057
-2.0286
0.776346
0.4536
0.436368
-0.40781
-0.403457
-3.56417
-0.27485
-0.479155
-0.244145
0.351158
-0.92542
0.17193
0.154276
0.489125
-5.72911
16.113
0.0757428
-0.111748
1.02304
-0.133083
-0.0157979
9.02235
6.344
0.140223
0.357656
2.75321
0.13155
0.118316
-4.51232
-0.303845
-0.0444793
0.230334
-1.09498
0.35469
-3.91809
0.154136
0.407109
0.231156
2.0593
-0.198024
0.200636
-0.395847
-0.233621
-0.464342
-0.361308
-0.885797
-3.86244
0.0444385
0.00338019
-2.43055
-6.22013
1.15274
0.147081
0.172415
0.634357
0.603749
1.39455
5.76266
0.13155
0.0100701
0.492378
9.30959
0.0491617
-0.0364477
4.22575
0.0172439
0.0590004
0.133741
-0.0602412
-0.129379
-0.0959829
6.47624
0.1046
0.113924
-0.357266
1.52485
0.0189526
-0.0241701
0.0139149
-0.174976
-0.0463861
0.189234
1.18084
0.433999
-2.20335
1.40462
-2.3876
-0.40172
0.845013
-0.213763
-0.199196
-0.514851
-0.937585
4.05186
0.0491617
-0.110295
1.21645
0.024937
1.19533
-0.09081
-0.413919
1.21357
-0.131913
-0.0540886
-0.097377
-0.017669
-0.0833483
-0.134246
-0.0897089
-0.91388
-0.433643
-0.351962
0.288489
-0.117561
0.275675
-0.184661
0.171768
-0.0729679
-0.013883
0.144022
-0.662372
-1.01082
-0.919856
7.5277
-0.422232
-0.0995647
0.763454
0.781363
-0.234064
-0.00963323
3.70662
-0.09081
0.00092918
-1.02364
4.24902
-0.507861
-0.281163
-0.00247175
0.308908
-3.3194
0.227401
-0.137959
-0.0833569
0.019077
-0.0606326
3.41462
-3.32624
0.381194
-0.0925288
2.33095
0.262802
-0.0802558
0.0989864
-0.154694
-0.0862692
0.520212
-1.25789
-1.45788
-2.23743
-0.569187
0.314316
7.27675
-0.0188984
-0.100698
-0.348205
1.24642
0.611979
-4.46598
3.90778
-0.00247175
-1.16915
0.439686
2.04057
-0.70039
-0.0212638
-0.634977
0.100412
0.510629
-0.183727
0.122236
-0.213947
-0.191223
0.00228298
-0.136278
-0.0899022
-0.491585
0.724481
0.0405706
1.66405
0.995044
0.237998
-0.259049
-0.263308
-0.209229
-0.38134
0.431225
-0.10827
0.408839
3.1569
2.79523
11.1309
-0.416746
0.158812
-0.0750775
-0.671217
1.10999
0.976913
3.9467
0.100412
1.26708
1.08342
-1.58045
-0.298102
0.0152986
-0.258797
1.32095
0.138335
-0.062618
0.80181
-0.0834685
-5.62894
0.187553
-3.58912
0.107817
-0.501536
-0.903259
-0.86866
0.0778433
1.40343
-4.47334
-1.26482
-7.02228
-1.51819
0.317653
-0.203868
-0.446748
-0.0706601
-1.36143
1.7639
1.56008
0.815805
0.0369184
-0.521811
0.519718
0.0142605
-2.16434
15.8956
12.5983
0.138335
1.28949
0.116381
0.480076
-7.0072
-0.037315
-0.0606931
-1.46083
7.92803
0.14821
0.170175
1.03427
0.493725
-0.472361
3.6159
1.2103
-1.90925
1.86559
0.890986
0.479354
0.107866
0.354955
0.717613
0.114025
0.833036
7.92299
-5.08003
-3.00151
-3.70115
-1.4987
0.207001
-0.0242324
1.60544
3.19027
0.523967
-0.427152
0.638651
0.779239
0.16694
0.560394
2.63315
0.14821
0.872861
0.212328
0.437747
0.3613
-1.2995
1.85039
1.21068
1.73462
32.0023
0.148507
0.170975
1.04146
0.797274
2.13963
2.22511
1.94969
1.18924
2.08978
0.896895
0.48061
0.110923
0.368201
1.06208
0.122604
1.47396
0.509667
0.755681
0.289874
0.0143607
0.329836
0.221075
0.170103
0.340654
1.70723
-2.04084e-05
0.470983
0.238062
0.494873
0.157585
-0.00326907
0.283532
0.148507
0.0933516
0.237087
0.465745
1.43165
-0.292039
0.975103
0.266721
0.0633267
0.891029
0.138397
0.147529
0.167349
0.830593
-0.0881956
1.9742
1.89903
1.03766
-1.08236
3.38494
0.848115
0.478825
0.0882458
-0.199088
-1.34264
2.2168
0.805717
0.182938
2.53751
1.32298
7.2138
0.315411
0.219235
-0.725045
-0.422464
-7.81189
0.306945
0.540653
2.01543
1.48464
-5.18669
-0.0461029
0.275964
0.147529
0.634128
0.460331
0.917068
1.71105
-0.187556
-4.23534
-0.248678
0.0614758
-2.65891
0.137312
0.147529
0.147234
1.20097
0.765027
-0.815107
-1.47511
-1.88753
-2.18049
-2.64256
-0.710643
0.841494
0.476698
0.0872991
-0.222963
-1.4137
0.214032
-3.37617
-4.02648
1.95292
0.337891
-0.0486087
0.302316
0.217191
-0.752518
-0.790068
-55.2726
1.78079
-0.420134
1.80415
1.41785
-1.74412
4.54617
0.210135
0.147234
0.615836
1.21165
1.2137
1.09665
-1.49958
0.427033
0.829119
0.741288
-2.91096
0.136511
0.147234
0.488925
0.147283
0.164731
0.796098
-0.103522
0.854914
-1.0071
-1.78595
4.33628
-0.17575
0.845131
0.476867
0.0881027
-0.242642
-1.69543
2.15581
-1.55544
-1.84693
0.000178523
1.65088
-0.906611
0.313569
0.217709
-0.73669
-0.465614
-8.00816
-0.311999
-0.95717
-3.25359
1.53668
1.35071
-5.62626
0.261976
0.147283
0.628847
0.412389
3.49192
0.285948
-3.38397
-0.108962
-0.234639
-3.12336
-2.68577
0.136936
0.147283
0.492261
0.998206
0.136893
0.14143
1.96379
0.536071
-0.00382459
0.580779
0.338463
0.10511
-0.518038
-2.16022
0.427559
0.276119
2.50919
-0.506283
-0.419872
-0.329847
0.0577775
-0.284967
-1.11861
0.189348
-11.1491
-0.0145598
0.573021
-1.62836
0.493945
-0.316361
0.903289
0.209139
-0.0113915
-1.24604
2.32675
-0.89968
0.136893
-0.823046
-1.8803
0.400015
1.58426
0.0460746
0.25796
1.83334
-1.21903
-13.9432
0.080642
0.136893
0.0114285
-0.455878
0.55815
0.00829412
-0.124247
2.66007
-0.00888122
0.00283166
0.00934671
0.055526
0.027879
0.0700827
-0.0758642
-0.853509
0.0891596
-3.0276
-1.15363
0.0702348
0.0845146
0.0656047
0.116303
0.031193
0.0259203
-0.43822
-0.632221
0.406037
-1.64445
4.41711
0.22984
0.236706
0.310806
-0.0304305
0.0269097
0.314758
2.88762
0.00829412
1.23529
-0.218735
-2.53708
-0.591526
1.01906
0.378476
-0.107068
-0.0166245
4.03858
0.495984
0.00829412
0.0953922
-0.140942
-0.563241
-2.22441
-0.128856
-0.871478
3.54124
-0.0475175
0.258697
-0.190399
-0.336887
-0.404317
-0.511655
1.97989
-0.0972829
-0.385397
-3.85823
-0.783089
-0.135145
-0.368967
0.23278
-0.372211
-0.046882
-0.123582
2.96316
-0.650645
-0.321187
-2.53913
-6.5135
-0.136684
-0.0394975
0.136466
0.179197
-0.216494
-1.61669
2.2546
-0.128856
-0.131353
0.0663755
-2.0176
0.230838
-0.0765079
1.53443
0.623411
0.0773919
-1.35531
0.0936339
-0.128856
-0.280725
-2.00843
-0.621017
7.99902
-0.546703
0.041014
0.235965
8.19026
0.12277
0.188836
0.124256
0.0553367
-0.0507695
-0.0166333
-0.74168
0.395781
-0.0339837
-2.10793
0.106438
0.109674
0.0170326
0.0727199
0.0546315
0.179028
0.375796
-1.4568
0.0970506
0.921078
2.32259
4.25603
-0.12213
-0.150038
-0.11109
-0.103002
0.508388
0.0547409
1.66626
0.041014
0.0744038
0.727108
0.202403
-0.568196
-0.215219
-0.277544
1.00842
5.48472
-5.42034
-0.623523
0.041014
-0.0111803
-0.903879
0.525057
-0.188136
-0.138217
-1.10754
0.134566
-0.105338
0.81529
-0.283238
0.603461
-0.407829
0.139131
0.0760862
-0.0388441
-0.457729
-0.971719
0.0849221
0.156874
-4.00175
-0.0871036
0.424897
-0.0921728
-0.291834
-0.234034
0.154337
0.128006
-0.897471
0.937657
-0.702501
11.4608
-0.351615
-0.336294
0.0351397
-0.285141
-0.410101
0.374359
3.5359
0.134566
0.741613
-0.22653
-0.560214
0.456722
-0.0052296
-0.191855
-1.5104
1.87348
21.8186
0.799133
0.134566
0.106785
0.118096
0.0256212
11.7399
0.0789055
-0.458788
0.769865
0.145829
0.00685982
2.26342
2.2025
2.5376
0.157496
0.619972
0.331242
0.744085
0.800734
0.440381
0.10731
0.329013
1.92766
-2.31519
-0.684711
2.06326
-0.194213
-0.794707
-0.0665909
-0.606258
0.129201
1.61567
-0.202154
17.4779
-0.918039
1.17544
-0.598108
-4.35128
-0.367771
0.173849
1.40094
0.145829
1.24974
-0.094415
0.100575
-0.302501
0.0343517
0.199454
-3.08677
-7.01325
23.0414
1.00894
0.145829
0.120558
0.310059
0.141471
-3.31214
-0.0677672
-0.77619
0.274177
0.158954
0.148437
0.170799
1.0377
0.79538
0.848289
3.28212
-2.45442
-2.05631
2.058
0.194209
0.480042
0.110811
0.367635
1.06132
0.0902613
-1.14033
0.925334
-1.49706
0.212514
-1.97345
0.323137
0.216969
0.16957
0.339338
1.70355
-0.0010807
-3.94559
2.00144
0.486488
0.0739353
-0.0311658
0.278048
0.148437
0.093065
0.236804
0.465095
-1.64253
2.20957
-2.95823
0.230471
0.00910279
-2.53794
0.113242
0.148437
0.123122
0.347757
0.157553
-0.0441841
0.3776
-2.24708
-3.36941
9.81097
2.42565
0.148507
0.170975
1.04146
0.797274
2.13963
2.22511
1.94969
1.18924
2.08978
0.896895
0.48061
0.110923
0.368201
1.06208
0.122604
1.47396
0.509667
0.755681
0.289874
0.0143607
0.329836
0.221075
0.170103
0.340654
1.70723
-2.04084e-05
0.470983
0.238062
0.494873
0.157585
-0.00326907
0.283532
0.148507
0.0933516
0.237087
0.465745
1.43165
-0.292039
0.975103
0.266721
0.0633267
0.891029
0.138397
0.148507
0.123198
0.348255
0.157539
0.0052729
-0.27425
0.200859
0.343009
-0.165989
0.205314
0.178307
0.148507
0.170975
1.04146
0.797274
2.13963
2.22511
1.94969
1.18924
2.08978
0.896895
0.48061
0.110923
0.368201
1.06208
0.122604
1.47396
0.509667
0.755681
0.289874
0.0143607
0.329836
0.221075
0.170103
0.340654
1.70723
-2.04084e-05
0.470983
0.238062
0.494873
0.157585
-0.00326907
0.283532
0.148507
0.0933516
0.237087
0.465745
1.43165
-0.292039
0.975103
0.266721
0.0633267
0.891029
0.138397
0.148507
0.123198
0.348255
0.157539
0.0052729
-0.27425
0.200859
0.343009
-0.165989
0.205314
0.178307
0.148507
0.148379
0.169865
1.03402
0.783531
1.63946
-1.43295
2.0411
6.51394
-1.22338
0.895921
0.480144
0.110833
0.35394
-0.518729
0.0622263
1.29385
-0.920955
3.31806
2.44834
0.00183999
0.329206
0.220697
0.159793
0.231257
1.64902
-0.00678557
-1.2909
-1.59465
0.872105
-0.101308
-0.00951249
0.27758
0.148379
0.0907789
0.20985
0.39888
1.01602
-2.28944
-0.439292
0.296399
-2.29268
0.887059
0.138332
0.148379
0.122926
0.271352
-0.088577
-0.00402254
-0.982389
0.611738
3.88652
-0.179656
0.204722
0.178247
0.148379
0.148379
0.147852
0.165614
0.990273
0.730576
-7.47638
-3.43303
-4.66432
-2.75758
-0.827179
-7.46775
0.47126
0.110475
0.308306
-1.57223
-0.963087
-2.74367
-2.70543
-0.051506
3.34077
-0.249075
2.20716
0.206726
0.148549
0.168144
-10.7665
-0.217421
-3.42251
-2.61108
2.36036
-1.24065
1.83258
-0.0777733
0.147852
0.085433
0.183687
-1.46093
-1.71307
0.969955
-0.269342
1.04343
-1.66166
-17.8478
0.136072
0.147852
0.122094
0.04394
0.697536
16.4982
-1.02502
0.723838
2.40945
-0.387285
0.182558
0.173965
0.147852
0.147852
0.493472
0.124345
0.0938862
0.0302678
-0.33862
4.68769
-0.213765
0.183547
0.202753
0.318474
0.342479
-0.21029
0.267758
0.612852
0.276911
0.625121
0.464736
0.243263
0.324389
0.28528
-0.0113029
1.06923
0.290425
0.225788
4.01791
0.259352
1.34275
0.0157533
0.312494
-0.0579959
0.416881
0.120034
1.88953
0.124345
-1.20015
-0.339652
-0.676357
3.82101
0.568212
0.248829
0.0634894
0.0288585
3.09243
-0.0515499
0.124345
0.0150517
-0.542949
-0.212382
12.9897
0.906255
-0.224035
0.0158129
-0.0987499
0.0127636
-0.0618101
0.124345
0.124345
0.0592769
3.49313
-0.0689094
-0.543535
2.13437
-0.115663
-0.0120165
0.00199371
0.0300045
-0.0264618
0.0951026
2.94074
0.163984
0.0882674
0.772536
-0.0615775
-0.210191
-0.0288122
0.110848
0.0410948
0.0499096
0.181056
0.212391
0.482005
-0.83997
-6.50504
1.11944
-0.113042
0.078796
0.15569
0.168746
0.196222
0.339418
-0.876881
-0.0689094
-0.296405
-1.9369
-0.986089
0.402584
0.13547
0.470907
-0.0165985
0.246271
-7.00995
0.111613
-0.0689094
-0.0081769
-3.11141
0.334503
-2.56676
1.08931
0.353664
-0.0301515
0.0282105
-0.711556
0.132305
-0.0689094
-0.0689094
-0.653558
-1.96928
5.44875
-0.130046
-0.0922136
2.08752
0.0342721
-0.270935
0.000750641
0.0783126
-0.0968759
-0.17322
0.0199276
-0.245949
0.097958
-1.2794
-0.867026
0.191903
0.0668294
-0.172762
-0.0573692
-0.354066
-0.25235
-8.83279
-0.720943
1.08406
-1.25454
6.96599
0.0845726
-0.529306
0.06584
0.203539
0.0541585
5.83648
1.34771
-0.130046
-0.673896
-1.77025
-1.88419
-0.0326816
-0.00169863
0.376963
1.00369
-0.349131
2.30729
-0.422515
-0.130046
-0.305677
0.224973
-0.920007
-12.376
-0.0374986
1.82541
0.917932
-0.593144
1.36336
0.0536053
-0.130046
-0.130046
-0.0302216
-0.304356
-0.436083
-0.183225
0.103905
0.637903
2.11355
-0.0442736
0.0566468
0.0909402
0.12657
0.138929
-0.0532069
0.0713598
-0.584164
-0.0409334
0.620585
0.298803
0.259515
0.386638
0.090008
0.0471128
-0.193175
-0.0948387
0.255103
0.835598
2.12055
0.570314
-10.1563
-0.192468
0.0598588
0.0715636
0.115318
0.292684
0.25307
-1.64646
0.103905
0.898045
0.841348
3.33917
0.332827
0.102971
0.106239
0.447032
0.649798
-6.83585
0.609949
0.103905
0.0488542
0.976141
1.24936
-1.71721
-0.0633285
-0.190184
1.14154
0.975045
3.65944
0.693445
0.103905
0.103905
0.123135
1.07153
-0.013694
-0.138939
-1.0428
0.142619
-0.00457556
1.41308
-1.52013
-0.113747
-0.0608593
-0.22886
0.0283988
2.47022
1.19729
0.426951
0.0226589
-0.615484
1.41629
0.214391
0.33269
-0.0845125
0.483764
0.811205
-1.05793
8.18721
0.107123
0.981419
0.188217
6.42112
-0.150159
-0.0165037
-0.144927
0.0463706
-0.465955
-6.22812
1.1919
0.142619
1.06774
-0.241832
-0.979092
-1.25114
0.397051
-0.544641
-1.14896
-0.990935
14.5971
0.0733271
0.142619
0.102857
0.238425
0.0810147
6.97956
-0.443794
-0.344434
-0.527764
3.22512
5.38471
0.10895
0.142619
0.142619
0.117882
0.214676
-0.0428116
0.87973
-0.652819
0.465755
0.144563
0.165337
2.92401
0.452758
-1.60006
0.150385
4.34699
-2.66074
1.77697
0.891363
0.474479
0.567669
0.711135
0.500663
1.27019
0.102986
3.42257
2.74638
-1.00175
-2.86282
0.0961748
0.205298
0.0658352
3.04567
22.3607
-1.67615
3.01831
-1.68247
-2.20428
1.50093
-6.84214
0.240132
0.144563
-0.162449
-0.403119
0.297792
4.35465
1.85824
1.0181
-1.83531
-2.30746
0.548343
0.128465
0.144563
0.0854464
0.284314
0.066225
-6.04476
3.4053
-0.942671
0.145828
1.16331
1.57288
0.169871
0.144563
0.144563
0.132159
0.427968
-2.1686
-0.201978
3.24376
0.0839351
23.5016
0.148174
0.170524
1.02632
0.791502
2.04842
-4.54153
2.59284
8.86255
1.61535
0.88984
0.478776
0.103705
0.353485
0.897649
5.65003
1.78286
2.69364
2.60705
0.487143
5.37535
0.126546
0.175794
0.165881
0.320751
1.64967
11.784
-2.08216
0.596502
-3.30085
-3.30025
-0.118927
0.278936
0.148174
0.0895217
0.234991
0.461224
1.42042
2.23567
3.1153
0.183766
0.0503332
0.85857
0.136983
0.148174
0.121637
0.346494
0.156749
-0.074185
-0.26944
-4.73675
0.316266
-0.186751
0.195253
0.170712
0.148174
0.148174
0.142006
0.461404
-3.20144
0.202523
-2.38161
-0.384514
1.66084
0.135846
0.148507
0.170975
1.04146
0.797274
2.13963
2.22511
1.94969
1.18924
2.08978
0.896895
0.48061
0.110923
0.368201
1.06208
0.122604
1.47396
0.509667
0.755681
0.289874
0.0143607
0.329836
0.221075
0.170103
0.340654
1.70723
-2.04084e-05
0.470983
0.238062
0.494873
0.157585
-0.00326907
0.283532
0.148507
0.0933516
0.237087
0.465745
1.43165
-0.292039
0.975103
0.266721
0.0633267
0.891029
0.138397
0.148507
0.123198
0.348255
0.157539
0.0052729
-0.27425
0.200859
0.343009
-0.165989
0.205314
0.178307
0.148507
0.148507
0.142408
0.462422
1.03932
0.196471
-0.180522
-0.15814
2.06331
0.164943
0.134315
0.148507
0.170975
1.04146
0.797274
2.13963
2.22511
1.94969
1.18924
2.08978
0.896895
0.48061
0.110923
0.368201
1.06208
0.122604
1.47396
0.509667
0.755681
0.289874
0.0143607
0.329836
0.221075
0.170103
0.340654
1.70723
-2.04084e-05
0.470983
0.238062
0.494873
0.157585
-0.00326907
0.283532
0.148507
0.0933516
0.237087
0.465745
1.43165
-0.292039
0.975103
0.266721
0.0633267
0.891029
0.138397
0.148507
0.123198
0.348255
0.157539
0.0052729
-0.27425
0.200859
0.343009
-0.165989
0.205314
0.178307
0.148507
0.148507
0.142408
0.462422
1.03932
0.196471
-0.180522
-0.15814
2.06331
0.164943
0.134315
0.148507
0.148244
0.160367
0.983451
0.617928
0.551619
-2.18916
0.900116
-0.609098
-1.43075
0.894309
0.479229
0.110709
0.338387
1.43066
-2.25136
-1.89628
-0.145172
-0.382897
1.47103
-3.6701
0.316808
0.219805
0.142123
0.173493
1.50221
-0.222094
1.74121
-0.426818
-0.488429
0.018478
-0.156454
0.265635
0.148244
0.0850576
0.115965
0.340737
-5.23899
0.163459
0.242593
-2.30853
1.33227
0.856156
0.138004
0.148244
0.122645
0.236783
-0.183063
-0.0390237
-0.0858422
-0.45125
-1.84547
-0.317125
0.195136
0.177867
0.148244
0.148244
1.36622
1.10615
-2.27404
-4.66626
-1.18155
-0.162691
-0.0368659
0.161309
0.134037
0.148244
0.148244
0.138216
0.11107
0.76
0.699097
5.03898
2.51431
0.679716
0.419944
0.587016
0.697289
-0.0995406
0.0190064
0.193302
2.4989
-1.78476
0.633914
-0.567013
0.289599
1.2491
0.211296
0.0335405
-0.658301
-0.193784
-0.0610954
-0.981047
-2.02934
-1.45254
0.20237
0.955522
1.13414
-0.471711
-0.0376341
0.138216
-0.0859208
0.0353436
-1.64655
5.9863
-0.0574607
-0.155665
-0.140929
0.992445
6.37083
0.0703935
0.138216
0.107184
0.0374215
0.570012
11.5535
0.141721
0.243629
2.64954
0.218912
0.601061
0.0934712
0.138216
0.138216
0.418058
3.81665
0.714968
-1.20956
-0.712726
-0.105856
-3.74278
0.116254
0.0648541
0.138216
0.138216
1.95476
0.0831658
-0.164854
-0.522595
-3.49778
-4.5726
0.155393
0.0311403
0.159641
0.110521
-0.0493859
0.534101
0.529501
-2.17031
-0.260931
0.562736
-0.597265
0.0272187
0.106049
0.126227
0.0184331
0.447861
1.00516
0.31096
0.34764
1.73647
-1.49123
-0.227999
0.0909609
0.109966
0.222852
0.327941
2.25815
0.0831658
0.311801
-0.603529
-4.03332
-1.77832
0.365429
0.570632
0.145078
0.352466
-6.81622
-0.533021
0.0831658
0.02862
-0.824897
-0.384461
12.2038
0.655045
0.200541
0.174384
0.784568
0.446846
0.511328
0.0831658
0.0831658
-0.0931698
-0.613591
18.0159
1.0666
-0.298203
-0.0767878
26.0493
1.11994
0.22012
0.0831658
0.0831658
-0.518249
4.77186
-0.0912702
0.0419882
-9.6277
-0.129763
0.0640542
0.0697943
-0.00324551
0.830111
-0.152346
0.0955747
-0.066926
0.090888
-1.31798
0.514533
0.198775
-0.0198345
-0.0864739
-0.000803981
0.0903461
1.17226
-4.50432
0.366794
1.55373
5.85765
3.0527
0.2986
-0.000589946
-0.0253937
-0.112842
0.0116287
-0.407986
-0.520693
-0.0912702
0.277911
-0.102447
1.60099
0.597052
-0.152303
0.0381576
0.20224
1.0199
10.8722
0.0486972
-0.0912702
-0.0239173
-1.5613
0.0416705
13.0727
-0.0745333
-0.119565
-0.000396087
2.97939
-0.124942
0.121528
-0.0912702
-0.0912702
-0.130122
-3.00107
-5.31344
1.18358
-0.262034
-0.0689464
-21.4111
-0.951749
0.0285062
-0.0912702
-0.0912702
-0.243967
-1.53479
-0.776666
-0.0736364
0.150803
-0.570137
-0.634166
0.323986
0.171177
0.0360684
0.0212459
0.0470513
-0.234892
-0.966277
0.0316902
-1.66336
-0.803145
0.051497
0.0835416
0.162694
0.120087
-0.0130208
-0.123578
0.00318734
0.559006
0.429636
0.878518
-15.5445
0.302425
0.205487
0.198164
0.0716139
0.0515036
0.271555
-0.774077
-0.0736364
-0.767628
-0.965052
-0.794184
-0.417959
0.226258
0.0734904
0.313012
0.402349
4.22716
-0.106447
-0.0736364
-0.270458
0.819827
-0.07834
-2.2655
0.0103529
0.503569
0.660994
-0.186361
3.30775
0.244339
-0.0736364
-0.0736364
0.0613262
1.90692
0.0493869
-0.170946
1.56711
0.786367
-12.7298
0.983086
-0.231076
-0.0736364
-0.0736364
0.395924
-0.0197211
-0.290051
-0.436467
0.113993
-0.122106
-6.619
0.252653
-0.0229035
0.0479844
0.0157693
0.208789
0.675173
2.51954
0.299585
0.203218
1.34985
0.670192
-0.0714981
-0.202817
0.164863
0.0404035
0.229762
-0.303835
0.30015
-0.139622
-0.862683
0.951439
1.78328
0.34948
0.173722
0.0277826
0.0296783
-0.381235
2.30876
-0.0752014
0.113993
0.0626597
-0.76421
-0.0926864
0.00357069
0.21623
0.342331
0.0253587
0.581234
0.842498
-0.0530865
0.113993
-0.000278454
-1.86846
0.0600417
1.2753
-0.0940428
0.253328
0.0336149
1.46236
3.46986
-0.010863
0.113993
0.113993
-0.100476
-0.485852
-0.213233
0.0372642
0.137989
1.28634
14.2933
1.7255
-0.0367664
0.113993
0.113993
-0.0567905
1.18956
0.040095
0.0550564
0.137954
0.137986
0.149088
2.54062
0.825488
0.767077
0.423167
0.546395
0.336442
-3.15606
-1.92484
0.444689
0.305815
0.751288
-1.79494
0.194865
0.0601782
0.340122
0.388066
0.278434
0.304855
1.41132
0.0711506
-0.0257815
-0.421971
-6.18234
0.115706
-0.109236
-0.255935
0.304556
0.506422
-3.00202
-0.0488952
0.137986
0.0682192
0.0410345
1.28165
-0.230791
0.725555
-0.445154
0.0946858
5.48541
-3.38802
0.0965936
0.137986
0.0368875
1.26466
-0.135357
-2.77256
0.700541
-0.359327
-1.5334
-0.339699
-0.42898
0.113165
0.137986
0.137986
0.113727
0.332848
1.26456
0.264344
-0.473314
-0.664379
28.9171
1.8301
0.479379
0.137986
0.137986
0.0470145
-0.115282
0.55338
0.312078
-0.250333
1.08987
0.144103
0.165932
1.74615
-1.61443
2.93956
1.9271
1.14795
8.00228
1.15905
0.193698
0.471903
0.522089
0.591669
2.91976
1.54443
0.727042
-1.25239
-1.61346
-0.339913
-2.27638
-2.25501
0.156882
0.611945
1.75978
12.4439
-0.305346
-0.985509
1.31793
1.30651
0.818217
2.48263
0.213382
0.144103
0.319673
-0.185514
-0.367991
-2.37713
0.221952
-0.0391848
-2.49765
-5.39546
-0.0260702
0.128465
0.144103
0.0740629
0.178188
0.0367494
-5.87864
-0.623794
1.73939
-2.58993
-2.03958
0.0679616
0.165355
0.144103
0.144103
0.133134
0.436466
-7.10595
-0.0175164
1.53468
0.0972825
4.63707
1.80637
0.56509
0.144103
0.144103
0.180081
0.38008
-0.933146
4.4981
-0.272008
-0.811662
10.8556
0.148377
0.170918
1.03531
0.786891
2.05843
-2.87848
2.6184
2.41337
2.05875
0.892536
0.48015
0.109868
0.363957
1.05394
5.58642
6.87657
3.50775
3.259
1.126
7.33994
-1.94345
0.220224
0.168606
0.337279
1.6987
-0.10705
-0.665062
0.403402
-3.94254
-1.38693
-0.0135086
0.281897
0.148377
0.0925363
0.236661
0.46459
1.43043
-4.19815
1.06551
0.230644
0.0559999
0.884394
0.137539
0.148377
0.123009
0.347647
0.157337
-0.00923204
0.98617
1.42316
0.31853
-0.722039
0.198754
0.177684
0.148377
0.148377
0.142192
0.461697
-6.64597
0.291097
-4.47612
-1.55898
-0.958379
0.120172
0.094163
0.148377
0.148377
0.22425
0.429507
1.40412
-10.9032
-2.1092
3.99799
10.0745
0.978646
0.148383
0.170732
1.03336
0.76402
-0.453008
2.86186
-0.406445
-1.47396
-0.258634
0.884504
0.47723
0.110654
0.366705
1.06053
-0.085893
-0.890168
0.709562
-5.15655
-0.536234
-3.5365
-0.250202
0.208952
0.16952
0.33689
1.69684
-0.0763894
1.20754
1.95874
0.480042
0.00132583
-0.0160838
0.275599
0.148383
0.0931859
0.236278
0.46432
-8.05533
0.473999
0.1368
-0.882363
0.0596116
0.776789
0.136597
0.148383
0.12299
0.346925
0.157495
-4.79949
-0.0955199
-1.19631
0.0749383
-0.173591
0.195231
0.0922014
0.148383
0.148383
0.142331
0.460815
2.53426
-2.73755
-0.422099
-1.52532
1.96873
0.164083
0.133568
0.148383
0.148383
0.224163
0.354391
0.657107
-1.73801
-1.4191
-0.951729
0.79746
0.0634412
0.167911
0.147851
0.168882
1.01348
-1.17785
1.40141
-4.34428
3.51449
-2.54129
-3.68047
2.56746
0.420158
0.110669
0.359958
0.650252
-0.610618
0.294949
-1.65968
1.97136
0.289651
-0.0048848
2.15915
0.103655
0.165961
0.325937
-0.307426
-0.195737
-1.16989
-2.02463
3.82146
-1.02234
0.0226903
0.842945
0.147851
0.0907569
0.230402
-0.0225896
1.41859
-1.68982
0.494483
0.398426
-0.329087
4.76766
0.136138
0.147851
0.122708
0.135643
0.146569
-0.0609756
0.608497
-5.78913
1.55121
3.32819
0.199655
0.176228
0.147851
0.147851
0.116655
0.289895
2.64092
-5.96703
0.536921
-0.360788
1.54566
0.163262
0.133403
0.147851
0.147851
-0.138777
-1.04007
-0.0637042
-1.40766
-0.586359
1.35121
0.786171
0.062888
0.167931
0.14019
0.141824
0.126412
0.918507
-1.35523
-3.46363
3.39122
-0.569525
-0.370981
-0.277614
-0.649762
-0.137378
0.10788
0.296299
-2.71374
-1.25448
-2.57142
-0.0502783
0.0448434
-0.776361
1.488
-0.141071
-0.501781
0.105862
0.119886
-0.569437
-1.15869
-0.437667
0.286443
0.257459
0.412381
4.03252
2.13629
0.141824
0.0472496
0.163691
-0.161737
-7.06308
-0.0807474
-0.105329
4.62513
1.04327
5.9613
0.0913332
0.141824
0.117753
-0.0198282
-0.122262
-3.57273
0.366103
2.60828
0.430436
0.223824
0.785394
0.11484
0.141824
0.141824
1.34773
-0.291526
-0.366746
7.22106
-0.42106
0.0265018
4.06127
0.153573
0.124214
0.141824
0.141824
4.49436
2.16883
0.855037
1.07602
-0.0678951
-1.06122
0.578418
0.051424
0.159059
0.116926
1.44137
0.1144
-0.0817326
0.25323
0.56891
4.07285
-0.027825
0.038141
0.179585
0.0705887
0.307508
0.777679
-0.0542533
-0.334998
-0.80956
-0.147571
1.63401
0.122962
-0.0612528
0.107106
0.134447
-0.0730924
1.55593
-0.768523
1.56226
-6.44859
0.315438
0.210028
0.221162
0.450131
1.32037
0.0531735
4.24198
0.1144
-0.564949
-0.163128
-2.14325
-0.651554
0.171902
0.00881002
2.78784
0.357435
6.60725
-0.106776
0.1144
0.0739795
-0.390379
0.761382
6.19788
0.250057
1.3662
0.231954
0.522896
-0.643956
-0.172337
0.1144
0.1144
0.00370289
1.7483
0.662667
1.27864
-0.334061
0.0107271
-1.56266
-0.0127766
0.403985
0.1144
0.1144
-0.158915
2.66807
1.04465
0.0621604
-0.0387508
-0.328112
-1.41025
0.101401
-0.255678
0.495097
0.0143833
3.92593
0.0365768
-0.461663
-1.55449
-0.278544
0.170513
-0.0465443
0.176557
0.23606
0.875015
3.27348
0.179902
0.385371
-5.24718
-0.404882
-0.244305
0.0783792
-0.0305618
-0.0104794
0.200955
0.832151
2.59982
0.663401
-1.38579
-6.06
-5.29554
-0.523446
0.338783
0.243826
0.250133
0.255429
0.864292
-2.59981
0.0365768
0.164839
-1.78299
-4.70334
-0.67249
0.173506
0.137143
0.348232
0.201569
17.7814
0.615013
0.0365768
-0.0361305
-1.9088
-0.239011
-1.08621
0.325511
0.332595
0.251978
0.0528591
-0.942064
0.372401
0.0365768
0.0365768
-0.365022
-1.3857
-0.196219
0.540856
-0.156568
0.0688184
1.47375
0.815558
0.14241
0.0365768
0.0365768
-1.07133
-6.13641
1.40394
2.01349
-0.24801
-0.0216159
2.0145
-0.456882
0.18973
0.311409
-0.215855
-9.72084
10.648
-0.0692637
0.135299
-6.29702
-0.0504938
-0.046943
0.13435
0.401607
0.264379
0.000310028
0.931422
-0.783413
0.133667
2.31589
-0.135338
-0.283281
-0.0214851
0.1527
0.195724
0.335376
-0.149976
-0.270032
-1.62125
0.855522
-4.46745
-12.2227
0.175775
-0.239265
0.0742764
0.321993
-0.0973904
0.0553542
-2.49208
-0.0692637
0.362448
-0.584687
-2.10612
-0.0325352
-0.0343381
0.104696
0.207623
0.300434
6.55008
0.216926
-0.0692637
0.0164617
-2.01821
-0.239328
-7.01103
0.0183922
-0.00521919
0.221853
1.50814
0.068295
-0.558827
-0.0692637
-0.0692637
0.197581
1.38956
-0.230955
-0.0600049
0.195206
0.275459
38.9305
0.114067
-0.377294
-0.0692637
-0.0692637
-0.00360292
-0.28939
-0.384065
1.24458
0.274622
-0.347845
5.57195
0.749731
0.209232
-0.28147
-0.755391
0.765
-0.440017
-0.646691
-0.00645992
-0.377477
-5.19868
0.875139
0.478003
0.0462415
0.0730902
-0.0178982
-0.133455
3.9038
-0.0289174
-0.142769
-0.526804
1.39544
0.275203
0.0602212
0.135013
0.0413921
0.0117116
-0.0527398
-1.61607
-0.651275
0.870317
-0.844669
11.1738
0.00905297
0.132784
0.188376
0.0632823
0.0356907
-0.234083
-6.53922
-0.00645992
0.483918
-0.53844
-0.197403
0.742597
0.0481832
0.167977
0.233626
-0.0723135
14.169
-0.536606
-0.00645992
0.143753
0.168127
0.930395
3.65211
0.110677
-0.433178
0.340275
0.371304
-1.86608
-0.367139
-0.00645992
-0.00645992
0.440429
1.43883
0.0901743
0.00741599
-0.141997
0.39911
28.2549
0.440777
-0.236077
-0.00645992
-0.00645992
1.10826
-0.273237
-0.0230186
-0.275159
1.10629
0.496811
-2.55013
1.06206
0.430906
-0.289825
0.25233
1.22924
-0.0354977
-0.409538
-0.368001
0.108315
0.0815899
9.22951
0.285339
0.0765062
0.0487463
0.39087
0.521058
-0.221906
-2.30763
0.298165
-0.0343561
-0.742597
0.507258
0.195801
0.169134
0.0366668
0.0655565
0.487634
0.94168
-0.45934
0.88363
0.0418927
-1.53019
-18.1854
0.105054
0.307031
0.166914
0.0324899
-0.203961
0.286132
-1.84319
0.108315
-0.887221
0.878202
7.11948
0.386574
0.0261305
0.047201
-0.125145
-0.882362
-0.0980861
-0.0406298
0.108315
-0.0934779
-0.672472
0.165197
-3.12486
0.0707937
0.259912
-0.15108
-0.771705
-1.22266
-0.0145556
0.108315
0.108315
-0.0321805
0.0736095
0.793472
-0.105612
0.240833
-0.0944275
-7.83862
-0.0573429
0.298956
0.108315
0.108315
-0.925503
1.39248
0.279276
-0.180849
-0.509894
1.20188
2.12527
1.90732
0.442965
-0.0658032
0.745029
3.5334
0.0625458
-0.455364
0.0538871
0.149653
0.133821
0.137363
11.4319
-0.315675
-0.0758431
0.227254
0.290317
-6.93417
8.5054
-1.41124
0.41807
0.0678593
2.13623
1.64514
0.291002
0.825997
0.630045
0.544062
1.03
-1.35891
0.389786
1.04886
1.56532
0.00170138
17.0872
0.104745
-1.19057
-0.120174
-0.804498
0.398191
5.39535
-0.638619
0.133821
1.20021
1.34172
3.54662
0.107678
-0.719949
0.156771
-1.1647
-4.56802
5.87043
0.0861844
0.133821
0.34409
1.64145
0.292301
5.10839
1.1289
-0.0524938
0.605536
0.319749
-0.20337
0.0990727
0.133821
0.133821
0.110216
0.253024
-4.26252
-0.202606
0.250684
-0.100585
-16.5312
-0.0195531
0.396796
0.133821
0.133821
0.0434548
0.899533
1.71312
0.251455
-0.132299
-0.982035
6.03361
1.68869
-0.204207
0.0217776
0.0850651
0.414223
4.17068
0.503553
-0.185725
0.481719
1.38708
0.140242
0.151503
1.98256
3.78241
2.35923
1.01305
0.89429
9.74923
-1.70911
0.735324
0.452402
0.385546
0.597718
1.34763
1.10222
1.40473
-0.0668587
-0.778564
-1.49507
2.57283
2.60702
0.0558534
2.13538
3.42457
-4.51878
1.25451
5.01875
0.892922
0.236063
-0.0774693
-7.32925
-0.338069
0.140242
1.37686
1.05159
1.74997
0.733474
-0.224867
-0.140174
-0.718189
1.87111
7.87615
0.119506
0.140242
0.388642
0.541057
0.414028
-0.775079
-1.35985
0.82651
-2.90513
-0.873465
0.044144
0.141973
0.140242
0.140242
0.126515
0.337292
8.4212
-0.89724
0.814628
-0.424681
3.65988
0.834587
0.0690586
0.140242
0.140242
0.120922
2.41818
-2.9806
-1.06317
0.558879
0.0687624
7.72272
0.883345
0.0746665
0.0642068
0.120526
0.771125
-0.37051
-3.14109
5.33238
-0.578426
-0.227704
25.9512
0.146966
0.163128
0.705502
-0.135894
1.8302
0.71447
0.871125
2.27576
6.60409
0.845335
0.477225
0.0600509
0.431694
0.385464
1.46644
3.35857
-0.967321
-4.52621
-1.332
-4.31237
-1.41814
0.216393
-1.27576
0.49427
-8.9512
1.57145
0.782232
0.97428
0.503439
-2.11992
-0.244263
0.233535
0.146966
1.5192
1.12598
-0.396465
-3.21309
1.30219
0.0730567
-0.406313
-0.0154629
-2.74717
0.133444
0.146966
0.43846
1.07378
0.637249
-3.08896
1.54193
0.210913
0.314214
-0.170092
0.194583
0.176459
0.146966
0.146966
0.137303
0.453431
0.755492
2.95291
-2.67651
-1.61045
1.70226
0.146467
0.121823
0.146966
0.146966
0.169674
0.427167
0.558812
0.507875
-3.50948
-3.2327
0.212342
-0.0795603
0.162814
0.139336
0.138626
1.01509
0.441618
-0.710105
2.26695
-3.11298
-3.41735
12.6219
1.4432
0.148383
0.170732
1.03336
0.76402
-0.453008
2.86186
-0.406445
-1.47396
-0.258634
0.884504
0.47723
0.110654
0.366705
1.06053
-0.085893
-0.890168
0.709562
-5.15655
-0.536234
-3.5365
-0.250202
0.208952
0.16952
0.33689
1.69684
-0.0763894
1.20754
1.95874
0.480042
0.00132583
-0.0160838
0.275599
0.148383
0.0931859
0.236278
0.46432
-8.05533
0.473999
0.1368
-0.882363
0.0596116
0.776789
0.136597
0.148383
0.12299
0.346925
0.157495
-4.79949
-0.0955199
-1.19631
0.0749383
-0.173591
0.195231
0.0922014
0.148383
0.148383
0.142331
0.460815
2.53426
-2.73755
-0.422099
-1.52532
1.96873
0.164083
0.133568
0.148383
0.148383
0.224163
0.354391
0.657107
-1.73801
-1.4191
-0.951729
0.79746
0.0634412
0.167911
0.727052
0.13912
1.04431
1.92069
0.832428
0.283136
-0.789408
-0.0499424
-1.70024
-0.062636
0.132508
0.143791
0.130757
0.972082
0.782367
-1.68781
-1.58928
-0.530107
0.864412
0.355442
1.01461
-0.165171
0.10878
0.33365
-0.596215
-1.08828
-0.559481
0.0877212
-1.09088
0.847129
-1.78194
0.371834
-0.398548
0.139989
0.278267
-0.284411
-0.228707
0.111129
-1.09459
-0.0874749
-2.08909
3.09192
1.78223
0.143791
0.0692149
0.210315
0.418867
-6.41013
-2.49953
-0.126726
-0.904422
2.79234
-5.44068
0.110632
0.143791
0.120032
0.288141
0.141888
-0.47058
-1.22142
-2.50801
1.20037
-0.175635
0.858673
0.119023
0.143791
0.143791
0.120021
-0.379418
0.566685
-2.20775
2.91287
0.135996
5.19263
0.158718
0.127757
0.143791
0.143791
0.181112
1.25017
2.55316
-0.700737
-0.262871
0.697879
0.677391
0.0576894
0.16188
0.125627
0.620717
22.6212
2.08501
2.4802
-0.0738069
-0.552714
0.0977814
-1.71828
-0.0731906
0.130249
0.125627
0.126391
0.971299
0.528146
0.104475
-1.15536
1.13204
0.33605
0.145046
0.229502
0.457433
1.69155
0.00421025
0.0232866
0.2886
-0.899956
0.7164
0.157129
0.00459429
0.405196
0.265784
0.365606
1.23659
-0.153182
-0.338346
-6.45138
-0.349214
0.365727
-0.0945133
0.193007
-0.486874
0.284623
-2.83222
0.126391
-0.138723
-0.138477
0.0324805
-0.322547
0.0468168
0.00384107
0.0655326
0.215065
13.8815
-0.0104766
0.126391
0.0927081
2.97772
0.0511812
5.89081
0.0895844
-1.46998
0.0401406
0.156768
-0.0893806
-0.0193113
0.126391
0.126391
0.0707906
-0.324048
0.52809
-0.808697
-0.223088
0.272166
9.97103
0.0677324
0.521906
0.126391
0.126391
0.0399043
-0.9207
-0.254454
-0.812608
-0.131574
0.51457
-1.06631
0.323295
-0.151497
-0.0264865
0.179999
20.8382
0.707071
-1.10168
-0.31173
-0.0190131
0.406899
0.962282
0.964712
0.0937154
-0.0264865
2.06065
0.0845476
-0.268364
-0.221876
-0.694912
-1.17497
0.215436
0.0822803
0.224642
0.233128
4.74669
0.324367
-0.11211
-1.67255
-2.39938
-1.32546
-0.892272
0.128499
0.275727
0.370212
0.0982567
2.81014
0.997686
-1.76456
-3.36543
-8.73272
-1.74676
0.109002
0.0855725
-0.134058
0.126056
0.341685
-2.5516
0.0845476
-1.22438
-0.600287
-1.3251
1.26453
-0.0463373
-0.0375394
0.595241
0.291705
-0.306304
-0.32454
0.0845476
0.0374563
-0.899576
-0.279845
6.40484
-0.0836692
-0.106757
0.157383
-0.447091
0.179277
0.582372
0.0845476
0.0845476
-0.0941427
-0.00102917
0.110023
0.179954
0.286553
0.0483566
-16.594
-0.134574
0.294577
0.0845476
0.0845476
-0.288843
0.865992
0.460899
-0.0757164
-0.0192806
0.581131
6.48689
0.817661
0.359137
0.416823
-0.00419202
0.671236
0.498166
0.518398
-0.0156627
-0.0792497
0.192764
3.13287
0.236815
-0.0140572
0.416823
-2.01265
1.33979
0.0222055
0.348807
-1.57394
0.424702
0.0476016
0.243811
0.16427
0.265172
-0.000343206
-0.72178
-1.30549
0.30325
-0.160121
0.07625
0.401258
-0.10696
0.144946
0.271716
0.238136
0.00510778
0.495548
-1.63955
0.077177
-3.54331
-12.2442
1.05337
0.0029967
-0.0635018
0.244474
0.334572
0.441252
2.04828
0.0222055
0.507821
0.360614
-0.233811
-0.500353
-0.0896712
-0.10159
0.229154
0.14367
16.5928
0.53749
0.0222055
-0.105511
0.779194
0.505382
-7.90154
0.0693269
0.125788
0.198564
-0.670706
1.63882
-0.386392
0.0222055
0.0222055
-0.48532
-0.903504
0.811048
0.170302
0.1466
0.373093
5.15916
1.04714
0.122232
0.0222055
0.0222055
-1.34066
-1.1823
-0.202211
0.316775
-0.139761
0.00243988
2.06408
-0.189581
0.140808
-0.198989
-0.581445
-4.19616
-0.382017
1.15698
0.817381
-0.191319
-0.278282
1.26367
0.209308
0.057864
-0.198989
-0.516078
-0.447163
-0.09513
-0.0216586
0.421516
8.82372
0.422763
0.0374625
0.171252
0.187427
0.200749
0.0629956
-4.41657
-0.0128726
0.223465
-3.39307
0.282587
0.267751
-0.0247623
0.268444
0.229701
0.0990795
0.0521431
0.152849
0.54329
1.14916
-0.688197
-3.17551
0.0584727
0.212111
0.0630426
0.254619
0.182362
0.220197
0.702973
-0.0216586
1.46939
-0.21148
-1.42203
-0.287299
0.131719
0.205542
0.00104287
0.0811316
2.02528
-0.330503
-0.0216586
0.103646
-1.58548
-0.0714684
2.02696
0.00891399
0.173699
0.115869
-0.0193929
-1.82944
-0.285499
-0.0216586
-0.0216586
0.290718
-0.661484
0.0167256
-0.00221852
0.356918
0.111754
-8.55687
1.64784
0.15545
-0.0216586
-0.0216586
1.40786
-0.155774
-0.098545
0.110616
0.289013
0.100236
2.41471
1.49794
0.204944
-0.216139
-0.398646
-9.24585
-0.177733
-0.464821
1.19676
0.0464174
0.264884
-0.129312
2.86287
0.405151
-0.216139
-1.8459
-0.348162
-0.220961
0.0864111
0.0229199
-0.122692
-1.10369
0.164312
0.112307
0.152027
0.0132327
-0.0142299
-0.191966
-1.4804
0.0721477
-0.117782
0.00752535
0.0527946
-0.0652523
0.247718
0.306454
-0.03361
-0.0995759
0.200412
-4.14474
0.707955
0.25771
-3.41993
-8.08658
0.00477017
0.273694
0.119697
0.0137819
-0.00824174
0.0271013
-1.35641
0.0229199
1.31533
1.13667
3.19065
0.763654
0.237856
0.129203
0.00825585
0.156486
-13.7139
-0.353577
0.0229199
0.155346
0.831178
1.26952
2.68354
0.111632
0.343104
0.301375
-0.698587
-0.0249097
-0.223728
0.0229199
0.0229199
0.696221
0.144459
0.218969
-0.0497429
-0.000170283
0.0331839
-7.70858
0.349149
0.286101
0.0229199
0.0229199
1.78852
-1.33085
-0.211403
0.0661353
-0.064949
-0.127216
2.83694
0.193757
-0.323405
-0.188522
0.357453
8.04264
-0.891586
0.0612205
-0.476409
0.86335
0.298701
2.9809
-0.970539
-0.0984092
-0.188522
-0.987134
0.71924
-0.291322
-0.141488
-0.160578
0.107623
0.0831001
-2.20842
0.062439
0.204715
0.139199
0.029077
1.29417
3.6046
-1.48434
0.302815
0.0117887
-0.13774
0.370253
0.274469
0.357974
0.0213985
0.385958
0.068689
-1.0941
2.26316
-0.121114
0.0770172
-3.14846
5.46491
0.362664
-0.0175769
0.0831483
-0.184005
0.161839
-7.24301
1.50226
0.107623
0.684385
1.78282
2.43177
0.563231
0.214187
0.163404
-0.0664595
0.66983
-0.504425
-0.0453271
0.107623
0.22476
0.515935
-0.000346285
13.2474
-0.102839
0.484476
0.134427
-0.115353
-0.0693689
0.019974
0.107623
0.107623
0.031622
-0.141957
-0.708523
0.127275
0.820723
0.120239
11.0294
-0.444174
-0.0499664
0.107623
0.107623
-0.38419
-3.10346
-1.10709
-0.0456275
0.451676
0.24993
-1.44537
0.0520637
-0.0162771
0.0179082
-0.108279
-2.67664
-1.04572
-0.546457
-0.100565
-0.638542
1.03857
2.33179
0.866372
0.709542
0.0179082
0.00292508
-3.6741
-5.57648
0.0262125
-0.1229
-0.00419037
0.137781
0.13339
8.96587
-0.0973494
0.319769
0.160366
0.540868
2.1928
1.12867
0.719091
0.420973
-0.165991
1.69091
0.577315
0.460502
0.52191
0.385777
0.166369
0.33699
0.50063
-1.93965
1.22614
0.749407
-1.06322
-9.49742
-0.111303
0.766276
0.357164
0.637052
0.265817
0.325843
-0.586107
0.137781
-0.236032
0.0517563
2.8287
0.301805
0.0807954
0.198595
-0.515493
0.558793
6.56373
0.0839774
0.137781
0.35416
0.460466
0.462115
-9.33524
0.589928
1.05984
-0.248982
1.86177
-0.131146
0.117729
0.137781
0.137781
0.116519
0.338266
4.81525
-0.293609
-0.794054
-0.0868494
-8.4406
-0.475542
0.0324051
0.137781
0.137781
0.0850951
-1.35241
-2.80528
-0.0191814
-1.34756
0.523986
-3.50007
-0.595712
0.130072
0.0872789
0.0923097
0.476003
1.25225
0.193398
0.246364
-0.628185
-1.66334
20.1674
2.60886
0.199578
0.0872789
0.468363
0.7481
-3.41939
-0.173516
0.77079
-0.279088
0.505583
0.138921
0.147512
4.38953
1.41845
4.35426
2.94692
0.543323
9.04646
4.61961
0.675616
0.44438
0.32553
0.577467
3.18273
2.37542
0.739509
0.64489
0.641015
1.92558
-0.0994998
5.60207
1.18662
1.26604
4.47894
25.8374
0.0863254
-0.642202
0.0928918
-0.707082
-0.736308
0.830168
-0.384566
0.138921
-0.266257
-0.0643558
2.33403
0.916388
0.904875
0.123986
0.551756
1.82448
6.95124
0.107671
0.138921
0.346531
0.64997
0.433689
6.95961
1.32177
-1.77637
-4.27683
-2.12614
0.0891692
0.132238
0.138921
0.138921
0.126375
0.332667
-7.6079
1.38627
0.512607
-2.37416
-3.49368
0.365803
0.000280892
0.138921
0.138921
0.115388
2.33057
1.68039
3.17472
0.457068
-1.36983
-14.6416
-0.174806
0.0657374
0.0449763
0.118862
0.737509
2.69263
-0.372216
-0.642367
0.931014
-0.323008
-5.72025
1.33703
0.414569
0.0449763
0.540254
1.44316
4.89141
1.17314
-0.633552
2.04695
3.89293
39.6001
0.146775
0.161959
1.57189
2.99901
-2.8925
1.52168
-0.637494
1.87366
5.23898
0.866169
0.468311
0.0618305
0.616936
2.94639
0.726711
-1.67147
3.45282
7.35015
1.19548
6.99509
-2.00984
0.183622
0.108461
-0.184007
2.56011
1.11828
1.42171
-2.29343
-2.36732
-2.52883
-0.093549
0.250642
0.146775
0.076952
0.19226
1.93949
14.0085
0.591125
-2.43961
-1.01719
-0.306826
0.557994
0.132094
0.146775
0.0689367
0.325197
0.13387
-2.86323
0.831934
-0.269305
-0.0780289
-0.346043
0.129658
0.0721843
0.146775
0.146775
0.140573
0.446976
4.3123
0.575492
0.220491
3.3621
0.808802
-0.120516
0.12501
0.146775
0.146775
0.218633
-0.0439922
-1.57643
1.34276
1.18661
0.665879
5.25991
0.0053714
0.161689
0.715525
0.133591
1.01559
1.1753
-0.422054
-2.86612
-0.167544
-0.758501
-2.21622
0.14557
0.803912
0.715525
0.590334
-1.57407
1.63382
3.35205
-2.4728
-5.56715
-3.20084
8.74119
0.716761
0.148507
0.170975
1.04146
0.797274
2.13963
2.22511
1.94969
1.18924
2.08978
0.896895
0.48061
0.110923
0.368201
1.06208
0.122604
1.47396
0.509667
0.755681
0.289874
0.0143607
0.329836
0.221075
0.170103
0.340654
1.70723
-2.04084e-05
0.470983
0.238062
0.494873
0.157585
-0.00326907
0.283532
0.148507
0.0933516
0.237087
0.465745
1.43165
-0.292039
0.975103
0.266721
0.0633267
0.891029
0.138397
0.148507
0.123198
0.348255
0.157539
0.0052729
-0.27425
0.200859
0.343009
-0.165989
0.205314
0.178307
0.148507
0.148507
0.142408
0.462422
1.03932
0.196471
-0.180522
-0.15814
2.06331
0.164943
0.134315
0.148507
0.148507
0.224819
0.433025
0.600693
-0.167663
-0.348155
0.547581
0.807491
0.0641902
0.168451
0.143618
0.139862
1.05798
0.446851
0.13944
0.288358
0.533997
0.278981
-1.67644
-0.0610561
0.133367
0.143618
0.612849
0.541271
1.21487
1.3358
-0.343701
0.403064
1.24027
2.04331
-0.0356217
0.100768
0.139911
0.0857989
0.873267
0.758446
0.369017
0.489785
-1.82446
0.279272
0.0382259
-0.061622
-2.05896
0.106527
0.276862
-0.774451
-3.41017
-3.34392
-2.5837
-3.02924
-0.0533902
-0.257228
-0.119077
0.224911
0.0958705
0.158462
-0.437047
-1.68999
-3.17772
-2.88906
-0.221296
3.44464
0.0120878
-1.83336
0.139911
0.0385837
0.138812
0.340007
1.24215
-2.62042
-0.0211961
0.978632
-0.780844
10.2307
0.0828425
0.139911
0.116042
0.128979
0.125912
-0.821719
-0.167924
2.97207
4.70902
0.509356
0.682166
0.0891907
0.139911
0.139911
0.109859
-0.960418
0.705528
0.150327
-1.03429
0.151555
4.10414
0.154047
0.120263
0.139911
0.139911
0.143001
-0.133538
-0.429924
0.938419
-0.321774
-0.999881
0.638173
0.0481635
0.157747
0.0976081
0.406564
-5.22083
5.67056
-4.76605
-0.0311073
-2.24186
-0.391878
-1.81259
-0.0930464
0.124237
0.0976081
3.78973
0.340996
-3.32766
0.00376877
-2.66454
-1.19608
-2.87103
0.421765
-0.0998903
0.0633505
0.139911
0.117831
-0.0848373
0.361048
0.409595
0.871611
-1.35572
0.437054
0.126921
0.171359
0.530677
1.08714
0.0044505
-0.221034
-0.161331
-3.11649
-1.46432
0.706451
0.152058
0.0862084
0.437425
0.771592
0.922995
-0.352291
-0.814592
-3.94525
-4.21279
-0.208164
-0.258512
0.0561176
0.886688
0.0994491
-6.08343
0.117831
-0.235159
-0.118575
-0.202562
-1.59347
-1.16268
0.0182603
1.57666
0.133541
-0.34233
-0.04808
0.117831
0.0836099
-0.345795
-0.00458326
6.96095
-0.141484
1.02102
0.24754
-0.0513633
-0.204563
-0.0400063
0.117831
0.117831
0.0375212
1.37242
-0.505643
-0.203574
0.505033
0.115637
9.71737
0.0905372
0.017448
0.117831
0.117831
-0.0107034
-1.03217
-0.0489567
1.03848
-0.0549206
-0.241779
-6.13057
-0.127368
0.0178854
-0.0401823
0.152548
-7.59724
0.0532774
0.957176
0.0168349
-0.405124
-0.736211
-1.47731
0.985226
0.0817427
-0.0401823
-0.831466
0.964689
1.98485
-0.379612
-0.504674
-1.55918
-5.58688
-13.463
0.198348
-0.241719
0.117831
1.18196
0.0778694
-0.266241
-0.196688
-2.36188
-0.964801
0.114287
0.0421089
0.160008
0.258258
0.474851
-2.89603
-0.135683
-2.89574
-0.861805
-1.28064
0.650787
0.200501
0.119438
0.213287
0.432035
-0.241862
1.2316
0.663564
-4.89454
-6.80726
-2.47764
-0.147486
0.0437386
0.23124
0.310918
0.560419
3.47808
0.0778694
0.523276
-0.792387
-1.75156
1.64068
0.0609066
0.061462
0.282153
0.119626
-0.774951
0.523644
0.0778694
0.0303062
-0.941073
-0.413747
5.36383
-0.0831417
0.0987625
0.180545
-0.0513267
3.59801
0.62493
0.0778694
0.0778694
-0.13979
0.657366
-0.167721
-0.0440424
0.151332
-0.110304
-19.8218
-0.134084
0.288018
0.0778694
0.0778694
-0.318981
-0.438566
-0.0675226
0.179839
-0.0160403
-0.705879
-12.5181
0.765822
0.33136
-0.124342
-0.471665
-4.06341
-0.605656
0.225561
-0.225227
-0.121066
0.19381
1.45398
0.148317
-0.0291314
-0.124342
-2.9572
-0.122788
0.721218
0.599022
-0.413658
-0.649562
-2.69555
-19.657
-0.830185
-0.4699
0.0778694
-1.51021
-0.085055
0.0450786
0.478725
-1.05338
0.474429
-0.0341644
-0.06125
0.0274243
-0.0294317
0.140278
0.578213
0.0089172
-0.338418
2.25903
-3.36705
-0.582025
0.183643
0.239193
0.322071
0.416414
0.197739
-0.0683212
0.448065
-0.0746032
2.98834
6.52086
-0.427066
0.136446
0.159475
0.332889
0.237676
0.0368189
-1.99645
0.0450786
0.489678
0.474858
-0.120397
-0.0462791
0.0883655
0.224755
0.112067
0.143928
-10.816
0.697116
0.0450786
-0.0685941
0.719573
0.521492
7.98157
0.0524083
0.187535
0.189658
0.768842
3.82534
-0.20196
0.0450786
0.0450786
-0.449918
-1.20765
0.0275557
0.0999994
0.252645
0.0567192
-10.0716
0.689557
0.215278
0.0450786
0.0450786
-1.32019
-0.917467
0.0108196
0.0779307
0.0590444
-0.0151982
-1.2298
1.15241
0.288589
-0.0678773
-0.195437
0.465822
-0.294483
-0.252901
0.495173
-0.145719
0.28414
-4.20418
-0.516335
0.124659
-0.0678773
3.47796
-0.212836
-0.625478
0.730913
0.38301
-0.410192
-1.02975
-1.7681
-0.911382
0.36391
0.0450786
-6.37939
-0.692075
-0.221319
0.0211788
-0.213763
9.96602
0.159867
0.0347038
0.10441
-0.00817319
0.0870298
0.166135
5.40541
0.140346
0.323516
0.739654
0.0790563
0.280779
0.162715
0.274549
0.304037
0.198509
0.10596
3.3367
-0.408911
1.13199
2.01049
-5.65531
0.0370497
0.0108544
0.199957
0.186391
0.100158
-0.729575
4.25388
0.0211788
1.05258
0.52612
1.42728
0.118704
0.0911349
0.301595
0.280015
0.253896
6.64637
-0.0653648
0.0211788
0.163951
1.54114
0.267672
4.86776
0.122298
0.282564
0.0669706
-1.19099
1.89212
-0.148565
0.0211788
0.0211788
0.480713
0.0360233
0.220335
0.125048
-0.0186902
-0.0156457
6.98643
0.441598
0.306053
0.0211788
0.0211788
1.83199
1.52491
-0.0903546
-0.0351771
0.0887339
0.212447
-2.23618
1.71647
-0.343816
-0.0920797
-0.291097
-2.93094
-1.04064
-0.305835
-0.108044
0.20687
-0.294663
-1.89143
-2.78019
0.449141
-0.0920797
-0.756586
-1.31471
-0.410245
-0.385333
0.893998
-0.0955593
-0.421042
4.12655
0.274025
0.0384138
0.0211788
-0.226599
-0.0461665
-0.54438
-0.377363
0.0455605
-0.0253337
7.35571
0.331699
0.0794272
-0.00478503
0.0530233
0.142872
1.21023
-0.461997
0.14115
0.324934
0.250832
1.4057
0.376123
0.218111
0.252249
0.172849
0.270076
0.44694
3.48656
-0.421774
0.82163
2.11067
13.467
0.174332
0.0762443
0.41028
0.273599
0.542573
-4.79787
-1.42572
0.0455605
0.761606
0.565451
-0.576188
-0.0778151
0.10009
0.22038
0.0841976
0.0732528
-2.19856
0.149768
0.0455605
0.137475
1.90946
-0.042641
8.64463
0.0560474
-0.298764
0.00861468
-0.931003
-2.71286
-0.150015
0.0455605
0.0455605
0.0616855
1.09638
0.105352
0.101775
0.224262
0.19221
-3.00222
-0.444383
-0.0800378
0.0455605
0.0455605
0.304146
-0.936411
-0.110962
-0.0496058
0.0352746
-0.0204184
-2.70422
-0.774536
-0.0672935
-0.158587
0.466351
9.97245
-8.4539
-0.496356
0.126947
0.209476
-0.124261
-12.2095
-0.0415113
0.394892
-0.158587
-0.680529
-6.30475
-0.675645
-0.594219
-0.457581
1.00092
-0.0243129
5.83587
-0.777857
-0.115696
0.0455605
-0.0287432
-6.60765
-1.89811
-0.689192
-0.540723
0.112126
0.09143
-0.123139
0.168416
0.0228423
0.135864
0.263164
-4.41845
-1.36611
-0.238694
0.312489
0.167557
-0.468706
0.652981
0.408838
0.141946
0.084165
-0.0774346
-0.164884
0.329239
-4.35681
-0.169525
-0.561626
2.31392
-5.49769
0.213509
0.354689
0.000571828
0.166744
0.899175
-13.993
0.616173
0.112126
0.0166769
-1.68682
-0.530356
-0.00867422
0.104866
0.192431
-0.124493
-3.39081
0.599881
0.371378
0.112126
0.288362
-0.56119
0.236878
3.39038
0.308519
0.104097
0.0756828
-2.733
0.279126
0.0204026
0.112126
0.112126
0.0527013
-0.0781392
-4.87152
0.0888418
0.118157
-0.0376785
-0.587171
-0.0676074
0.0395265
0.112126
0.112126
-0.260015
-2.97544
-0.0646029
0.0579547
0.231524
-0.242445
-2.60756
-0.983245
0.0487071
-0.0129951
-0.0780221
-2.36757
-1.65756
-1.34022
-0.138256
0.60966
0.1654
-8.07082
0.439903
0.12592
-0.0129951
0.0085007
-2.61015
-0.542044
-0.56843
-0.5676
-0.19727
0.886949
8.26796
0.380493
0.0451286
0.112126
0.451579
-1.21101
-0.971364
-0.482644
-0.469482
-0.420352
0.140459
0.147301
-5.32499
0.61025
-0.218671
-0.932539
-2.65355
-0.495092
-2.59523
-0.036075
0.425695
0.404536
1.10894
0.475477
0.452534
-0.353932
0.23258
0.0773973
0.202252
-0.0424173
-1.60741
1.14172
1.17008
4.78056
12.1404
0.357172
-0.340568
-0.0947921
-0.495903
-1.76147
12.5729
1.96684
0.140459
0.521965
-0.0728025
-1.80506
0.321822
0.512239
-0.212919
0.0170506
-0.5207
-3.72807
0.500106
0.140459
0.0833176
0.141728
0.112146
8.87955
0.439936
-0.647336
-0.335692
2.14102
-0.110844
0.112124
0.140459
0.140459
0.12938
0.365547
-2.14541
0.542688
0.287084
0.231824
-5.51846
-0.177913
0.0406672
0.140459
0.140459
0.174457
0.161284
1.12424
-0.24264
0.948688
0.0230034
1.26886
-0.285982
0.121062
0.061734
0.100533
0.665002
-0.78471
0.549933
-0.211753
-0.130055
0.947069
-9.16965
-1.75253
-0.118211
0.061734
0.454202
-2.45097
5.30565
0.370116
-0.771542
-0.492988
0.0350087
34.2906
-0.178354
-0.564541
0.140459
0.659998
-0.593265
2.01438
0.538126
0.0949136
-0.816237
0.743272
0.144371
0.156143
5.89654
-2.60509
3.11229
-3.30177
-1.40723
-5.40497
-0.875553
0.561852
0.451483
0.47066
-0.557407
-0.648554
1.41181
0.0120373
0.146275
0.0511836
-0.750318
1.16509
1.19108
0.0461275
1.53624
2.38479
12.3798
1.60625
3.37547
0.181396
1.11291
0.559946
-2.02938
0.121359
0.144371
-0.135845
0.084561
0.918143
0.972161
5.84638
0.328684
-0.322673
-1.30901
-3.33272
0.118314
0.144371
0.093752
0.288262
0.123143
12.0868
1.83623
0.939208
2.07383
-5.13122
0.0692563
0.136035
0.144371
0.144371
0.137185
0.362204
-6.30575
-0.638595
-1.30262
-0.0378731
-2.82168
-0.30585
0.0822002
0.144371
0.144371
0.207175
2.4047
2.10113
-0.988157
-0.615141
1.13251
0.371684
-0.182416
0.083482
0.0601909
0.124424
0.923003
-0.708892
0.240834
0.612195
-0.124728
1.12159
3.53696
0.797454
0.0109353
0.0601909
0.557453
0.931041
-1.58231
0.37282
1.01093
-2.06239
-0.662201
-3.45808
1.9246
0.237122
0.144371
0.700947
1.80632
1.85055
-4.41665
-0.236533
-2.50059
-1.40674
6.05336
0.146918
0.165388
1.65757
3.05565
-0.212308
1.90542
1.76852
1.11157
1.85211
0.876838
0.469781
0.863968
-0.123281
-0.354847
0.978889
-2.17822
0.963
-1.61256
1.41881
-0.683909
5.13694
0.185803
-0.35027
2.75457
6.14031
0.0296687
0.516244
-1.10766
-2.88275
-0.27902
-2.2032
0.255112
0.146918
0.0734559
0.206945
1.94974
1.42707
0.0121646
-1.94584
0.191281
-0.315413
0.598059
0.130384
0.146918
0.112377
0.328856
0.136923
0.595068
-0.155007
0.438548
-2.05283
-0.341826
0.140609
0.154903
0.146918
0.146918
0.141075
0.448833
-3.60722
3.50232
1.87723
3.40223
0.73315
-0.121167
0.126559
0.146918
0.146918
0.220348
0.0345117
2.66338
2.94526
1.00264
-1.50073
-0.553437
0.00305424
0.161936
0.130325
0.134309
1.02915
-0.30439
0.190888
-2.00391
1.64936
-0.51472
-1.49275
0.49436
0.0917847
0.130325
0.597371
0.47695
0.81138
0.886411
-2.3874
-0.692853
-5.64628
2.82285
0.0623455
0.689935
0.146918
0.771097
-0.793823
1.18052
0.023693
-0.651412
-3.84981
2.23546
-0.0611626
1.48732
0.148507
0.170975
1.04146
0.797274
2.13963
2.22511
1.94969
1.18924
2.08978
0.896895
0.48061
0.110923
0.368201
1.06208
0.122604
1.47396
0.509667
0.755681
0.289874
0.0143607
0.329836
0.221075
0.170103
0.340654
1.70723
-2.04084e-05
0.470983
0.238062
0.494873
0.157585
-0.00326907
0.283532
0.148507
0.0933516
0.237087
0.465745
1.43165
-0.292039
0.975103
0.266721
0.0633267
0.891029
0.138397
0.148507
0.123198
0.348255
0.157539
0.0052729
-0.27425
0.200859
0.343009
-0.165989
0.205314
0.178307
0.148507
0.148507
0.142408
0.462422
1.03932
0.196471
-0.180522
-0.15814
2.06331
0.164943
0.134315
0.148507
0.148507
0.224819
0.433025
0.600693
-0.167663
-0.348155
0.547581
0.807491
0.0641902
0.168451
0.143618
0.139862
1.05798
0.446851
0.13944
0.288358
0.533997
0.278981
-1.67644
-0.0610561
0.133367
0.143618
0.612849
0.541271
1.21487
1.3358
-0.343701
0.403064
1.24027
2.04331
-0.0356217
0.100768
0.148507
0.77856
0.558858
1.27503
0.697305
0.7249
0.646432
0.597805
2.09917
0.225826
0.121758
0.147789
0.15485
1.01959
0.791177
1.98849
2.10441
0.676698
-2.70432
-0.0525991
0.378234
-0.128716
0.110503
0.35284
0.547408
0.0770441
1.29442
-0.18534
0.670843
0.628994
1.19589
-0.161859
-0.393985
0.163171
0.313982
1.66761
-0.0258096
-0.407372
-0.00573351
-2.13427
0.32013
2.54884
1.66966
0.147789
0.0893198
0.22205
0.447924
1.42008
-0.637983
-2.61949
0.845245
7.93051
3.61063
0.135656
0.147789
0.122289
0.274439
0.154857
-0.0167474
-2.83159
-2.33008
-3.11663
0.730231
0.192949
0.172986
0.147789
0.147789
0.140615
0.423776
-8.80166
-0.263126
-0.849726
-3.04609
1.98636
0.164142
0.132649
0.147789
0.147789
0.220709
-0.0311522
0.223372
-2.43552
0.490717
-1.16665
0.796795
0.0622531
0.167365
0.135889
0.108451
-2.98025
-6.55306
4.42356
-3.33176
0.116218
0.207725
-1.693
-0.0648451
0.132043
0.135889
-2.23578
2.68933
3.80715
-3.34371
-0.451305
-0.120094
1.15477
1.93148
-0.0414798
0.0938566
0.147789
8.27625
4.87554
-3.61844
-0.63604
0.21672
0.594547
0.442418
2.03331
0.218646
0.119939
0.147789
0.142088
0.126775
0.906928
0.747776
1.2313
-0.838822
-2.75494
-0.230896
-0.116743
-0.145156
-0.957501
0.106675
0.256215
0.175394
-0.425617
-2.09534
-4.03129
0.55379
0.251801
-0.259938
0.185238
-0.0880077
0.0516515
0.093158
0.114155
-0.317164
-3.43488
0.83005
-0.0606714
2.45036
0.485334
6.26007
0.142088
0.0155535
0.156533
0.316767
0.965117
-2.41553
-0.107268
2.40645
0.322029
-5.48489
0.102834
0.142088
0.115995
0.210078
0.122141
-0.914701
0.151832
-0.0145524
0.271181
0.49243
-0.0330662
0.137221
0.142088
0.142088
0.124812
-0.444214
-0.543709
-0.00759031
-0.630348
0.00850156
16.139
0.152217
0.121053
0.142088
0.142088
0.187399
-0.116836
-0.0666687
1.82506
-0.0993128
0.039804
0.571342
0.0426414
0.154319
0.122296
0.00274556
-5.7309
0.135316
2.53154
-0.0268951
-0.311298
-0.898359
-1.86277
-0.101385
0.123948
0.122296
-3.37491
-0.403857
-0.733376
-0.172753
-0.379002
-1.86439
-0.579406
0.883644
-0.106955
0.0854604
0.142088
-0.233891
2.24058
0.00322147
-0.646671
-2.84766
0.204034
0.0785344
1.66696
0.163048
0.109531
0.142088
-2.45766
0.133368
0.0837624
0.818355
0.646958
-1.48275
-3.4549
-0.210365
0.0190226
-0.149424
-0.320316
0.30588
0.0234748
-0.387429
-1.43854
-6.02731
0.234429
0.388345
0.23625
0.439024
0.166385
0.738989
0.922687
-0.55851
0.232137
2.94273
0.135585
-1.34413
0.0750383
0.21616
0.377944
0.310743
0.67868
0.133368
0.414392
-0.0251529
-0.0836155
-3.45422
-0.0947103
-0.0725927
1.55906
0.208693
19.69
0.331045
0.133368
0.101555
0.0854326
0.0298153
-5.56119
0.132489
1.25806
-0.0316201
-0.247976
1.50379
0.0725267
0.133368
0.133368
0.0896726
-0.236881
0.052099
0.0830993
0.742359
0.156216
-11.8751
0.119766
0.0370023
0.133368
0.133368
0.122714
0.150562
0.0285629
3.17156
0.0862999
0.169651
-1.50082
-0.0790775
0.0934008
0.093782
0.0838413
-11.8378
-0.274649
0.288695
-0.15447
-0.150847
-2.67338
-2.98595
-0.381688
0.0430491
0.093782
-0.677363
-0.90565
-0.0648811
-0.100276
-0.307696
-1.82044
-4.39278
-0.484283
-0.0386908
0.0192151
0.133368
-2.9375
-0.11798
7.23121
0.0368834
-0.762303
-0.788531
0.586273
4.46482
-0.942225
0.0385624
0.133368
0.301958
-0.759413
0.131276
0.049336
0.444172
-3.26793
-0.298586
-0.829886
-0.15268
-0.00542585
-0.449406
-2.22335
0.406356
-0.0155874
-0.539373
2.78517
0.710882
0.0417232
0.182053
0.116654
0.160643
0.195069
-1.04504
-0.0841499
0.31369
-3.70771
-5.48394
0.146531
0.159442
0.147821
0.498125
0.393291
0.563856
0.833033
0.131276
1.56219
-0.562503
1.89443
1.18452
0.182561
0.187137
0.485003
0.12779
5.00692
0.434099
0.131276
0.0942692
-0.223716
-0.239976
4.4133
0.0862704
0.349014
0.105564
-0.168282
-0.278064
0.138264
0.131276
0.131276
0.020182
-0.174281
0.0466663
0.0312903
-0.680849
0.00499509
-8.03619
0.672522
0.0855965
0.131276
0.131276
-0.0854472
0.105512
-0.0611863
0.260617
0.0179311
-0.123042
-8.17875
0.297269
0.102049
0.0846382
0.0904
-1.34926
0.0268177
0.0481201
-0.0229059
-0.0729192
-0.435798
-3.05273
1.8835
-0.0800894
0.0846382
0.20113
-2.78808
-0.263101
0.171783
0.280477
-0.204373
-2.39063
-10.043
-0.0117275
-0.0562275
0.131276
0.492433
-3.5139
-0.306797
0.678624
-0.0594857
-1.01847
-0.209942
-6.58983
-0.219169
0.0238273
0.131276
0.802565
-1.1435
-0.516994
0.126221
0.078655
-1.13511
0.0294111
-0.203908
0.00329452
0.0121069
-0.182157
-6.51263
-0.386158
0.406371
0.646155
2.41005
-0.896791
0.326706
0.231641
0.197932
0.354419
0.515261
0.676365
-4.75439
-0.106992
-1.14883
0.0560697
3.26352
0.198017
0.248476
0.270451
0.340639
0.239799
1.73934
2.68612
0.126221
0.204483
-0.297653
4.74454
-0.465248
0.108608
-0.286096
0.114276
-0.00921255
-10.9032
-0.00749851
0.126221
0.000368917
0.0646601
1.07285
-3.46792
0.111317
-0.0603105
0.0200111
-0.0492324
-0.489613
0.117776
0.126221
0.126221
-0.0157189
-0.188565
-0.564449
0.0905637
-0.155021
0.0351723
-1.30035
-0.134962
0.0476761
0.126221
0.126221
-0.683603
-3.00033
-0.0401586
0.169396
0.115768
-0.00950477
-6.07623
1.35291
0.0900031
0.0641593
0.0508354
-4.03361
0.179901
0.0697326
0.0787656
0.0766983
-0.0534872
0.241848
0.389305
0.143298
0.0641593
0.364805
-2.69842
-0.147019
-0.146386
0.0422556
0.00541159
-0.176022
-6.61595
-0.927306
-0.296775
0.126221
0.59756
-3.45793
-3.80511
-0.0414586
1.27848
-0.0507551
0.0683631
-0.0986971
1.33456
0.331964
0.126221
0.815876
0.452093
-0.11226
-0.226121
0.129756
0.135285
-3.18961
-0.344277
-0.0903583
-0.0566569
-0.701359
-3.80807
-3.28797
0.534207
0.417857
0.696668
0.999145
-0.0735049
0.388009
0.200206
0.208178
0.206631
0.179644
-0.223948
0.139074
0.0185443
2.15988
-5.51435
-6.03254
0.336296
0.161518
0.317249
0.23615
0.236133
5.41467
-0.904937
0.129756
-0.508818
0.272778
-1.16462
-0.184474
0.103604
0.31837
0.270806
0.399276
4.49812
0.0495846
0.129756
-0.0164423
0.0680175
-0.387562
7.40867
-0.0832135
-0.0376433
0.415422
1.56023
-0.40745
0.116218
0.129756
0.129756
0.0765995
0.130351
1.92855
-0.274447
0.141425
0.141095
-17.2195
0.822056
0.0805371
0.129756
0.129756
-0.314013
-0.21805
-5.64471
0.265298
0.0359555
0.163888
6.06596
-0.360115
0.117598
0.0853954
0.0264314
-1.20686
-4.43635
-0.420174
-0.0222294
-0.192295
-0.183312
6.13284
-1.22611
-0.421563
0.0853954
0.409915
-0.428488
-3.09078
-0.408556
-0.0637886
-0.152918
-0.160366
-17.2846
-1.18462
-0.149921
0.129756
0.660216
-0.870684
-0.939652
-0.268796
-0.15608
0.993915
0.0786954
-0.898641
0.55958
0.396288
0.129756
0.812931
-0.329839
0.560446
-0.633712
-0.140332
0.142421
0.159045
-5.34893
0.0231431
-0.0867019
-0.499009
-2.63714
-0.974698
-0.503256
0.0502103
0.448053
-0.269794
-1.26646
-0.977533
0.268933
0.266178
-0.0118501
0.00761926
0.288647
-0.114928
-0.809631
0.0676518
1.78289
4.65989
1.26087
0.0648503
1.24332
0.547055
0.573326
0.341343
4.07203
-0.0484466
0.142421
-0.212747
-0.119825
-3.32763
0.135943
0.227078
-0.117273
0.137362
-1.52535
-5.15472
0.0980376
0.142421
0.0929015
0.0463968
0.105473
2.03751
0.187945
0.310388
0.304492
-2.90907
-0.0628272
0.131857
0.142421
0.142421
0.128237
0.378648
-3.05349
0.139504
0.590869
-0.240318
10.3587
-0.197728
0.10877
0.142421
0.142421
0.151302
0.372974
0.102299
0.0443816
0.232758
0.247507
-3.61655
-0.424233
0.133581
0.105314
0.0989745
0.549962
-2.00482
-1.81671
0.240103
0.213785
0.0445277
8.05168
-1.22652
0.00580554
0.105314
0.51263
0.131191
0.481639
-0.771616
-0.785234
0.243991
0.0689571
8.40341
-0.802791
-0.041847
0.142421
0.728958
-0.708743
0.825059
0.0716376
-0.771344
-0.330931
1.30952
-0.335892
1.46571
-0.128242
0.142421
0.913297
0.496657
5.0941
-0.106128
0.655634
-0.102259
0.147512
0.16635
-2.20716
-0.226298
0.182069
-0.980459
1.72097
1.09289
2.05195
0.88909
0.473966
0.107936
0.285163
0.597658
2.47904
-0.339754
0.160056
-1.99391
-1.6478
-0.150111
0.194804
0.208947
0.151726
-1.1335
14.7134
2.04558
2.68298
-0.327077
0.421119
-0.140175
-2.94257
0.234686
0.147512
0.0849306
0.213907
-0.16835
6.95614
1.23747
1.06253
0.441843
-0.71314
0.739171
0.132448
0.147512
0.120069
0.320173
0.149645
6.11828
2.05545
4.29066
0.198944
-3.23303
0.140134
0.171809
0.147512
0.147512
0.140266
0.445585
-0.624899
0.129038
1.7681
0.076937
0.751953
0.00918133
0.132718
0.147512
0.147512
0.218038
0.277961
0.309973
-0.00470354
3.51727
-0.161263
-1.24066
0.031178
0.165803
0.139829
0.131554
1.00467
0.0474431
-2.94343
0.648644
-0.666796
1.85538
-2.96846
-0.209435
0.127259
0.139829
0.593388
0.479635
-3.48843
-3.16155
-4.8522
0.0327853
-0.360597
-5.81669
-0.418607
-0.0066783
0.147512
0.72958
-0.223747
-1.17087
-1.90104
-2.94312
-3.09511
-0.73185
9.02199
0.731798
0.00415577
0.147512
1.0145
1.08886
1.08359
-1.78856
-1.16911
-4.57314
-8.01402
0.148507
0.170975
1.04146
0.797274
2.13963
2.22511
1.94969
1.18924
2.08978
0.896895
0.48061
0.110923
0.368201
1.06208
0.122604
1.47396
0.509667
0.755681
0.289874
0.0143607
0.329836
0.221075
0.170103
0.340654
1.70723
-2.04084e-05
0.470983
0.238062
0.494873
0.157585
-0.00326907
0.283532
0.148507
0.0933516
0.237087
0.465745
1.43165
-0.292039
0.975103
0.266721
0.0633267
0.891029
0.138397
0.148507
0.123198
0.348255
0.157539
0.0052729
-0.27425
0.200859
0.343009
-0.165989
0.205314
0.178307
0.148507
0.148507
0.142408
0.462422
1.03932
0.196471
-0.180522
-0.15814
2.06331
0.164943
0.134315
0.148507
0.148507
0.224819
0.433025
0.600693
-0.167663
-0.348155
0.547581
0.807491
0.0641902
0.168451
0.143618
0.139862
1.05798
0.446851
0.13944
0.288358
0.533997
0.278981
-1.67644
-0.0610561
0.133367
0.143618
0.612849
0.541271
1.21487
1.3358
-0.343701
0.403064
1.24027
2.04331
-0.0356217
0.100768
0.148507
0.77856
0.558858
1.27503
0.697305
0.7249
0.646432
0.597805
2.09917
0.225826
0.121758
0.148507
1.03645
1.10396
1.12897
1.83753
1.66833
1.32982
2.1491
1.23533
0.148507
0.170975
1.04146
0.797274
2.13963
2.22511
1.94969
1.18924
2.08978
0.896895
0.48061
0.110923
0.368201
1.06208
0.122604
1.47396
0.509667
0.755681
0.289874
0.0143607
0.329836
0.221075
0.170103
0.340654
1.70723
-2.04084e-05
0.470983
0.238062
0.494873
0.157585
-0.00326907
0.283532
0.148507
0.0933516
0.237087
0.465745
1.43165
-0.292039
0.975103
0.266721
0.0633267
0.891029
0.138397
0.148507
0.123198
0.348255
0.157539
0.0052729
-0.27425
0.200859
0.343009
-0.165989
0.205314
0.178307
0.148507
0.148507
0.142408
0.462422
1.03932
0.196471
-0.180522
-0.15814
2.06331
0.164943
0.134315
0.148507
0.148507
0.224819
0.433025
0.600693
-0.167663
-0.348155
0.547581
0.807491
0.0641902
0.168451
0.143618
0.139862
1.05798
0.446851
0.13944
0.288358
0.533997
0.278981
-1.67644
-0.0610561
0.133367
0.143618
0.612849
0.541271
1.21487
1.3358
-0.343701
0.403064
1.24027
2.04331
-0.0356217
0.100768
0.148507
0.77856
0.558858
1.27503
0.697305
0.7249
0.646432
0.597805
2.09917
0.225826
0.121758
0.148507
1.03645
1.10396
1.12897
1.83753
1.66833
1.32982
2.1491
1.23533
0.148507
0.148507
0.170975
1.04146
0.797274
2.13963
2.22511
1.94969
1.18924
2.08978
0.896895
0.48061
0.110923
0.368201
1.06208
0.122604
1.47396
0.509667
0.755681
0.289874
0.0143607
0.329836
0.221075
0.170103
0.340654
1.70723
-2.04084e-05
0.470983
0.238062
0.494873
0.157585
-0.00326907
0.283532
0.148507
0.0933516
0.237087
0.465745
1.43165
-0.292039
0.975103
0.266721
0.0633267
0.891029
0.138397
0.148507
0.123198
0.348255
0.157539
0.0052729
-0.27425
0.200859
0.343009
-0.165989
0.205314
0.178307
0.148507
0.148507
0.142408
0.462422
1.03932
0.196471
-0.180522
-0.15814
2.06331
0.164943
0.134315
0.148507
0.148507
0.224819
0.433025
0.600693
-0.167663
-0.348155
0.547581
0.807491
0.0641902
0.168451
0.143618
0.139862
1.05798
0.446851
0.13944
0.288358
0.533997
0.278981
-1.67644
-0.0610561
0.133367
0.143618
0.612849
0.541271
1.21487
1.3358
-0.343701
0.403064
1.24027
2.04331
-0.0356217
0.100768
0.148507
0.77856
0.558858
1.27503
0.697305
0.7249
0.646432
0.597805
2.09917
0.225826
0.121758
0.148507
1.03645
1.10396
1.12897
1.83753
1.66833
1.32982
2.1491
1.23533
0.148507
0.148507
