010100010
001100110
001001010
011000010
000001000
000100000
011000100
001100010
001101000
011000100
011000000
001101000
010100000
010000110
010001010
010000000
001101000
010100110
000001100
010001010
010100000
000101110
010100110
000100100
001001010
010101010
011000110
011001010
000001010
011000100
001100100
000100110
010101010
000000110
011100000
001101110
000000010
001000110
000101110
001000000
001101000
010000110
001100100
011100110
001101110
001101010
000001100
000000010
010001000
010001000
001001010
001100010
000100010
000101010
010101110
000100110
010001010
010101100
011001110
011100010
000000000
111111111
