000
000
000
000
000
010
000
000
100
000
000
110
000
001
000
000
001
010
000
001
100
000
001
110
000
100
000
000
100
010
000
100
100
000
100
110
000
101
000
000
101
010
000
101
100
000
101
110
001
000
000
001
000
010
001
000
100
001
000
110
001
001
000
001
001
010
001
001
100
001
001
110
001
100
000
001
100
010
001
100
100
001
100
110
001
101
000
001
101
010
001
101
100
001
101
110
010
000
000
010
000
010
010
000
100
010
000
110
010
001
000
010
001
010
010
001
100
010
001
110
010
100
000
010
100
010
010
100
100
010
100
110
010
101
000
010
101
010
010
101
100
010
101
110
011
000
000
011
000
010
011
000
100
011
000
110
011
001
000
011
001
010
011
001
100
011
001
110
011
100
000
011
100
010
011
100
100
011
100
110
