010101000
110010000
111000000
000010000
011000000
101000000
100000000
110101000
110100000
010101000
110011000
110111000
101100000
001000000
111011000
001101000
100001000
111010000
100111000
000100000
001100000
001111000
101100000
100010000
000110000
001111000
101000000
010110000
110010000
011000000
011000000
010000000
011010000
000010000
110100000
111011000
011111000
110111000
100000000
110010000
100110000
011101000
100001000
001010000
111011000
101110000
100001000
101100000
011000000
010111000
011111000
000001000
110111000
001111000
110001000
000110000
001111000
101011000
100001000
110000000
000000000
111111111
