0000000000000000000000000000000000000011111100001100000000010000000001100000000011000000001001000000001100000000000000000
0000000000000000000000000000000000000111111100001000000000100000000001110000000000010000000000100000000010000000011100000
0000000000000000000000000000001110000011100000001100000000111000000000001000000100110000001111000000000000000000000000000
0000000000000000000000000000000000000000000000000000000000000000000000000000000000000000000000000000000000000000000000000
0000000000000001000000000111111110011000001100110000000001111100000000111100000000011000000000110000001111100000011110000
0000000000000000000110000011111100001110000000111110000011100110000100000110000000000100000000011000011000100000111110000
0000000000000000100011000011111100001101100000110000000011100000000111110000000000110000000000011000000111110000000011000
0000001000000001111100000011000000000000000000000000000000111100000000001100000000001000001100110000001111000000000100000
0000000000000000000000000000111110000111111000001100000000110000000001110000000000110000000011000000111100000000110000000
0000000000000000010000000001111000000010000000001000000000010000000000111000000000001000000000110000000011000000001000000
