1.846431016921997
1.7539219856262207
1.8364968299865723
1.8480730056762695
1.8518388271331787
1.8495230674743652
1.857560157775879
1.8577880859375
1.8370928764343262
1.8828151226043701
1.8696649074554443
1.8733460903167725
1.9314630031585693
1.8538048267364502
1.8868091106414795
1.8292763233184814
1.8726279735565186
1.8796217441558838
1.8045392036437988
1.8391978740692139
1.7408900260925293
1.873586893081665
1.8351831436157227
1.8765079975128174
1.8238558769226074
1.89162015914917
1.849113941192627
1.809570074081421
1.8202550411224365
1.8422927856445312
1.8272039890289307
1.8463070392608643
1.8784959316253662
1.858590841293335
1.8960721492767334
1.9010541439056396
1.8310880661010742
1.9367527961730957
1.8299741744995117
1.8749668598175049
1.8761439323425293
1.8626370429992676
1.8704309463500977
1.9195849895477295
1.8415558338165283
1.846674919128418
1.838057279586792
1.8826141357421875
1.8502779006958008
1.8285539150238037
