0000000000000011100000000101111100010001011000100001100001100110000001111000000001110000000100110000001000100000100011000
0000000000000000111000000111011000011001100000110110000000111100000000111100000011000100000110011000000100100000001110000
0000000000000011110000001100010000010000010001100000110001111111100001111111000010000010001100000100001111110000000110000
0000001100000000110000000011110000000101100000001011000000010110000000111000000011111000001110111000001111100000000000000
0000000000000001111101000111101110001100011100011001110000111111000000111000000011110000001111100000011110000000111100000
0000000000000001111100000111111100001100011100011001111000011110000000111000000011100000001111000000011110000000011000000
0000000000000111110000001100100000010001000000010010000000011100000000011000000000101100000001001100000011001000000011110
0000000000000001111000000110011000001100100000001111000000001110000000111100000011001000000110110000011111000000011000000
0000000000000001111100000110001000001000010000011001100000011110000000011000000001111000000110011000001100010000001111000
0000000000000000011100000011111000000100010000001001000000010100000000111000000001110000000100110000001111100000001100000
