0
0
0
0
0
0
0
0
0
0
0
0
0
0
0
0
0
0
0
0
0
0
0
0
0
0
0
0
0
0
0
0
0
0
0
0
0
0
0
0
0
0
0
0
0
0
0
0
0
0
0
0
0
0
0
0
0
0
0
0
0
0
0
0
0
0
0
0
0
0
0
0
0
0
0
0
0
0
0
0
0
0
0
0
0
0
0
0
0
0
0
0
0
0
0
0
0
0
0
0
0
0
0
0
0
0
0
0
0
0
0
0
0
0
0
0
0
0
0
0
0
0.520079
0.414714
1.35487
0.237155
0.110097
48.1328
0.01784
-0.152183
-8.35977
1.03052
-0.317583
-0.305815
-12.2195
0.101911
0.632597
-0.396291
-0.832421
-5.29816
0.119134
0.137441
0.610149
-0.0688737
0.526672
2.44904
-0.12024
0.0834354
0.0386036
0.482804
0.218058
0.397028
-0.705634
0.153419
0.0218608
0.13974
0.00237616
0.413194
0.462367
0.312905
11.875
0.314328
0.330939
-0.0977211
0.262084
-0.137824
0.585829
0.543197
0.368854
10.484
-1.69763
3.96571
2.53425
-2.09379
-1.23523
-1.89329
2.43283
0.50578
1.16498
-1.52442
0.762792
-0.987229
-1.09188
-0.109598
-1.16741
0.884743
-1.09042
0.277486
0.347124
0.861612
12.9249
0.379172
0.351376
-0.0427444
-0.0334884
-0.24632
-0.103949
1.14549
0.193602
1.79534
0.124585
-0.562681
-9.72273
1.03784
0.386943
0.0494196
-0.131653
-0.115355
-0.157301
-3.1982
-0.0325534
-0.760036
0.801024
-0.380486
-0.277508
-8.254
-0.307559
0.748206
0.473415
-0.0306127
-0.166416
-0.120381
-0.238293
0.18201
-0.221039
-0.226661
0.935166
-1.46376
-0.288786
-26.5125
-0.398926
-0.252881
0.506696
0.367609
0.02119
-0.094729
0.140395
0.103627
0.261898
0.201935
-0.205737
0.80768
0.175303
-0.471322
26.2274
-0.312606
-0.473448
-0.550556
-0.0789268
0.117924
-0.0544092
0.448685
-0.394399
-0.501338
-0.21756
0.0955617
-0.127177
0.944068
0.00303156
-0.404473
-20.486
0.0410122
0.141261
-0.163227
-0.316676
-0.561531
0.0632447
-0.269112
-0.400062
-0.827189
-0.401669
0.048874
0.103515
0.022093
0.974482
-0.470554
-0.165791
7.96932
-0.336526
-0.164289
0.0747296
0.352419
0.188277
-0.699152
-0.410111
-0.407603
-0.354098
-0.0211012
-0.048802
-0.107331
-0.0872215
-0.102273
0.759405
-0.436219
0.138467
3.17298
-0.0370077
-0.19331
-0.214256
0.195973
0.662667
0.835444
-1.50844
-0.380077
-0.682849
-0.0369311
0.134441
-0.0113872
-0.0528395
0.0101708
-0.0132601
0.618895
0.0824921
0.0915645
0.441088
-0.16227
-0.342595
-0.168133
-0.14982
0.111536
0.690671
7.11434
0.37654
0.0206087
0.428483
0.00819253
0.0308393
0.0309595
-0.123297
0.214861
-0.0799315
0.362932
0.502434
0.347315
6.58489
0.451689
-1.00712
-0.416627
-0.251643
0.156926
-0.203919
1.07252
0.790959
0.407412
-0.565164
1.06483
0.286504
-0.157563
0.0640785
-0.163471
-0.277227
-0.531572
0.212387
0.409246
0.915556
1.4988
0.0848505
-0.0976316
-0.0724459
-0.0379567
-0.0903544
0.307308
-5.50009
0.226535
1.74579
0.714389
1.01366
0.429911
0.156044
0.167524
0.0300049
0.0736932
0.205022
-0.265095
10.9515
0.12945
0.0352794
10.1371
0.264236
0.0237918
0.0150052
-0.0683986
-0.0180208
-0.0599422
-1.60586
-0.00714417
-1.17174
0.933669
0.830441
0.341776
0.391216
0.111817
0.0377227
0.135359
-0.0250387
0.108199
-32.2471
-0.324713
-0.353034
-0.0268891
-3.12917
-0.0904325
0.0900792
0.0217229
0.0069432
-0.111383
0.0452416
-0.218141
0.185256
-0.963166
-1.00514
0.112136
0.826961
0.286576
0.211486
-0.163022
-0.00469227
0.0754558
0.0709204
42.1811
-0.919794
-0.149417
0.434046
-0.4582
-11.9338
-0.273696
-0.178948
0.0602633
-0.0308926
0.00446664
-0.0257424
-0.0177695
0.144474
-0.835432
-0.525463
-0.54775
-0.143737
0.686584
0.278085
-0.0354663
0.0485442
0.0225099
-0.103342
-26.6247
0.688138
-0.128236
0.197081
0.284237
-0.474177
-14.5104
-0.586286
-0.423588
-0.14277
0.0664133
0.111773
-0.0248386
-0.869013
-0.211754
-0.105747
0.015656
-0.330514
-0.419665
-0.389381
0.757455
0.220881
-0.00823249
0.0187213
-0.0822557
9.93698
0.963923
-0.0825122
-0.0294631
0.460553
0.757025
-0.702695
5.31633
0.0145487
-0.225477
-0.420403
-0.183577
0.0070855
0.00590677
0.406407
-0.116124
-1.20876
0.510778
0.0870454
-0.109745
-0.346021
-0.350518
-0.0633801
0.10967
0.177922
0.162456
18.2599
-0.530127
0.290643
-0.0374726
0.0116338
0.929852
-0.520691
0.0772141
-8.47657
0.132704
0.0485613
-0.0673647
-0.373714
-0.32254
-0.100584
0.102796
-0.121413
0.887223
-0.0547435
0.046604
0.0122858
-0.0344218
-0.116582
0.0251872
-0.565126
-0.252765
0.128511
-16.9655
-0.128973
0.00145152
0.179285
0.0827575
0.0810264
0.828974
0.0852988
-0.269459
-2.38897
0.00398257
0.04364
0.038298
-0.0405357
-0.309936
-0.308297
-0.379197
-0.214406
0.10964
-0.0410847
0.116577
0.00541087
0.0198013
-0.181643
0.17597
0.42356
-0.659847
-0.405455
0.660701
0.180758
0.0349179
0.0788826
0.0262225
0.0283787
0.144668
0.586668
0.0707248
0.295922
-13.6832
-0.0439455
-0.188528
-0.111593
0.0601351
0.0214247
-0.336485
-0.582827
0.0889935
0.584925
0.0229596
-0.00801551
0.0198326
0.110481
-0.0459069
-0.211463
0.452993
0.565972
-0.662149
-21.4352
-0.0406625
0.0879737
-0.0695596
0.0177817
0.0179793
0.0172705
-0.0388643
0.104835
-0.14829
0.0275834
-9.24115
-0.169087
-0.00622051
-0.0554668
-0.145286
0.0629561
0.11867
0.409421
0.126861
0.133801
0.224721
0.10056
-0.0311835
-0.141995
-0.0622842
0.0214661
0.00678056
0.633221
1.14254
-14.0014
-0.267126
0.154485
0.0262152
0.0313056
-0.0334657
-0.0508991
0.0236544
-0.241011
-0.0166183
0.399103
0.300028
-22.5132
0.100796
-0.575017
-0.148918
-0.0680481
-0.13941
0.0450092
0.00407992
0.176367
0.286557
-1.84737
-0.288667
-0.0591972
-0.312537
-0.0190168
-0.111651
0.306495
0.262074
0.677574
56.7676
-0.583698
-0.103835
0.0339599
0.142316
-0.0165958
0.0326496
-0.0398374
-0.0589814
-0.385004
-0.690103
0.266102
0.711724
8.95404
-0.343295
-0.127059
-0.0217706
-0.0788047
0.0184309
-0.0277385
1.21828
0.107667
0.206803
0.409173
0.229275
-0.215756
-0.0454639
-0.091343
-0.0144767
0.0329976
-0.00532368
0.0640784
1.51112
2.03836
0.871866
0.0453944
-0.0237834
0.0832495
-0.0257027
0.0614323
0.0216096
0.0544883
0.0238223
-0.614115
-0.107464
-0.388498
-2.23347
-0.235043
0.0252349
-0.08295
-0.0569145
-0.0140455
-0.0334105
-0.730426
-0.289912
-0.0735296
0.288579
0.374981
0.102789
-0.00840084
0.0530718
0.0404863
0.0646459
0.0467371
-0.0175269
-10.1559
-1.30943
0.93917
0.661005
0.00235277
0.100756
-0.0144015
0.0610713
-0.0465653
0.15381
0.0397306
0.220702
-0.338497
0.584844
0.24427
2.73468
0.0873888
0.0806558
-0.00238372
-0.0730787
0.0314813
-0.075187
-0.0113607
0.0640506
-1.11825
-0.615224
-0.120862
0.0975653
0.00315563
0.0375872
0.189792
0.0509012
-0.0294677
0.0490672
19.3834
-1.08563
-0.68277
0.354422
0.712648
0.134302
0.137464
0.0385675
-0.00633337
0.0991257
-0.00504449
-0.0759315
-0.255633
-0.228137
0.354966
-0.157809
4.20032
-0.0507232
0.134252
0.150178
0.0238933
0.0334445
-0.115182
0.737021
-0.153417
-0.165851
-0.464402
-0.356131
-0.308197
0.0974974
0.0384193
0.039519
-0.0212473
-0.0377448
0.0280343
-34.7381
-0.992793
-0.435947
-0.613791
0.194412
0.67568
0.302251
0.12162
0.0957639
0.0589964
0.0482462
0.0232878
-0.191487
-0.274183
-0.0782009
0.412808
0.0479676
-29.7868
-0.177237
-0.221653
0.0601416
0.0983128
0.0380002
0.0731001
-0.113351
0.0433104
0.45761
-1.11715
-0.511782
-0.366961
-0.262279
-0.146007
0.0560337
0.0310757
-0.112405
-0.0450798
-9.27482
-3.63231
0.0612078
-0.18906
-0.601922
0.0166571
0.770718
0.339442
-0.00913418
-0.00587715
0.045967
-0.0785681
0.10303
0.00696016
-0.182524
0.368346
-0.0468964
0.172162
13.544
-0.290105
-0.302977
-0.231797
-0.292074
-0.00104758
0.104249
0.28464
0.128375
-0.618706
0.301083
-0.269159
-0.0605453
-0.342808
-0.376754
-0.483037
0.0242147
0.0278052
0.0240117
-7.71683
-0.948285
-0.105305
0.125787
-0.151509
-0.472967
0.160793
0.297837
0.331726
0.237071
0.19767
0.138715
0.401176
0.164598
0.181009
0.0212246
1.12082
-0.242748
-0.321051
15.0184
0.258655
0.00116927
0.0491796
-0.00434474
-0.256339
-0.443388
-0.391259
0.120357
0.567273
-0.129988
0.319823
0.0960025
0.193784
-0.168252
-0.206421
-0.456859
-0.348514
-0.0852378
-11.6128
1.70138
0.155304
-0.0267345
0.0447874
-0.0529186
-0.0636018
0.807853
-0.875836
-0.375999
-0.0389644
0.0779355
0.117367
0.0723598
0.0662186
0.140632
-0.031238
0.952796
0.267748
0.0484583
24.3821
0.0375345
0.0765215
0.0035275
0.0491236
0.00687671
0.0767001
-0.189285
-0.0281916
-0.6918
-0.163475
-0.00923503
0.00427717
-0.00027234
0.170493
-0.119671
-0.297045
-0.230506
-0.259604
-14.4903
0.427268
0.121254
0.068617
0.0683699
0.0246719
-0.0490702
0.0604381
0.738481
-0.520065
-0.344613
-0.13551
0.140958
0.0525745
0.157252
0.0292078
0.123621
0.164498
0.617387
-0.276449
0.605155
1.84426
-0.0297619
0.0338368
-0.0183152
-0.0971397
-0.0255362
0.102429
0.0809553
0.0979869
1.06088
0.666948
0.017716
-0.0677227
-0.0361835
-0.0320673
0.130955
-0.0878163
-0.0151942
-0.277598
3.26373
0.120582
0.0466903
0.172178
-0.0235261
0.00278777
0.0957235
-0.096941
0.115019
0.844361
-0.424732
-0.345933
-0.0941587
-0.0690488
0.0741296
0.0558292
-0.0145703
0.123204
-0.199049
0.180448
-0.260652
-0.357011
3.37738
-0.0657343
0.160066
-0.107903
0.0224776
-0.179474
-0.197683
-0.257649
0.029139
0.0833029
0.336442
-0.214681
0.0244468
-0.0655284
-0.0326982
0.0634633
-0.000990364
0.277143
0.0868806
-1.14343
-0.561332
-0.0716159
0.00669908
-0.0182887
-0.0397262
0.0164676
0.0578724
-0.0569002
0.154477
0.96562
0.234399
0.192499
0.111987
0.0706781
-0.0231728
0.0558934
0.139772
-0.122984
-0.438886
-0.0501888
0.407297
0.284679
27.1976
-0.635704
0.107327
-0.0912586
-0.104434
-0.0375289
-0.169251
-0.885334
0.14697
0.30397
-1.16485
-0.0487471
0.0131548
0.147743
-0.0922052
-0.063053
-0.0251558
0.131508
0.149871
14.7835
1.87491
0.162242
-0.00297879
-0.0138568
-0.00569911
-0.0717472
0.140115
0.0304392
-0.00177327
0.460644
0.750354
-0.245512
0.105968
0.00444464
-0.206212
0.154686
0.056559
0.192398
-0.165782
-0.34658
-0.820334
0.195651
0.885893
3.47345
0.0903681
-0.194367
-0.102262
-0.0356317
0.0386702
-0.0205037
1.24157
-0.0584071
2.28255
-0.530376
-0.0737441
0.0183573
-0.00022397
-0.068823
-0.0277468
-0.062242
0.0123788
0.16113
-23.9668
1.02647
0.337139
-0.0691385
0.271401
0.110854
-0.0553127
0.135762
0.115955
0.0536372
-0.0163764
-0.122712
1.16798
0.754047
-0.255262
-0.0250998
0.0714858
-0.0518636
-0.0825513
0.00746419
0.147343
0.0973971
-0.00985867
-0.717681
-0.0477655
1.26335
0.119472
-0.119424
-0.0377793
0.00165281
-0.00649218
-0.075152
0.0607904
0.0462789
-1.02034
-0.05687
-0.0118242
-0.0580373
0.108348
-0.129705
-0.0511505
-0.0472881
0.0732969
0.0222621
16.5942
-0.270834
0.0882888
0.192082
-0.0204176
0.148712
0.0419015
-0.0109997
0.061511
-0.0339196
0.0527903
0.223112
-0.361457
1.06344
0.557107
-0.109579
0.147518
0.0382261
-0.0146592
0.0526758
0.0951982
0.167936
0.236254
-0.285665
0.147772
0.251503
-6.28492
0.265986
-0.0517914
-0.115779
-0.0166145
-0.0781347
0.171094
0.0998515
0.261418
-0.324011
-0.0459597
-0.049033
0.119165
-0.0137724
-0.0656225
-0.171138
0.100042
0.0982684
0.0633423
8.57597
-0.649701
-0.297652
-0.17833
0.166444
0.0881587
-0.0969822
0.12992
0.0551369
-0.0397326
-0.0621734
-0.114349
-0.359658
-0.505701
0.61925
0.61406
0.0732935
0.272181
-0.0648646
0.0182432
0.096517
0.282365
0.170584
-0.305894
-0.269983
0.384154
0.0361052
-6.78835
0.447474
0.104324
-0.0156325
0.052599
0.0304346
0.0344932
0.247407
0.0730518
0.255137
-0.667291
0.177402
0.0474541
0.180683
-0.0752802
0.199626
0.130644
0.0952119
0.0392969
48.6689
1.50485
-0.293738
-0.304402
-0.141651
0.201877
0.0596739
0.0542562
0.0293629
0.0933253
-0.0151075
-0.0301003
-0.602921
-0.392095
-0.591871
0.639121
0.626076
0.311231
0.188629
-0.0322787
-0.0302116
0.016572
0.160631
-0.321198
-0.430723
-0.298136
0.279041
0.241282
1.85351
-0.3937
-0.116852
0.0338174
0.113488
0.253328
0.279676
0.68529
0.212662
-0.286742
0.584482
0.0271864
0.206437
-0.131844
0.214267
0.32286
0.420961
0.0256849
-0.0413253
-26.9799
1.20771
-0.385825
-0.209745
-0.190088
-0.292007
0.242062
0.312288
0.0237282
0.116991
-0.292643
-0.236163
-0.313079
-0.000295995
-0.302878
-0.79648
0.564007
0.537308
0.238515
0.0331564
-0.123559
0.207417
0.0537696
0.178852
-0.0494534
-0.366114
0.398029
0.380751
0.315839
5.58004
0.255341
0.0458587
0.0346533
0.103324
-0.155539
-0.201459
-2.41946
0.239473
0.214398
0.525979
0.293361
-0.254645
0.0675515
0.00894863
-0.0508533
-0.117467
0.264466
-0.285655
-17.0265
0.51159
0.0419438
0.16156
0.0990005
-0.081275
-0.336891
0.0843293
-0.127148
-0.415481
-0.030435
0.298617
-0.807925
-0.212781
-0.177269
0.226598
-0.284981
1.16314
-0.151261
-0.144009
0.00564531
-0.0176924
-0.265084
0.253884
-0.207479
0.113021
-0.709872
1.03542
0.0179075
0.207423
-35.5797
-0.0799515
0.134015
-0.0112171
0.0605355
0.186817
0.131639
0.137226
0.177475
0.971982
0.751842
-0.286173
-0.0229968
0.0425981
0.197973
0.0201743
0.162665
0.0663635
0.118599
44.5293
-0.717512
0.208994
-0.0458212
0.103651
0.0211509
0.0477419
0.0157995
0.162965
-0.155435
-0.00879753
-0.310553
0.1487
-0.0571677
-0.0106451
0.0184984
-0.0195027
-0.0113982
1.14626
0.0476372
-0.396055
-0.133256
-0.335701
-0.0606291
0.00291619
-0.102986
-0.0552233
0.0479575
1.02529
0.270428
-0.250296
-12.1428
-0.0785341
0.0136571
-0.0171095
-0.025311
0.0865378
0.0503301
-0.0326543
-0.0687162
0.166386
0.548517
0.0501751
0.158541
-0.00450757
0.0279083
0.138161
0.077838
0.108648
0.0086767
3.75734
-1.88499
-0.125405
-0.00863623
0.0733852
-0.0476191
0.0415273
0.0965146
0.00279559
0.0710216
-0.0350507
0.126026
0.0542668
0.0146839
-0.0445525
0.0407698
0.0350509
-0.0232944
-0.0486134
0.86237
0.0599856
-0.343543
-0.295615
0.150447
0.0173941
0.0875924
-0.0255658
0.126986
-0.399152
0.38688
-0.260109
0.125771
-2.65645
0.0135359
-0.0380042
0.00383279
-0.10322
-0.0486753
0.0323149
-0.397936
0.0175118
1.15373
0.0247267
-0.0122742
0.119385
-0.047042
0.162938
-0.0126733
0.0213261
0.150232
0.186548
3.60824
0.103077
0.0717358
0.0655982
0.0379684
-0.121473
-0.0642218
0.0292962
0.0348444
0.0376959
0.0345883
-0.229409
0.17903
0.0546452
0.0602152
0.0427422
0.119865
-0.0223954
0.0188103
-0.0966544
0.911177
-0.00266951
-0.323944
0.0711963
0.227154
0.0824909
0.161272
0.274904
0.705473
-0.117198
-0.111591
-0.12903
0.0660226
5.41282
-0.066767
-0.0199633
0.0396884
-0.0415659
-0.0186544
-0.115286
0.0343125
0.10913
-0.709866
-0.121752
0.101823
0.093161
0.152127
-0.069627
0.0369751
0.0536444
0.0953468
0.126903
-0.144102
-0.430861
0.286695
0.0826206
0.0405046
0.06107
-0.0111091
0.0996275
0.149779
0.11558
0.135779
0.353547
0.0803869
0.0026746
0.0761603
0.111556
-0.0926444
0.0651567
0.0814169
-0.0220413
-0.330291
1.10828
0.551785
0.177672
0.0956843
-0.00125635
0.160164
0.220427
-0.00732181
-0.200504
-0.369682
-0.23254
0.418291
0.332372
5.22402
0.190684
-0.0552226
-0.0741927
0.045104
-0.120107
-0.211815
-2.40351
0.216191
0.389252
-0.0202705
-0.0972611
0.00418721
-0.0463833
0.0702619
-0.0539631
-0.0235742
-0.0505029
-0.260346
-40.835
-0.89708
0.0624406
0.115355
-0.0461687
0.0681333
-0.130975
0.0855291
0.198194
0.132593
0.485676
0.136804
-0.183649
-0.0351876
0.0340766
0.146527
-0.14536
0.0222903
0.00879417
0.061695
-0.00803082
0.58234
0.865074
0.0187832
0.382966
-0.0412541
-0.370562
-0.0879266
0.223895
0.0711839
-0.32198
-0.441296
-1.05013
0.142132
-0.399917
-8.08397
0.00970548
-0.0278378
-0.0951134
0.0500618
0.0428183
0.0014876
0.0675114
0.316222
-0.344338
0.113209
-0.198953
-0.0609135
-0.0476812
0.0180578
-0.0401548
-0.0303478
0.0191439
-0.0344277
-10.245
0.167289
-0.134774
0.00882823
0.0656712
0.0611378
0.1133
-0.00185537
0.0258153
0.0484851
0.130686
-0.0172838
0.164507
0.369516
0.0640828
0.125318
0.144728
0.0628485
0.113217
-0.005619
0.202893
0.111832
0.0440488
0.961314
0.0659986
-0.205267
-0.0231396
0.000836606
0.0784001
0.327163
-0.0427568
-0.0467786
0.0847323
0.0210503
0.900897
0.26555
1.57289
-0.292639
0.0213543
-0.045568
0.0169723
-0.00668301
0.101488
0.367883
0.0067624
-0.152111
-0.164272
0.113028
-0.0275789
-0.0891555
0.0235256
0.0732882
0.100408
0.0413135
0.11587
-23.3842
0.191873
0.000213208
-0.0923838
0.0632644
0.0831418
-0.08685
0.017513
0.0903495
0.131243
0.00965781
0.401706
0.00375097
-0.0150497
0.095218
-0.119802
0.242262
0.0364699
-0.0202138
-0.0170657
0.133878
0.0419915
0.164594
-0.408968
0.988633
0.301467
-0.224857
-0.0292333
0.123441
-0.127215
-0.0441398
0.10927
0.170737
0.473267
-0.394331
0.237691
-0.274723
0.928862
-0.0974384
-0.00264417
0.0486347
0.00762517
0.0331751
-0.0690574
0.262172
-0.107477
0.049352
0.468412
0.168771
0.203973
-0.0131924
0.0991178
0.0118752
0.0886744
0.0625277
-0.0862965
-23.3887
0.945922
0.193878
0.0248038
0.0334835
-0.121632
0.0936929
0.0403505
0.0357249
0.0818681
0.182872
0.284495
-0.175868
-0.0293677
0.0332762
0.203296
0.179336
-0.0495323
-0.0490491
0.0784982
0.121341
0.165323
0.174648
-0.486771
-0.365083
0.930134
0.456946
-0.419527
-0.0107107
-0.0717501
0.291008
0.129861
0.105171
0.0303
-0.312025
-0.426601
-0.199265
0.133394
-7.06036
-0.17822
0.103347
0.0991155
0.0492623
-0.0782
-0.0143482
0.0838716
0.164507
0.646848
0.269338
0.173418
0.146807
0.0880293
0.0892319
-0.0791089
-0.035115
0.144754
0.0813976
-45.2271
-1.23457
-0.0974768
-0.024366
0.127327
0.0435358
-0.0596096
-0.0391113
-0.00183833
-0.0340584
0.0407782
-0.102704
0.165983
-0.104379
-0.187189
-0.0892639
0.333327
-0.0973833
-0.0745448
0.107233
0.151776
0.0060714
0.177797
-0.108979
-0.131828
-0.333432
1.14096
0.59094
0.0030234
0.107279
0.0467903
0.0259908
0.0011953
0.1155
-0.148503
-0.29353
-0.308264
0.373481
0.303654
-17.1572
0.0574287
0.0207046
0.0567721
0.00113559
-0.100202
-0.0557288
-0.560333
0.23829
0.062013
-0.711676
0.119795
0.154384
0.206909
0.451141
-0.140548
0.0753498
-0.0354812
0.10563
38.1229
1.89099
-0.349548
-0.0297561
-0.0820006
0.175237
0.158461
-0.136127
-0.054624
-0.148686
0.324148
0.108164
-0.603549
-0.00124311
-0.064682
-0.0814769
0.0117066
0.140963
0.357153
-0.0420793
0.113587
0.0170244
0.206615
-0.045494
-0.0365655
-0.151389
-0.284252
1.70695
0.768498
-0.184013
0.246066
0.275666
-0.0397951
-0.32441
-0.278186
-0.0540737
-0.00645713
0.415567
0.302759
0.280815
-25.5904
-0.0975868
0.0181398
0.0804991
-0.0530859
0.0956916
0.117829
0.155647
0.191239
0.136054
0.157805
-0.10711
-0.0701219
0.0193542
0.0187637
-0.0752982
0.0486001
-0.0800058
0.0962758
-10.1897
0.293576
-0.142776
-0.0127176
-0.0413505
-0.0566267
0.0514794
-0.141688
0.00650947
0.101017
-0.191496
0.061772
0.49059
0.000475066
-0.0379835
-0.008316
-0.0548384
-0.234583
0.0197893
0.11323
-0.0169013
0.0115267
-0.0506448
-0.247118
-0.00663913
0.0203311
0.0875222
0.271937
1.74223
0.423506
-0.174433
-0.123308
-0.0751598
-0.0697479
0.220186
-0.0919151
-0.0350009
-0.326891
0.573261
-0.311254
0.0714536
3.91849
0.022499
-0.131709
0.0779945
0.101824
0.0635191
0.0427676
0.0930063
0.0746672
-0.854988
-0.549557
0.242933
-0.0195091
-0.00683949
0.0291137
0.139371
-0.0578443
0.106647
0.120441
-12.9253
0.331355
0.0284567
-0.00905079
0.0399862
0.0490481
0.070536
0.0634369
0.0591333
0.189759
0.0426148
0.128938
-0.00538872
0.00478196
0.0449138
-0.0193806
0.0413951
0.171867
0.025037
0.242386
0.0584027
-0.0820936
-0.0457624
-0.155338
0.0799308
0.115778
0.0582835
0.193114
0.483483
1.0074
0.580899
-0.127032
-0.106586
0.366707
0.0199805
-0.0255408
0.0468468
0.0527239
-0.182663
0.245728
0.140138
0.148645
-2.44875
-0.0267833
0.0868725
0.0222582
0.00261323
-0.0495326
-0.03272
0.0112487
0.262723
-0.170701
-0.388686
-0.0789071
0.0346786
0.109976
-0.103436
-0.0188317
-0.0843717
-0.065646
0.115643
-33.5721
0.642895
0.149693
0.0317187
0.0549568
0.058013
-0.000634994
0.069603
0.0986846
-0.00276261
-0.0101155
0.233133
-0.000318903
0.035581
0.143563
0.0514861
0.00689755
0.0197034
-0.00799716
0.0772285
0.141098
-0.00777985
0.0145483
0.140757
0.0567223
0.195858
0.155779
0.0114237
0.0742949
-0.120144
0.971524
0.569161
-0.258945
-0.056048
0.0814196
0.0503841
0.012282
-0.00974607
-0.0254015
-0.106985
0.0248354
-0.957992
0.187491
9.26686
0.115609
0.0391951
-0.030192
0.0583382
-0.0488975
0.0173526
-0.376628
-0.0098297
0.624904
0.0779213
0.300975
0.161862
0.0990473
0.0318512
0.0206453
-0.0154825
0.0158018
-0.0150587
-31.6626
-0.967205
-0.052964
0.0316862
0.130354
0.058211
-0.0109149
0.0442488
0.095796
0.0398021
0.0290248
0.0203436
-0.0290222
0.126687
0.0150832
0.0573398
-0.00519344
0.130021
0.0092149
-0.124991
-0.0406267
0.247225
-0.0427571
0.10485
0.0517923
0.146911
-0.100204
0.11843
0.0724833
-0.134191
-0.423
1.02166
0.463212
-0.468816
0.0567722
0.151051
0.0517559
0.0380424
-0.110993
0.0706009
-0.231588
-0.212803
-0.0153978
-0.106579
-6.50717
0.00685553
-0.0595563
0.0365632
-0.0514303
-0.100371
-0.123802
0.0147443
0.295839
0.383587
0.313783
0.0522843
0.137038
-0.0831883
0.129024
-0.189045
-0.110142
-0.317727
0.028889
-9.08227
-0.0421897
0.121701
0.0858952
0.0465743
-0.0278637
0.0978047
-0.0666548
0.0264268
0.210344
0.137347
-0.164735
0.143173
0.110928
0.164825
0.187812
0.136318
0.0268731
-0.141778
0.0468773
-0.08537
0.00700686
0.565432
0.275342
0.133078
0.135876
0.0563292
0.260535
0.277707
-0.146027
-0.073655
-0.587083
1.11894
1.19099
0.125295
0.119115
0.126577
-0.00017907
-0.116791
0.0247171
0.00817897
-0.273342
-0.549704
0.466078
0.349374
8.10037
-0.345172
-0.0336545
0.0676208
-0.271188
-0.175535
0.42455
1.95755
0.271881
0.42926
-0.0264869
0.397652
0.159552
-0.0240929
-0.15197
0.474693
-0.348121
-0.0483748
-0.166324
12.3151
-5.57785
0.381832
0.0406546
0.417645
0.0467278
-0.045103
-0.0710586
-0.0533697
0.148941
-0.0365951
-4.18822
-0.173647
0.328476
-0.0762175
0.238059
-0.102857
0.0763871
-0.234947
0.0111732
0.0295927
0.218182
0.0366413
-0.0189743
0.112201
0.0560118
0.164868
-1.90667
0.209481
0.944643
0.392317
-0.0354636
-0.142289
1.01368
0.237714
0.849211
-0.122337
-0.257576
-2.10291
-0.0479827
-1.07364
-0.212829
-0.51661
-0.844762
0.184194
-0.158466
-3.81012
-0.206397
0.00630701
0.00877597
0.00696199
-0.0100266
0.176496
0.00396967
0.257929
-0.624085
0.0406703
-0.0210506
0.0319489
-0.0157566
-0.0624845
-0.0184831
0.119907
-0.0112924
0.0531316
-15.0252
0.760851
0.00100998
-0.00391391
0.0227034
-0.0208493
-0.0779174
-0.00348818
0.0730587
0.154767
0.0563877
0.00859897
0.0244521
-0.0110999
0.127819
0.0682992
0.0514389
0.0972343
-0.111315
0.0693709
0.0109818
0.104527
0.0326554
0.137488
0.229697
0.037191
-0.0137476
-0.381108
0.0171375
-0.0200736
0.139049
0.139939
0.11877
0.0379263
0.963503
-0.419685
-0.286934
-0.284653
0.550179
-0.0701127
-0.00381534
0.106437
0.12921
0.00376419
0.438835
0.761742
0.275208
4.12605
0.0975408
0.0204215
0.0179325
-0.0207015
0.0328996
-0.022931
0.507973
0.0264173
-1.66502
0.197814
-0.118163
-0.0273042
0.0848536
-0.00101447
-0.194641
0.063395
0.0551083
0.126085
-13.0684
0.385982
0.0556435
-0.0183642
-0.0114035
0.0788189
0.0305232
0.0566147
0.0123302
0.0853903
0.115441
0.36856
0.0686472
0.0305239
0.127527
0.0448795
-0.0919146
0.0182299
0.160679
0.0723501
0.142509
0.0477971
0.454765
0.104266
-0.0265029
0.0540663
0.0917524
-0.0890379
0.36443
0.114139
0.121683
0.142282
0.102831
0.227005
-0.0478051
0.892786
-0.16004
-0.308037
-0.0250937
0.0132128
-0.0254104
0.0911623
0.0738427
-0.0620389
1.18149
-0.410424
0.314014
0.629276
-7.75703
0.150655
0.0628483
-0.00153114
0.0289354
0.125711
0.0336836
-0.312043
-0.103698
-0.14933
0.13984
0.0417769
0.00147877
0.0581102
0.00763431
0.00823692
0.0241058
-0.0167035
0.112012
18.2235
1.47131
0.00307212
0.0158521
-0.0422056
0.100937
0.031674
0.0375143
0.114969
0.0539829
0.0278207
0.248272
0.050688
0.0553709
0.083556
-0.0215909
0.0162679
0.101471
0.0350662
0.160996
0.0861676
0.000403097
-0.15031
0.139577
-0.118125
0.0405473
0.257244
0.377477
0.177962
-0.150914
0.00595171
0.113298
0.0695001
0.128417
-0.250953
-0.0986665
0.939271
0.0227333
-0.0904484
-0.170313
0.0103552
-0.007431
0.0449781
0.0828757
0.0288367
-0.347601
-0.301188
-0.0946906
-0.161749
10.5976
0.0824677
-0.0437208
-0.0346706
-0.00470601
0.0757333
0.0762118
0.00588408
0.0996195
1.38774
-0.171431
-0.00776385
0.0862932
0.0565909
-0.0525774
0.0995886
0.0836427
0.0240377
0.0683778
0.882037
-0.0902949
0.193269
0.168142
0.0685928
0.0170714
-0.0853163
0.00751012
0.0247073
0.0605587
-0.049857
0.0633494
-0.0326564
-0.00162408
0.16692
0.0734505
-0.0114814
-0.0657966
0.0449675
0.0595015
-0.0817185
0.102923
0.101387
0.105365
0.0446728
0.0619467
0.127748
0.00861347
-0.0403674
0.0391072
0.07769
0.00680952
0.109685
-0.027477
0.202683
-0.153176
0.0883887
0.949049
0.523151
0.046948
0.013189
0.0644015
0.0931487
-0.0556242
0.896183
-0.117221
-0.27092
0.0103396
0.197394
0.34546
16.2191
0.21802
0.00275458
0.0985548
0.0169337
0.040658
0.011368
0.685365
0.127317
-0.0471291
0.00308679
0.024422
-0.185233
0.126994
-0.108426
-0.0548969
-0.00623658
-0.0955499
0.116503
-4.02715
-0.515211
-0.0411224
-0.024668
-0.0162786
0.0648361
-0.0544473
-0.0216261
0.0639536
0.108092
0.0134004
0.0134562
-0.225157
0.0558877
0.0135824
-0.122513
-0.115225
0.0522345
0.116884
-0.0977474
-0.052008
-0.0329276
0.0212826
0.0791027
-0.0179795
0.0679237
-0.1366
-0.460177
-0.342804
0.0874367
0.0355154
-0.0968151
0.038298
-0.0689132
0.0131519
0.0824059
0.112573
0.181119
1.04519
0.552549
-0.0227248
0.0199775
0.0532222
0.0713211
-3.87207
0.0515164
-0.085468
0.0494627
0.383191
0.0244391
0.0143748
9.79392
-0.0277389
0.0565212
-0.0144246
0.0245986
0.0218038
0.0349966
0.353745
0.0357201
-1.26519
0.00604941
-0.261642
0.00410988
0.00521712
-0.0199532
0.124352
-0.0250193
0.0730539
0.15239
-1.86168
0.783872
0.119182
0.0501281
0.109374
0.0279656
-0.0418175
0.000931872
-0.0125387
0.0663711
-0.0149635
-0.0462759
0.15845
0.0570094
0.099333
0.047798
0.0763044
-0.00741284
0.162646
-0.0146035
0.133614
0.0845009
0.214498
-0.0898505
-0.0740721
-0.025352
0.177934
0.190727
-0.0669695
0.0820772
0.0389287
0.035077
0.0358861
0.0663945
0.0581117
0.0793319
0.0542542
0.0142736
0.183322
0.889081
0.525694
0.007994
0.081989
-0.00805024
-0.82062
-0.0347239
0.0687612
0.0921073
-0.0957373
0.40418
0.317045
-0.187412
2.73054
0.0797211
0.111537
-0.0209611
0.00512058
0.0148072
0.0636808
-0.410533
-0.175932
1.12269
0.319828
0.088853
0.101022
-0.0193159
0.196663
-0.0599837
0.0279068
0.0844719
-0.00838755
41.0549
-0.560886
0.00566735
0.0135144
0.0478755
0.0813747
0.0560354
0.0651097
-0.00824954
0.0424875
0.0579042
-0.176482
0.0712541
0.0647859
-0.0757158
0.167117
0.15814
-0.0685548
0.195236
0.0700856
0.00484668
0.17328
0.242699
-0.0650834
-0.0333088
0.0257699
-0.069295
-0.102239
-0.347047
0.0894674
0.209638
0.00991678
0.0449844
-0.113543
-0.0618165
0.0776599
0.0328234
0.00438965
0.168158
0.149552
1.06897
0.629998
0.0696883
0.0566022
0.0600499
0.043105
-0.0649423
0.0123829
-0.000852107
-0.030616
0.299347
0.19576
0.41554
-2.02957
0.0849739
0.0431511
0.0451073
0.0588511
-0.0488187
-0.119441
-0.160108
0.0489559
0.662351
0.335436
0.078342
0.040733
0.0702917
0.0309448
0.0174952
0.00814671
-0.0736962
-0.0163319
12.2516
1.3035
0.10875
0.155621
0.0411019
0.0301467
0.12555
0.00290152
0.00998861
-0.115239
0.0672303
-0.134848
0.0904843
0.0477643
0.0888074
0.178886
0.0709687
-0.0353179
0.279518
0.0282465
-0.0216969
-0.0501197
0.0883021
0.120258
0.165238
0.194312
0.128886
0.023466
0.130424
-0.139516
0.0845283
0.333714
0.0445347
0.327944
0.126317
0.0419509
-0.0810765
-0.0447015
0.123217
-0.0908222
-0.404839
0.870349
0.768029
-0.167146
-3.01589
0.0592891
0.00913363
0.126638
0.057733
0.0626787
-0.191988
0.103375
-0.453782
-0.192573
-17.0845
-0.0645256
0.136402
0.0777168
-7.3368e-05
-0.012622
-0.114138
-0.391769
0.106197
0.428753
0.201485
-0.0239022
-0.00632921
0.0673079
0.0235419
0.123616
-0.0227198
0.0134703
-0.144539
-9.74703
0.442389
0.135308
0.134421
-0.0813057
0.113846
0.00614754
0.019119
0.0691698
0.0318835
-0.112069
-0.0506778
0.264449
0.0711455
0.211109
0.077515
-0.0381127
0.155349
0.0143634
0.0202386
0.0350971
-0.0356429
-0.0196976
0.150829
0.122652
0.0219723
0.0516514
-0.125396
-0.227818
0.0709426
-0.136731
-0.00830982
0.395045
-0.10474
0.140468
0.177333
0.0918923
0.19587
-0.187531
-0.00991108
-0.0453734
-0.424289
1.0813
0.840939
-1.46919
0.207986
0.0351014
0.0114106
0.0585561
0.0580236
-0.0361516
-0.255661
-0.340762
0.108578
-0.561843
-2.99
0.278066
0.006008
-0.0119876
0.00113424
-0.12013
-0.253387
-0.830372
0.0377361
0.123664
0.0420387
-0.0195338
0.205916
0.0885579
-0.0218001
0.0475165
-0.0105969
-0.0125794
0.105825
-48.5044
0.49023
0.169571
0.111816
0.189244
0.00624697
0.106885
0.00494718
-0.0453085
-0.219107
-0.114293
-0.206002
0.12175
-0.0523765
0.109644
-0.120625
0.0986182
-0.234582
0.169278
0.12746
0.2648
0.154152
-0.182972
0.0859257
0.0767494
0.151043
-0.126944
0.00475145
0.286036
-0.394005
-0.110947
-0.0570774
-0.0988478
0.695473
0.0656548
0.093216
0.0204481
0.0212551
0.338684
-0.0652579
-0.310391
-0.239431
-0.385262
1.39278
7.36491
0.182033
0.213386
0.0932599
0.105805
0.0616937
-0.00793029
-0.272997
-0.306583
-0.701639
0.486405
0.360184
-7.04829
0.761695
-0.230651
0.0713468
0.0564065
-0.205283
-2.05351
2.06599
0.28016
0.455498
0.308817
-0.110242
-0.534317
0.150064
0.100665
0.106889
0.249069
-0.40377
-1.81679
11.6898
-1.81582
0.128031
0.465885
-0.066271
0.0100028
0.289271
-0.874281
-0.510254
0.595739
-0.152407
-0.00151653
-0.200459
3.78229
0.790885
-0.373289
-0.299854
0.611994
0.297284
-0.276423
-0.379159
0.121086
0.421761
0.665747
2.10989
0.0929131
-1.97576
-0.0828778
0.181373
-0.0136731
-0.366556
-0.013172
0.500922
-0.756732
-0.277828
2.32949
0.579821
0.533752
-0.614011
-0.203995
0.548546
-0.299547
-0.079974
-0.195611
5.83464
0.608871
-0.120019
-0.363513
0.320149
0.441277
0.294037
0.127946
0.392942
-0.343594
0.0788219
0.25846
0.200406
-9.86292
0.0871083
-0.102633
0.0407584
-0.00935292
0.00355185
-0.0435495
-0.0210369
0.40487
1.99622
-0.199168
0.12407
-0.311853
0.112024
0.0643597
0.0995752
0.0382362
-0.014996
0.0511785
7.4446
-0.092363
-0.0121868
-0.102531
-0.126771
0.0875174
0.121345
-0.0744559
0.0549331
0.0593108
0.0286123
0.0984202
-0.220289
0.0162629
0.0247052
-0.110099
-0.0592511
-0.12505
0.0803143
0.0734361
-0.00564648
0.0991065
0.046165
0.0364962
0.0423135
0.0508622
0.052942
0.226435
0.526599
0.126439
0.118961
0.227473
0.132324
-0.135287
0.0527708
0.113689
-0.0170393
-0.190055
-0.420714
-0.0679927
0.00331453
-0.0576205
0.0593478
-0.0631974
-1.12052
0.864686
-0.517816
-0.253004
0.0396083
-0.0101386
0.0550257
0.115309
0.00766001
-0.110321
0.0460783
-0.850577
0.341548
-0.306043
12.5864
0.0348352
-0.0294524
0.0211449
0.0475906
0.042807
0.0943499
-0.699157
0.0550274
0.887012
-0.225789
0.0817766
-0.106538
-0.0296856
0.00757479
0.190993
0.0287077
0.0926413
0.036473
40.0884
-0.671256
0.0407432
0.0146384
0.000602421
-0.0366784
0.076739
0.0597208
0.0969525
0.0798319
0.130282
-0.0981638
-0.340728
0.0579766
-0.00920261
0.038614
0.0873476
0.000872303
0.11036
0.00932812
0.0814024
0.0432476
0.293882
-0.129893
0.005455
0.0611711
0.0221338
0.158519
0.231231
0.0744164
0.0220917
0.192076
0.0587743
-0.0797964
0.293743
-0.0573776
0.000297983
-0.136035
0.0711622
-0.162561
0.0393618
-0.0398904
-0.0302026
0.157631
0.892788
0.536529
0.841552
-0.503439
-0.220322
0.1142
0.0608885
0.0703782
0.0787182
0.0846544
-0.000189085
0.127706
-0.0192754
0.215236
0.142541
5.91149
0.119806
0.0115494
0.010461
0.0456475
-0.0140209
0.0199306
0.0573053
-0.248385
-0.561056
0.0431409
0.0742104
-0.0905448
0.0419155
0.0892834
-0.0184772
0.105243
0.124032
0.106037
-1.11672
-0.154484
-0.00150288
0.074796
-0.0291161
0.0415762
-0.0128955
-0.0504478
0.0926099
0.0571614
0.0845793
0.0857275
-0.143304
-0.0168481
-0.0248874
-0.0305414
-0.01535
0.0232771
-0.138527
0.0732841
0.081508
-0.0555268
0.0838323
0.0415589
-0.0198618
0.057197
0.024289
0.255646
-0.0270436
-0.00771946
-0.0382842
0.0326276
0.0312962
0.0213856
0.105864
0.0513351
-0.0620944
0.0393151
-0.0571761
0.169557
0.00221416
0.0520085
0.0891407
0.0220082
1.48012
-0.140735
0.280636
0.707212
-0.278905
-0.124261
0.0411724
0.0172207
0.0228383
0.0612267
0.103489
2.83081
-0.295478
0.142505
-0.635843
0.476176
-1.88495
0.15471
0.0890366
0.0862743
0.0584484
0.0211718
0.091402
-0.081105
0.36277
-0.135571
0.0985062
0.00332216
-0.00669688
-0.0325425
-0.00551522
0.0873688
0.139525
0.0983485
0.00656991
-4.36451
-1.39129
0.0433157
0.0679667
0.0134856
0.0115983
0.0515138
0.168895
0.100915
0.0170079
0.187465
-0.0217501
0.125219
0.0232306
0.0231951
0.101918
0.00574931
0.145405
0.120427
0.0593597
0.0318923
0.0398295
0.155004
-0.0608503
0.0750878
-0.0488035
0.0496779
0.293596
-0.333827
-0.0211692
-0.0339333
0.0739146
0.011816
0.10874
0.106281
0.0725437
-0.0349583
-0.0215324
0.0485949
-0.113041
-0.00663445
0.0506894
0.0685346
0.035675
-0.731446
-0.0386439
-0.12675
0.257035
0.773707
0.198627
-0.0153971
0.0218094
-0.0268795
0.0554647
0.0470196
2.22748
0.106631
-0.156456
0.318322
-0.115838
-0.403278
7.36242
-0.063922
0.106538
0.00179417
0.0278019
0.0476851
0.0311202
-0.196288
-0.160222
0.898459
0.425417
-0.053322
0.0559535
0.0897681
0.125425
-0.0440693
0.0760084
0.0868178
-0.0509344
6.10925
0.277264
0.0321774
0.0207933
0.0306729
0.0202864
0.0865557
0.0911914
0.0545789
0.0209549
0.0726386
0.0126633
-0.0418519
0.0544508
0.0374326
0.0131517
0.0510033
0.0344887
0.174797
0.0572926
0.135718
-0.000156989
0.0133591
0.0986313
0.0645254
0.0853229
-0.0997306
-0.0745078
0.208181
-0.0706084
0.0264482
-0.0200039
0.0274715
-0.0205225
-0.0884933
0.0348776
-0.0366687
0.0872668
0.37593
0.081351
0.108169
0.0629213
0.0426612
0.0475901
0.448765
0.0428544
-0.0220985
-0.0491684
0.198347
0.839369
0.446348
-0.0590348
0.0514496
0.0310162
-0.103421
-1.58251
-0.0154889
0.0973665
-0.134295
0.487275
-0.461303
-0.48021
2.29711
0.0152806
0.0353753
0.123681
0.0629327
0.0924594
0.117441
0.868929
-0.288413
-0.495614
-0.162545
0.18432
-0.0248474
0.0768789
-0.0255764
0.0465051
0.0676593
0.00511197
0.0488097
-3.75534
-0.0201508
-0.0389752
0.144839
-0.0138181
-0.00164492
0.155683
-0.0814661
0.091235
0.0132905
0.0314309
0.1219
0.166285
-0.0317764
0.0298004
0.146629
0.106105
0.102748
-0.13823
-0.0303801
-0.0324067
0.12277
0.0526078
0.0901508
0.138754
0.0180718
0.160741
0.0421506
0.0347672
0.101344
0.0768877
0.0355933
0.0325482
-0.0533674
-0.0084277
0.0452703
0.00533707
0.103402
0.0300415
0.249835
0.0797129
-0.0140962
-0.0190463
-0.141949
-0.406953
0.00706353
0.0565988
0.0735593
0.00722861
0.103422
0.661514
0.446225
-0.0442406
0.0340194
0.146753
-0.741456
0.0778614
-0.0709809
-0.063245
-0.0873363
0.404234
-0.303603
0.246703
10.6303
0.23307
-0.0229723
0.0585384
0.0632582
0.07981
-0.0248286
0.71466
0.0589104
0.676311
-0.123654
0.0354775
-0.0199781
0.160539
0.0961505
0.0749033
0.0656246
0.114489
0.0961622
4.94886
-0.173321
0.0541342
-0.013832
0.153013
0.0444967
-0.0288872
0.135625
-0.0143615
-0.0848957
0.040804
0.155595
0.0436055
0.149464
0.0937783
0.108758
0.0484044
0.0309442
0.0639007
0.0815285
0.0266893
-0.0340227
-0.0928301
0.0459441
0.0993402
-0.0363059
0.12004
0.17534
0.0723426
0.0236998
-0.0353253
-0.130045
-0.120979
-0.193137
0.0919083
-0.0103402
0.0733609
0.0950253
0.195448
0.0429809
-0.124936
0.172143
-0.097457
0.160923
0.137775
0.0268173
-0.0768186
0.0686749
0.0368827
-0.0720455
-0.186552
0.659217
0.657132
-0.0226864
0.0192847
-1.44485
-0.0260471
0.0395486
0.0181151
0.0392141
-0.0383072
0.288817
0.530599
0.46533
12.4095
-0.00417429
0.0474277
0.0764803
-0.0138467
0.094316
0.0703894
-0.0518486
0.0648419
0.195285
0.0084769
0.0163436
0.150824
-0.0513406
-0.0344275
0.0908194
-0.0475198
-0.114735
-0.095898
-3.76588
0.758371
0.0688845
0.00902226
0.161061
0.0411978
0.185636
0.0465646
-0.0308593
0.051865
-0.0369537
-0.086818
0.2502
0.0767925
0.115359
-0.00713963
0.182057
-0.0553485
0.012447
0.125593
-0.086849
0.0398818
-0.0745462
0.0003919
0.0477056
0.0473461
-0.0261958
0.0238717
-0.0787559
0.0336481
0.010352
0.019496
0.0445005
-0.0641831
-0.032561
-0.0499029
0.0784873
-0.0121657
0.319996
0.244811
-0.13925
-0.0716975
0.231429
-0.00151895
0.248769
0.190468
-0.0192487
0.0942309
0.0392177
0.138619
0.0100191
-0.351965
0.804335
0.891552
-0.274895
0.901029
0.0688335
-0.00448561
0.03872
-0.03016
0.0692335
-0.202355
0.10309
-0.113788
-0.122142
9.58011
0.192905
0.159588
0.00967287
0.0238764
-0.0202559
0.129224
0.210186
-0.12144
-1.42062
0.0883423
0.240124
-0.0321182
0.0430663
0.0799753
-0.0155252
0.0198664
-0.0849901
-0.142907
-1.77362
0.303352
0.060049
0.158925
0.202405
0.0268041
0.0492244
0.0913882
-0.0423955
0.0245972
-0.061066
-0.31244
0.136989
0.196472
3.68903e-05
0.129222
-0.0336133
-0.174442
0.161437
0.1721
0.00699672
-0.0422295
-0.170779
-0.00953221
0.0730584
0.105436
0.0550026
-0.317996
0.158063
-0.034854
-0.0520361
0.229393
0.0259143
0.0325231
0.104134
-0.0430646
-0.118749
0.265998
0.103906
-0.136117
0.0212239
-0.179668
-0.217323
0.440194
-2.45543
0.0821579
0.0662399
0.118261
0.105614
0.105161
-0.0300612
-0.0122589
-0.482852
0.838883
0.83686
-0.120711
0.13765
0.118363
0.162344
-0.0232067
-0.051511
0.0640121
-0.245812
-0.15571
0.214316
0.00166964
1.99512
-0.0590886
0.109511
0.0627394
-0.0339997
-0.0543532
0.010787
1.0784
0.173562
0.698856
0.496613
0.194968
-0.0596782
-0.17227
-0.0232706
-0.00561056
-0.106033
0.00337895
-0.164497
-13.3592
0.0348063
-0.0988413
0.0323988
0.000464028
0.0398345
0.0655752
-0.0706015
0.0707642
0.00456575
0.0739428
-4.16355
-0.0212557
0.0980537
0.0557915
-0.0948417
-0.219347
0.181739
0.106961
-0.013275
-0.0379523
-0.0461075
-0.0206474
0.288138
0.141754
0.0605621
0.0319706
-3.28123
-2.70602
0.416395
0.173942
0.311672
0.214853
-0.00612088
-0.0905398
0.0257242
0.111647
0.595042
-0.134291
0.0673596
0.0553159
0.371861
-0.113438
-0.432904
2.77424
0.187567
-0.0743381
0.0562217
-0.0130259
-0.00986932
0.174748
-0.166397
-0.12176
-0.659237
1.28841
5.43715
0.0598768
0.061037
-0.0336446
0.0861232
-0.0582384
-0.00521556
0.135559
-0.119972
-0.0484705
0.506912
0.666758
-0.231832
-0.372315
2.05064
-0.327449
0.310137
-3.01386
0.162093
2.06757
0.281812
-0.0161621
-1.06393
-0.773416
0.0098044
-0.26373
0.0327452
-0.0858427
0.400555
-2.69416
0.306714
16.2791
-3.5707
0.439241
-0.0800804
0.317886
-0.323852
0.663337
1.12776
-0.530608
-0.597671
-2.18226
6.23872
0.560872
3.84299
0.628783
0.312145
-1.89309
-2.8575
0.679929
0.50322
-0.0157095
0.228932
1.92854
0.895906
1.65284
0.00644378
-0.148385
0.423384
2.50067
2.0123
-0.129976
-0.140654
-0.579784
-0.845976
-2.90048
2.39246
0.273317
-1.9657
2.66177
2.74025
-0.448122
0.771537
0.466365
0.896057
8.26597
1.18201
1.79465
1.09506
-2.58729
-2.0027
-2.70781
-2.06722
-0.30884
0.753309
-0.613957
2.25846
1.52642
0.0095266
1.89871
0.375417
0.443667
-2.97475
0.0961634
-1.04207
-0.209587
-0.0806658
0.331024
0.268583
2.98776
-0.208899
-0.227761
0.185416
0.0113518
-0.0269107
0.0609904
0.142232
0.0859701
0.0635453
0.563018
-0.157923
0.135795
-0.0796007
0.0045098
-0.106613
0.0200977
0.444335
0.104721
-3.95717
-0.8966
-0.265718
-0.141551
-0.147982
-0.0245662
0.0836057
0.225545
-0.0296951
0.156892
0.304597
-0.0808783
0.281328
0.00220888
-0.0715246
0.0958449
-0.104908
0.0451325
0.228125
0.204736
0.20067
0.184835
-0.061626
-0.289429
-0.0158126
-0.0299347
-0.0878367
0.195964
0.022707
0.228536
-0.0665984
0.0878485
-0.111328
0.0563121
0.16306
0.269086
0.0202111
0.229366
0.368904
0.0862866
0.0069772
0.218985
0.0395161
0.13791
-3.49264
0.147139
0.120273
-0.0279023
-0.351307
0.0859679
0.0207291
-0.0531354
0.176048
0.155787
0.0748032
0.638377
0.642436
-0.655219
-0.293957
-0.0742853
-0.022253
-0.164774
0.0132586
-0.0692599
0.0157005
0.343139
0.283382
-0.288527
-0.128611
4.10023
0.102427
0.0337064
0.0844147
-0.021246
0.118374
0.11202
0.626621
0.132229
-1.07575
0.337435
0.0840767
0.0565045
-0.0432734
0.0885403
-0.048801
0.0834281
0.178947
0.195772
12.3143
-0.600101
-0.0416104
-0.0268597
-0.103612
-0.0177829
0.0435747
0.0791756
0.18645
0.0784131
0.190176
0.29727
-0.122547
-0.0884548
0.0346169
0.0633301
-0.0407178
0.0276697
0.0980867
0.039273
0.0363076
0.0450047
0.0676356
-0.255428
0.0440233
0.146718
0.12074
0.367038
-0.439373
0.0110904
0.103738
-0.00976292
0.140192
-0.00284863
0.0288101
0.102445
-0.0746552
0.117037
0.0536964
0.152149
0.0512709
0.0781558
0.231693
0.156864
0.779961
0.23089
-0.170177
-0.15962
-0.152994
0.0705849
0.0112088
0.0147849
0.135802
-0.0546531
0.0566625
-1.65319
0.680506
0.79273
-0.62118
-0.137892
-0.0259886
-0.122609
0.0703503
0.0149792
0.13658
-0.436999
0.348384
0.824808
-0.261776
0.0960223
-12.5714
0.0686631
0.161743
-0.00576887
0.056659
0.175233
0.160517
0.393167
0.0501618
-0.571959
0.168141
-0.11541
0.0449141
0.0720927
-0.0456416
0.0983779
0.227437
0.196143
0.0609424
1.44769
0.162849
-0.0201966
0.0154125
0.0463199
0.0274168
0.0635923
0.163531
0.0995042
0.11112
0.123652
0.187559
0.0551382
-0.116751
-0.0592898
-0.0101095
0.094914
0.0602846
0.0270473
0.0488659
0.0279884
0.265386
0.176418
-0.0327584
-0.00701907
0.00633169
-0.0375741
-0.161309
-0.133182
-0.012269
0.0622972
0.0221739
-0.000726446
-0.0612902
0.0350663
-0.0364108
0.0362262
0.0400798
-0.0676725
0.185573
0.00597414
0.0019391
0.0668638
-0.00107172
-2.19327
0.0178075
0.115244
-0.0660956
-0.178713
0.0504327
0.0683997
-0.0205973
0.00601628
0.0632849
0.114962
1.6376
-0.0926499
0.444724
0.584086
-0.493899
-0.0137034
0.0377808
-0.0290737
0.0101869
0.0299145
-0.00271442
0.124515
-0.194501
0.315475
0.355634
0.0166538
-3.86178
0.0795993
0.0808063
0.106991
0.0562668
0.075748
0.062016
0.244216
0.0281532
0.765862
0.226049
0.0121486
-0.0241549
0.0941427
0.0901017
0.0841077
0.144029
0.0463214
0.120673
-0.468921
0.124848
-0.0109712
0.0420551
0.0082446
0.0523423
0.0286954
0.143242
0.195834
0.0967372
0.0946873
0.252351
-0.0648029
0.0435369
0.0240885
0.0268615
0.0675829
-0.164509
0.0126917
-0.0939392
0.0181901
0.0267308
-0.108679
-0.0502205
0.0506477
-0.00111672
0.0912668
0.317316
-0.108089
0.101682
0.127231
-0.0364644
0.0176099
0.0933013
-0.0729511
-0.0722961
-0.109711
-0.010446
0.13243
-0.0818079
-0.0654268
0.0684696
-0.0323048
0.0769826
0.199136
-0.0554435
-0.0500548
0.0766686
-0.13586
-0.164414
-0.0534053
0.0133191
0.0580499
0.00956494
0.0226278
-0.62369
0.0113806
-0.177361
0.266783
0.452935
0.00225672
0.0125831
0.00681007
-0.030901
-0.111874
-0.0220417
0.329966
0.119887
-0.182564
0.307881
-1.01005
0.0814004
0.286639
-0.0908027
0.0646734
0.0491254
-0.0178009
0.151399
0.241108
-0.0999544
0.000839444
0.33558
0.00192884
-0.007106
0.149053
-0.0291711
0.121284
0.135578
-0.0416866
0.0232724
0.0677388
24.9738
0.306138
0.133351
-0.0421023
0.0352694
0.0659339
0.0943093
0.025947
0.00817962
0.0702848
0.0830537
0.0687572
0.05212
0.0783994
-0.00808683
-0.0160244
-0.0437397
-0.00508965
0.0669252
0.100646
-0.0106668
-0.0431602
0.147961
0.0430293
0.0493687
0.0716815
-0.0410624
-0.0259548
-0.00419246
0.0365144
0.0210812
0.0138001
0.126889
-0.00244791
-0.0536988
0.00416235
0.0482754
0.0132917
-0.1233
0.0836363
0.167191
0.0191434
-0.0440362
0.0644989
-0.391724
0.131375
0.0223063
-0.00674468
0.00551233
-0.201697
0.0015645
-0.0290164
0.0637105
0.0382447
-0.0361246
0.621973
-0.157139
0.0728693
-0.0455977
0.142728
0.294737
0.283853
-0.0331789
-0.0998306
0.066781
-0.0372464
-0.0330743
-0.121367
-0.0195262
-0.0794584
0.440843
-0.0416086
0.172473
0.8814
0.137943
0.217366
0.0194999
0.116862
0.137689
0.190975
0.645401
-0.0197684
0.482131
0.430379
0.211177
0.147229
0.0331125
0.0490635
0.0135932
0.0594331
0.147391
-0.0974932
-23.0591
-0.384824
-0.0642876
0.118037
0.0558972
0.153826
0.170771
0.0826833
0.0600777
0.0948827
0.0515504
-0.0389939
0.182683
-0.00229609
0.0601798
-0.0777113
-0.0216414
-0.13785
-0.000723411
0.0135214
0.0634582
-0.0622606
-0.0181727
0.0116963
-0.0480453
0.0502429
0.0463325
-0.231217
0.0863241
-0.0678231
0.076453
-0.0335698
0.0434769
0.0316866
0.081506
0.0449336
0.0367223
-0.0280006
0.277254
-0.116282
0.01605
-0.0285192
0.0405975
-0.0406755
-0.280115
-0.0375517
-0.0367452
0.00128761
0.0792426
-0.0141468
-0.0953393
0.12846
-0.0384881
-0.0684936
0.0820139
-1.91398
-0.0390932
0.0543345
0.0146536
-0.0503031
-0.120387
0.363097
0.54802
0.0366666
0.023336
-0.070256
-0.189172
-0.06574
-0.0312728
-0.10619
-0.104994
0.531517
0.313783
0.238037
1.55422
0.278134
0.0988181
0.153746
0.0874209
0.0510469
0.110846
-0.0705825
0.0493313
0.500827
0.17822
-0.0106454
0.0744868
0.149057
0.122555
-0.0121071
0.0351702
0.0775826
0.0791186
0.206107
-0.872498
0.057687
0.160183
0.166238
0.0561845
0.109353
0.0449888
0.0674265
-0.0694888
-0.0413651
0.0535538
-0.141495
0.175633
0.0643826
0.00606765
-0.0601207
0.245105
0.173988
-0.121883
0.00921618
0.0119739
-0.0640412
0.0846311
-0.0985092
0.00425153
0.0396861
-0.0724749
0.251115
-0.102352
0.0633608
0.115785
-0.145649
-0.0769279
0.117716
0.0579594
0.063007
0.0910173
-0.165668
0.0820889
0.0499766
0.0631633
-0.0887903
-0.021547
0.53355
-0.129108
0.093762
-0.0102922
-0.0807294
-0.108258
-0.0634946
-0.182637
0.122959
0.0408912
-0.0353169
-0.0999813
-0.00276729
0.0129629
0.0124733
-0.0152391
-0.0280748
-0.17413
0.431599
0.766692
0.0182097
-0.0386365
-0.161787
0.0317758
0.034305
0.0210294
-0.0495383
-0.121901
0.406485
0.179386
-0.133442
-13.2724
0.148591
0.10345
0.0197901
0.0509431
0.181041
0.151662
0.651537
-0.17523
1.34539
0.0554748
0.0700963
0.178482
0.0858799
0.0571645
0.0627566
0.0336152
0.0391942
-0.0262524
-22.1895
1.03326
0.111254
0.0379186
0.0841641
0.0609018
0.0299869
0.021779
0.0627263
-0.188322
-0.00344851
0.0859811
0.35211
-0.0100214
0.025816
0.0603684
0.223607
0.346026
0.117486
0.0338778
0.060789
-0.0869626
0.0216725
0.156308
0.0755499
0.0535453
0.0385304
0.209876
0.0632149
0.189777
0.0292387
-0.179561
-0.0209102
0.0301245
0.0730137
0.00431223
0.0367991
-0.0097625
0.215926
-0.182363
0.0316786
0.0760042
0.185211
-0.00483587
-0.448581
-0.00404202
0.0348362
0.0785357
-0.0477533
-0.0771326
0.00395821
-0.108712
-0.250874
0.212726
0.114036
4.17954
0.0752635
0.11264
-0.0924334
0.020577
-0.012157
-0.137979
-0.435948
0.52409
0.76702
-0.0771987
-0.765587
-0.0142547
-0.00462045
-0.0541561
0.0030812
-0.0167426
-0.0624415
0.21274
0.100825
0.136715
20.1393
0.0901092
0.0869083
0.0255492
0.0414337
0.0735383
0.294326
-3.24924
0.0918525
0.459309
0.242447
0.042519
0.216346
0.105512
0.0373577
0.0186048
0.221687
-0.050257
-0.0823162
46.1669
0.388614
0.052466
0.0105006
0.0321586
0.215556
0.0527681
0.0742247
-0.0208241
-0.0574197
-0.078658
0.546835
0.205639
0.129684
-0.0380499
0.141819
0.0277976
0.0166443
0.123103
0.0323296
-0.0635691
-0.105935
0.0525326
0.0149648
0.15285
0.132502
0.295505
-0.566611
-0.778925
-0.383405
0.187208
0.0282338
-0.127026
-0.216812
0.0430653
0.0630536
0.0286844
-0.285544
0.0118164
0.375758
0.0280376
-0.0159457
-0.0612417
0.18726
-2.26699
0.0728861
0.039528
0.00577613
0.0205276
-0.00478573
-0.241071
0.19347
-0.288626
-0.0554164
0.388484
1.96206
-0.0228371
0.00399903
-0.0301126
-0.157474
-0.00637132
-0.0285062
0.00563842
-0.536922
0.689015
0.886408
0.283014
-0.0465146
-0.00041487
-0.00723169
-0.0284306
0.0223481
-0.130255
-0.0729538
0.234384
0.353156
0.680243
3.33275
0.16305
0.1485
-0.0816025
-0.00709061
0.00414662
0.566355
-3.1774
0.244242
0.562266
0.0667694
0.177404
0.0708828
0.571009
0.508405
-0.0211687
-0.080657
-0.0153095
-0.0903464
9.42658
0.413698
0.143227
-0.0230552
0.0902632
0.00735513
0.155416
0.254421
-0.114384
-0.107335
-0.307817
-0.624165
0.142537
0.354122
0.19034
0.262639
0.35234
0.319014
0.074234
0.14047
0.0261699
0.070605
-6.29154
-0.28066
0.262964
0.0187853
0.571902
1.18652
-1.68152
-4.21043
0.114496
0.0121241
-0.0776933
0.878526
0.199576
0.224053
-0.349185
-0.270523
-3.42504
-3.25563
-0.352783
-0.0670659
-0.0278416
0.634797
-1.25765
0.0251448
0.273985
-0.0312052
-0.077398
0.0294473
0.118496
-0.56644
-0.366518
-0.457513
-0.567123
3.21958
0.0478788
0.0502919
0.222929
0.073571
0.0262485
-0.0275738
-0.458472
-0.146371
-1.015
1.44285
1.85857
0.342352
-0.238624
0.170218
0.0903215
0.23716
0.214451
-0.118709
0.184147
0.404108
0.543136
0.369817
10.4908
1.65029
1.90306
1.72933
5.91105
5.33295
4.02316
2.11831
0.288356
0.468655
0.332058
1.42953
-0.0287273
-1.07399
-1.71733
-1.35038
-2.08725
-0.0255647
1.01778
17.225
2.8111
1.21569
0.773092
-0.497074
0.700069
-1.37808
1.86755
0.234207
-1.03301
0.215522
7.34702
0.918619
0.434118
-0.315118
1.23974
3.13577
5.24906
0.508452
1.02819
-1.19286
0.377225
10.3768
0.363817
-3.00078
-1.95236
1.17975
0.86386
3.69726
3.60018
0.871857
-3.61241
-0.330737
3.41999
0.719506
-8.26574
0.262331
2.32192
4.83801
4.59332
2.08059
-5.00983
-0.543403
0.265452
2.88682
0.471841
-5.20505
-1.49433
3.54053
4.78962
5.49121
0.310465
-0.23999
1.01512
1.29783
1.22397
3.49108
-0.764279
-0.356495
-0.0811645
3.12506
3.97901
0.171894
-4.78627
1.23808
3.65652
0.376208
9.67861
1.16152
-2.65006
-3.51799
-1.4045
-2.02456
-1.2898
0.0304288
1.50089
2.53288
0.472418
0.354228
9.8105
-1.23052
-2.41343
0.00108205
0.0347498
-0.0536292
0.0739823
-2.96901
0.26726
0.381093
-1.55185
0.0872734
0.0215171
-0.136204
0.212052
0.0401041
0.932957
-0.0248524
0.214611
-27.2804
2.49155
0.686979
0.0779363
0.0877497
-0.318108
-0.218975
-0.0757893
0.16284
-0.0123959
-0.00911578
0.194886
-0.308886
-0.362595
-0.0795336
0.0613718
-0.0215269
0.0411407
-0.0434129
0.226125
-0.107684
-0.296295
0.23951
-0.928552
0.125872
0.0542633
0.197026
0.252446
0.680035
-0.371787
0.0669297
-0.0121224
-0.0119738
0.740758
-0.381075
-0.285891
-0.224201
-0.148429
-2.7968
-0.331264
0.206373
0.23567
0.253156
0.157831
2.63926
-0.0607906
-0.0892995
-0.134254
-0.0629102
0.154573
0.0349379
-0.220604
-0.0136751
0.0374693
0.436092
1.14731
-0.0603958
0.183843
-0.102556
-0.137968
-0.0255386
-0.0578351
-0.141561
0.10667
-0.113634
-3.13533
0.362982
0.73152
-0.794209
-0.236088
-0.152649
-0.101605
0.104505
0.0215585
0.154686
0.197459
-3.07608
0.275854
0.104092
0.188701
-6.98767
0.0790498
0.311723
-0.0572355
0.0122076
0.160031
0.134034
0.0114168
0.534508
-0.159614
-0.266011
-0.102903
0.0848915
0.0146662
0.0709155
0.0116638
0.220318
-0.0974622
0.154431
-11.1709
-2.12878
0.0479432
0.0434521
-0.0305366
0.0335638
-0.0555613
0.018844
0.157574
0.0120334
0.139098
0.0678188
-0.262484
0.0422852
-0.00267958
0.0608808
0.0536635
0.124862
0.122391
-0.0667061
0.0481765
0.112187
0.0471206
-0.0314423
-0.152814
0.0456024
0.0954678
0.00239653
-0.108159
0.0119513
-0.0100936
7.20572e-05
0.145805
0.236771
-0.273269
-0.0115002
0.112449
0.0875021
-0.175688
-0.0250258
0.0205984
-0.0680183
0.0774366
-0.0555758
-3.07124
-0.156458
0.18583
-0.0380717
-0.0930141
-0.187526
-0.0690432
-0.038062
-0.0951458
0.117884
0.13228
0.315254
0.0421946
-0.153742
-0.242953
-0.150144
-0.0628655
0.120965
0.0889633
0.13248
0.0406238
-0.201902
0.213244
0.702343
0.568893
-0.674407
0.0343959
0.0103149
-0.0324273
-0.0972027
-0.0675905
-0.253806
3.88996
0.181285
1.74644
-0.465708
-0.173662
16.176
-0.0822102
0.126062
0.084512
0.158552
0.078066
0.189957
0.2926
0.230157
0.226793
-0.253314
-0.00565201
-0.0135886
-0.0266382
0.21212
0.0587883
0.0305072
0.122067
0.0249933
-22.4309
0.105577
-0.0401767
0.0680095
0.10163
0.0853936
0.126452
0.0174518
-0.000529436
0.112055
0.0621307
0.205246
0.0282222
0.033819
-0.0263419
-0.0150053
0.0740239
0.0630672
0.120469
-0.00697437
0.107019
0.0791844
-0.0247699
0.056203
-0.00302706
-0.0879442
0.0530272
-0.0468938
0.260523
0.048752
0.0552983
0.0635116
0.0398467
0.123452
-0.14598
-0.0971892
0.111159
-0.0468318
-0.0499561
0.0657613
0.0533903
-0.00806373
0.0193011
0.0352244
0.742762
-0.0808621
-0.0318359
0.00594533
0.00941897
-0.179171
-0.0442511
0.029396
0.0128
0.0796056
0.0789595
-0.715085
0.0374484
0.105584
-0.236102
-0.219462
0.0134519
0.0584342
-0.0214
0.032512
0.0520772
0.0649134
-0.495341
-0.0298788
0.5802
0.217734
-0.388717
0.0224651
-0.0480061
-0.0537726
-0.0364344
-0.127905
0.425439
0.0375111
-0.202619
0.655969
-0.269199
0.750245
4.13089
0.0711176
0.00236129
0.160094
0.122168
0.202768
0.141433
-0.232095
-0.420025
-0.182865
0.0226268
0.0573849
0.0150385
0.0374289
0.0669091
0.0990199
0.18891
0.0715945
0.0975311
30.1393
0.287122
0.0817862
0.0552445
0.0360093
0.0952104
0.0195139
-0.00120347
0.0385179
0.000618589
-0.0202865
-0.162413
-0.0732742
0.0107356
0.0424811
-0.09229
-0.0207511
0.102132
0.0491299
0.109192
0.108465
0.00468528
-0.0356177
-0.0648874
-0.038246
-0.0018443
0.0462034
0.0645769
-0.384347
0.125366
0.0237992
-0.0367209
0.0389226
-0.0908005
-0.049102
-0.0077429
-0.0121542
0.0622505
0.189455
-0.0287211
0.0309438
0.0845176
0.0849702
0.043395
1.64464
-0.0707786
0.0449521
-0.00373464
-0.0659608
0.0230411
0.0166709
-0.00598963
0.00530884
0.096077
0.0292192
-0.237234
-0.126851
-0.0107756
-0.010243
-0.226048
-0.168931
-0.00507342
-0.022831
-0.0201678
-0.00594439
0.124067
0.0668119
-0.233354
-0.0612461
0.328599
0.0666216
-0.237609
0.0200987
-0.0391818
-0.0493291
0.0677374
0.113389
-0.0554172
0.0258997
-0.160151
0.801636
0.31124
-0.0385253
15.878
0.143115
0.169259
0.273616
0.119783
0.149438
0.054252
-0.0305759
0.0850763
-0.47635
0.261532
0.121827
0.135385
0.174492
0.225608
0.112417
0.12765
0.157982
0.110139
-5.49993
-0.93452
-0.0316679
0.0101114
0.0443452
0.0512856
0.00234764
-0.00367743
0.119881
0.143874
0.0951265
0.101987
0.0720855
0.00540463
-0.000740102
0.148756
0.0264552
-0.0516123
0.132337
0.0577483
0.0173836
0.0882411
0.156899
0.133144
0.0233251
-0.0100749
-0.0100934
0.250553
0.447236
0.00499488
-0.0223608
-0.0199596
-0.130841
-0.0309708
-0.00102815
-0.00300372
-0.0536294
0.0386389
0.286692
-0.158514
-0.0266224
0.104136
0.0548777
0.0150245
-0.399027
-0.0469567
-0.00246577
0.0327687
-0.0790839
-0.0957057
-0.0301227
-0.136598
-0.0126379
-0.0850955
0.0538731
-1.55635
-0.090815
-0.117317
-0.0451321
-0.0817765
-0.226719
-0.202292
0.0579422
0.0464813
-0.0989885
-0.136535
0.505713
-0.205744
-0.0403299
-0.0652913
0.0828617
0.0890672
0.21831
-0.0678575
-0.0316673
-0.0377896
0.575968
-0.0811267
-0.309873
-0.192464
-0.165792
0.701151
0.424506
0.227855
15.4277
-0.0132742
0.150636
0.156814
0.153614
0.116259
0.0108223
0.0869325
0.192093
-0.747336
0.142981
0.0799083
0.131093
0.0896261
0.0363974
0.143274
0.15319
0.0246417
-0.0126452
11.1354
0.872635
0.211497
0.100913
0.0503315
0.028799
0.00226653
0.0803197
0.0441533
-0.00708556
-0.0106939
-0.0333818
-0.037662
-0.0630465
0.0782178
0.160992
0.0349904
0.00544959
-0.0808224
0.0248381
0.0321926
0.0155468
0.101327
-0.0840929
0.105101
0.141825
-0.00964371
0.230968
0.0333292
0.077458
-0.0442856
-0.0339968
-0.0869241
-0.0518769
-0.0305965
0.0529812
-0.0855397
0.131501
0.0455459
0.130524
-0.0492017
0.0768374
0.0709245
0.101325
-2.9353
-0.048668
-0.0216279
0.0153892
0.0914414
0.0677423
-0.0941741
-0.0351788
0.00632363
-0.0426251
-0.130477
0.826797
-0.0282345
0.0207249
-0.0408992
-0.0203215
-0.133946
-0.284081
-0.0677572
-0.0633153
0.0464002
-0.0318668
-0.357954
-0.180683
-0.0825903
-0.00226871
-0.0841626
-0.174381
0.0972685
0.531248
0.0139762
-0.11415
0.352523
-0.0458537
-0.350195
-0.121938
-0.122823
-0.24819
0.628663
0.986874
0.078867
9.76361
0.18549
0.0900271
0.121984
0.103534
0.0517403
-0.0858698
-0.0531533
-0.0943911
0.558384
0.222819
0.134194
0.04681
0.059683
0.257804
0.103673
0.102176
0.0696612
0.00423154
-7.29898
-0.0224828
-0.0500756
0.156406
-0.0348441
0.00203454
0.0508171
0.126446
0.0667722
0.0264276
-0.0297006
-0.0630885
0.207422
0.159168
0.0571924
0.0316149
0.0358383
-0.110697
0.0823596
0.0469058
0.0443159
0.00142022
-0.131801
-0.00522006
0.06825
0.0643506
0.110363
0.0963256
0.216972
-0.0224875
0.0490436
0.055316
-0.026301
0.0781467
-0.0898998
0.0948087
0.0717792
-0.0322513
-0.00754986
-0.277848
-0.0655886
-0.022123
-0.087637
-0.191801
1.71857
0.0576122
-0.0653157
-0.00447966
-0.0144284
-0.165977
0.0819454
-0.164549
0.0389814
-0.026866
-0.110595
0.344454
-0.187783
-0.0253136
0.00563497
-0.0351222
-0.119009
-0.155042
-0.116125
0.106722
-0.104901
-0.261453
-0.858919
0.0631385
-0.0035076
-0.0185931
-0.0127621
0.0366505
-0.342673
0.048109
0.650055
0.0254791
-1.50383
0.0520418
0.297564
-0.0342925
-0.0689283
-0.101176
-0.245342
0.603363
-0.0037954
0.152857
8.43317
0.137681
0.176208
0.116506
0.0561331
0.0559011
-0.142241
1.43168
0.0999008
1.23823
0.214274
0.0822433
0.158121
0.232719
0.126457
0.0635373
-0.0836315
0.106525
0.114701
-16.0739
0.502105
0.203445
0.167279
0.0450056
0.0824519
0.128659
0.0388545
0.153942
-0.06447
-0.0334955
-0.540491
-0.0240622
0.102188
0.151184
0.0319058
0.0978543
0.25242
-0.100269
0.0152421
0.080719
-0.0993656
-0.346253
0.0767943
-0.0638479
-0.0180433
-0.138294
-0.437482
0.639922
0.0764616
0.0306674
-0.00499192
0.0589695
-0.125962
0.190052
0.0291823
-0.0283946
0.117556
0.224598
0.0164067
0.104224
0.0345228
0.0878737
-0.153314
-4.44035
-0.0815813
-0.0559995
0.0325187
-0.0691939
-0.0570187
-0.245549
-0.126726
0.0125586
0.0879143
-0.0694212
0.135707
0.136331
0.0395999
-0.00353206
0.00722436
-0.12016
-0.112776
-0.210923
-0.255096
0.190116
0.076549
-0.0409508
-0.355848
-0.0390695
0.0425239
-0.00957982
-0.0177395
-0.0373899
-0.514582
0.222258
0.778257
-0.397371
0.149453
0.87512
-0.101266
-0.0903286
-0.123246
0.0217242
-0.153843
0.526969
0.329745
0.662755
4.44476
0.110437
0.0582372
-0.00423737
-0.0998784
0.179229
-0.690931
-1.29089
0.223394
0.190066
-0.0385046
0.0976191
0.0303065
0.271314
0.00637605
0.352248
-0.145657
-0.111998
0.0676069
8.47331
0.0532725
0.101449
0.0818497
0.401035
-0.0676937
0.023206
-0.00384468
0.0775212
0.0978775
0.101989
-2.71151
0.431033
0.0724524
0.00947295
0.10247
0.0644298
-0.017958
-0.337885
0.0148887
-0.218585
-0.136672
-1.36657
0.101379
-0.0336777
0.0247347
-0.295651
1.29719
0.928312
-0.767416
-0.156015
0.0244129
-0.0728573
-1.61415
0.0156344
-0.0572551
0.182878
-0.141177
-0.353567
-0.243663
-0.120922
-0.261552
0.246811
-0.182886
-1.65729
0.122214
0.0731063
0.0523153
0.063946
-0.13319
-0.100014
0.252821
0.0803806
0.0904243
0.266171
-0.488965
-0.0405376
0.0424213
-0.143217
0.0751576
-0.114999
-0.209029
-0.188239
-0.0911713
-0.349307
0.287111
0.700913
0.595294
-0.0376694
0.0151525
0.0859587
0.00263623
0.0719086
0.00566036
-0.677879
0.772256
2.72312
0.22246
-2.32736
0.11537
0.0800372
-0.114886
-0.0636635
0.0579242
-0.0930479
0.875887
0.438649
0.647291
30.3074
-0.289419
-0.57862
0.220029
-0.0566876
-0.0280992
-2.86416
2.00458
0.26625
0.454047
0.581377
0.479512
0.0242664
0.0795244
-0.383482
0.196316
0.0557706
-0.373654
-2.47799
14.0498
1.99194
-0.337191
0.474395
0.0867952
0.288738
0.4003
-0.249241
0.262036
-0.298201
0.302819
-2.55545
0.00270725
-0.00245551
0.292961
0.11041
0.651906
-0.907329
0.263264
0.122927
-0.506871
-0.297125
2.43864
-0.120531
-0.0404105
0.425174
0.124749
-0.00277239
0.371305
0.888172
0.300844
0.721034
-0.837435
-1.47136
0.159343
-0.457869
0.435081
1.26548
0.566815
-0.147027
-0.154834
-0.120279
0.251041
0.335925
-11.7997
-0.279187
0.141764
-0.146031
-0.0226522
-0.438399
0.15166
-1.16735
0.180057
0.0386099
-0.14272
2.21401
-2.87068
0.0402421
0.210507
-0.432514
0.100457
-0.207503
0.136255
-0.138801
0.170763
-0.333593
1.14893
-4.54643
0.260875
-0.404273
-0.191212
-0.465592
0.328423
-0.277111
-0.62381
-0.650179
5.92877
0.253196
-0.454883
-2.28939
0.249791
-0.423267
0.071853
-0.355468
0.0906606
-0.363041
0.978342
0.541475
0.369737
10.4878
1.49736
1.57166
-0.193121
-1.97179
-1.08185
2.82377
2.11766
0.288201
0.468551
0.30588
1.05072
-0.569056
1.75037
1.26691
0.962916
0.702717
3.23609
0.984818
17.2082
1.99214
1.11623
-1.54121
0.0307019
0.868523
1.90949
-1.69705
1.79029
0.593119
-2.11461
3.62809
0.814515
-3.33444
0.529302
2.1899
-1.8863
0.842342
0.396789
-2.18184
0.145592
-1.56601
-2.79627
-0.0787911
1.33972
0.878234
-0.0183975
0.856761
-0.186481
-0.865898
-2.07408
-0.786078
-0.644445
3.17499
2.62795
2.85253
-1.46634
-0.421072
-0.546616
-0.509085
-0.32028
1.53713
0.617895
-0.0379077
2.8859
2.7894
1.24905
-1.52189
0.203192
0.408069
-0.811264
4.17109
-0.201395
-2.1758
1.10142
1.22366
-0.0240798
-0.49922
-2.77124
-0.238646
-1.45296
-1.95321
0.36498
2.33123
-0.808963
1.48198
0.376115
4.46044
1.7857
2.37789
-4.01465
-2.12187
1.43745
1.17922
-0.651109
1.19237
2.40674
0.289833
2.98696
0.243973
3.47997
-1.17575
-3.56106
2.17309
-2.21583
0.751999
0.514859
8.81313
0.54014
0.367892
10.4214
0.822925
-0.382501
-1.29807
-0.279624
-0.861898
-0.377828
1.84389
0.287325
0.44945
0.238733
0.199063
-1.42361
0.0752161
-0.415093
2.1336
1.73015
2.2179
-0.8569
15.5931
2.08618
-0.892962
-1.47721
-0.0722205
0.207514
3.07851
-0.788566
-0.815231
-0.62641
-0.198884
-3.46954
0.346462
-3.24481
-0.159114
0.234915
-0.261703
-0.169146
-1.49857
-3.08146
0.217698
0.149396
-1.58683
0.137567
0.145332
-0.185691
-0.380441
1.39309
-1.23029
-1.59013
-0.147435
2.57752
-0.214457
-0.765024
-1.16778
0.0320153
-0.626981
0.366213
0.977533
-1.76075
-0.270392
2.10872
0.0177335
-0.608579
2.87456
-1.84593
0.902006
0.799829
0.132953
-2.3186
0.319015
2.74812
-0.144217
-2.30458
0.500125
1.21879
-2.69372
0.254931
-0.496686
-0.46085
-0.0371854
5.63003
0.192706
0.669789
-1.13278
2.29443
0.375353
-0.505972
0.297549
0.381106
0.155289
2.06286
-0.200184
-3.88498
-1.00065
-0.336241
2.50747
0.288621
1.99403
0.225238
0.0793641
-0.0120911
-0.175338
-3.90687
-1.42477
-0.151637
0.390341
0.771355
0.395121
0.471145
0.352537
10.0119
-1.344
-2.29136
0.145738
0.104145
0.0852237
0.108979
-0.926138
0.272511
0.393636
-0.362106
-0.132851
0.0579614
0.111913
0.226285
0.485765
3.28068
0.868261
0.0690782
21.6361
1.38427
-0.243984
-0.0561651
0.1011
0.230441
0.0611361
0.0352047
0.132569
0.201538
0.836404
0.35579
-1.27138
-0.152558
-0.269177
-0.00168033
0.0940169
0.120103
0.148831
0.207553
0.0183598
-0.0538676
0.175441
-2.03547
0.0103845
-0.145364
-0.00706934
-0.562176
-0.918924
0.108158
0.0332739
0.319611
0.143604
-0.0856295
0.109229
-0.162389
0.242311
-0.0926558
-0.0750697
0.0432861
-0.0540442
0.103182
0.0895183
-0.119454
2.68862
-0.433699
-0.239618
-0.0217378
-0.247875
-0.321844
0.206812
-0.0787134
-0.127817
0.105792
-2.17117
1.16097
-0.00101816
-0.187847
0.0250563
-0.0927726
0.0802783
-0.24726
-0.0934192
-0.192611
0.394735
-2.52613
0.362316
0.0640346
-0.352525
-0.246238
0.185749
-0.0168036
-0.0835548
0.0344473
-0.601497
-2.31526
-1.82675
0.272541
0.532243
1.01928
-0.155234
-0.030853
-0.145154
-0.494896
-2.76153
-2.37936
-0.413676
0.282211
0.350465
4.59094
0.291191
0.289614
4.59143
-0.309518
-0.318425
-0.104245
-0.0455673
0.0131477
-0.00315257
0.136481
0.212498
0.247539
-2.21085
0.0947868
0.00677072
0.0312288
-0.0435441
0.591209
0.807757
0.124004
0.107633
-16.9817
0.491917
0.0498008
0.0155852
0.132121
0.0579015
0.191282
0.171167
0.00968036
0.0788535
-0.0197302
0.0136647
-3.11724
-0.0672412
0.0619138
-0.136383
0.0730408
0.142772
0.140007
-0.0936938
0.0143413
0.107918
0.206767
-0.19067
0.0606034
0.0660086
-0.0309222
-0.0303843
0.60228
-0.126747
0.127974
0.160452
-0.0637141
0.235017
0.0242625
-0.100275
-0.173117
-0.0869636
0.018472
-0.388414
-0.0194161
0.197724
0.0388301
-0.0676605
-1.94319
-0.178242
-0.110844
0.192426
-0.0931047
-0.0726566
0.0804869
0.0735031
-0.0240486
-0.0185063
0.00119859
0.904383
-0.194574
0.0150458
-0.00485783
-0.106198
-0.102898
-0.056682
-0.0763408
-0.035704
-0.099889
0.609046
0.318904
-0.132424
0.00124811
-0.24576
-0.240427
0.125442
-0.065755
-0.139031
-0.0948885
0.06959
0.968036
0.245939
-0.484116
0.50854
0.301984
0.0603999
0.0678129
-0.110355
-0.0741349
-0.303867
-3.19831
-2.69326
0.189932
-1.14134
0.460006
0.0210768
0.217688
-0.430137
-0.35123
-0.072877
-0.102323
-0.0389556
0.0239642
-0.0777751
-0.212658
0.174275
0.0371728
-0.233917
0.0560503
0.0349155
0.126854
0.226364
0.293383
0.180855
0.199891
0.0614705
9.53943
-4.01627
0.280052
0.0652447
-0.048539
0.093907
0.138052
0.0255547
0.0350934
0.0910816
0.0516436
0.0784652
0.128292
-0.0124149
0.162446
0.130435
-0.0251733
0.139156
-0.061705
-0.0223626
0.0702011
0.0160267
-0.0462536
-0.118504
-0.0278144
0.067541
0.0376586
0.206755
-0.552219
-0.183287
0.0904598
0.175856
0.0691806
-0.00316777
0.0281213
-0.0311963
0.0363798
0.0984571
-0.397259
0.147744
0.0773995
0.0012841
-0.036681
-0.000242076
-0.966702
-0.110097
-0.108234
-0.11158
0.0405186
-0.0854307
0.00126613
-0.0126202
0.0357113
-0.0225286
-0.208804
0.992615
-0.200826
-0.0361196
0.106462
-0.0014955
-0.0994913
-0.000553219
0.0123699
0.0273492
0.0356054
0.313898
0.227729
-0.222825
-0.107777
-0.035962
-0.275753
-0.191141
0.0902634
-0.0224308
0.146124
0.0101446
-2.71377
0.22204
0.177297
0.0795123
0.436367
0.151764
0.203133
-0.0185336
-0.113172
-0.10491
0.165623
-7.09138
0.0242444
-0.434673
-0.399055
0.227849
-0.255257
0.142185
-16.8148
-0.174171
-0.149035
-0.0552507
-0.0464689
-0.0665665
-0.154671
0.255069
0.166737
1.08965
0.349807
0.036247
0.08538
0.14339
0.353086
0.17312
0.0559774
0.0145077
0.0873956
-19.7014
-0.530449
0.0615348
-0.0282086
0.0617221
0.0801181
0.106013
0.0126845
0.029788
0.135805
0.136396
0.162367
0.102453
0.0803517
0.0499634
-0.00673988
0.0793507
0.0293311
-0.0857111
-0.0666334
0.0832362
0.00176474
0.000936865
0.109455
0.02997
0.00862971
-0.0517261
0.150874
-0.494974
-0.02658
0.077352
0.00880455
-0.00834959
0.00697387
-0.00170954
0.0126277
-0.0387858
0.000101102
0.310488
0.0561671
0.0432498
0.0319087
0.0494999
-0.0848096
-0.694835
-0.00566912
0.0108043
0.0383289
-0.0240757
-0.056057
-0.0359159
0.0468864
0.0365993
-0.0119434
0.155642
-0.610329
-0.253696
-0.0786137
-0.0366857
0.02349
-0.135551
-0.116873
0.0200438
-0.0104452
-0.0715872
-0.126517
0.493444
-0.0800555
-0.122515
-0.0381151
-0.0878596
-0.253278
-0.0834477
-0.00153688
-0.106991
-0.0876048
-0.374716
0.205634
-0.277651
-0.206825
0.0170482
0.237178
-0.0957738
0.330754
0.017185
-0.185967
-0.964953
2.35167
0.00236276
0.295027
0.101717
-0.172562
0.214777
-0.155065
0.176986
6.89765
-0.294707
-0.0376547
-0.0463042
-0.0515227
-0.107791
-0.126185
-1.62574
0.21077
1.72635
0.344677
0.126132
0.18874
0.250106
0.134157
0.113107
0.0610555
-0.0196557
-0.0538298
-14.2771
-0.465715
0.111884
0.120394
0.119091
0.135938
0.0302796
0.103879
-0.0219898
0.0254228
0.0258543
-0.0267229
-0.0950466
0.0604172
-0.0366983
-0.0732333
0.112787
0.170346
0.00107018
0.0913442
0.0638226
0.0273813
0.138202
-0.0514011
0.236687
0.0399395
0.00590788
-0.484004
0.311282
-0.072271
0.0014621
0.101867
-0.036365
-0.107321
0.0200695
-0.0484723
0.0250855
-0.0653451
0.121229
-0.184929
0.140482
-0.0678725
0.00230409
-0.0141149
0.820397
-0.0828593
0.0304884
0.0762379
0.0570469
0.0108496
-0.240152
0.159101
0.160934
-0.055358
-0.0739006
-0.985003
-0.127853
0.057288
-0.0562997
-0.0178986
-0.0505798
-0.00587881
-0.0671952
-0.0101205
-0.0241238
-0.0900593
0.457197
-0.0178415
-0.0505856
0.0151878
0.00574821
-0.1403
-0.253518
-0.203446
-0.0683858
-0.170081
1.86128
0.236412
0.346144
0.0750571
-0.127917
-0.036546
0.0475646
0.137278
0.465522
0.0455916
-0.0563826
1.10702
0.192336
0.664543
-3.31283
0.081192
-0.0468829
0.162665
0.309225
0.225051
-6.28682
-0.0379481
-0.0697879
-0.0235362
-0.0896436
-0.0695763
-2.5775
1.16697
0.250648
-0.644974
0.239197
0.0787146
0.418225
0.251409
0.028206
0.223837
0.105362
0.0346792
0.0948166
8.35621
-0.315123
-0.0102547
0.182514
0.0855469
-0.0540298
0.329803
0.139471
-0.0139719
-0.00152791
0.0600553
-3.85399
0.052848
0.108637
-0.0280391
-0.0417017
-0.0329672
-0.344031
0.244381
0.0828132
-0.0343726
0.0334663
-2.86271
0.0430448
0.0638919
0.0522289
0.144968
-0.470978
0.0584319
-0.0637772
0.0567892
0.0587955
0.0395731
-2.90772
-0.194267
-0.0798617
0.044837
-0.0450607
-0.430279
-0.198896
-0.213384
0.0892358
-0.0436019
-0.356272
1.129
-0.0073128
-0.028571
-0.0260376
0.0924005
-0.0510315
-0.550176
-0.147251
0.116692
0.0778115
-0.120699
0.187905
-0.229501
-0.0346182
0.0124773
-0.103474
-0.0834516
-0.06807
-0.0681403
0.00434735
-0.0206637
-0.0835222
-0.00695245
-2.7886
0.0719559
-0.172312
-0.0614439
-0.000973083
-0.156823
-0.0772958
-0.141721
0.0547213
1.32257
0.260288
-1.75064
-0.361455
-0.0933805
-0.0997298
-0.00100684
-0.0633862
0.0033723
0.454534
0.103477
-5.47753
0.3176
0.71318
-0.155325
-2.63577
-0.267607
-0.271177
0.207766
0.446736
0.135126
-8.50849
-0.0915938
-0.214934
-0.0346983
-0.0492856
0.274193
-1.35018
1.84112
0.266798
0.758876
-0.00945984
-0.228558
0.433198
0.421527
0.341274
-0.414363
0.00606798
0.0890858
-2.66218
12.588
-0.21663
0.348065
-0.265046
0.0860878
0.253214
0.0665699
0.400713
0.0534963
-0.528024
-0.159541
0.995442
0.165759
0.0181134
-0.0355954
0.152146
-0.0650471
-0.129293
0.542183
0.185871
-0.00788537
0.0123464
-1.15275
-0.209787
0.135777
0.0710736
0.015133
1.9117
-1.62244
0.258196
-0.00561801
-0.239473
-0.0353493
-0.850403
-0.168103
0.225851
0.0207036
0.758826
-2.72396
-2.25559
-0.748018
0.411121
0.10477
-0.397295
1.57421
-0.0187371
0.233206
0.0253927
-0.109697
0.409955
0.236327
-0.245499
-0.362306
0.397131
-0.486475
0.823229
0.282459
-0.163996
0.0190832
0.00193946
-0.0275741
-0.0407419
-0.179564
-0.205132
0.333122
-0.071294
-0.296185
-2.71651
0.0362129
-0.218541
-0.161353
-0.0842862
0.194057
0.109535
-0.05814
0.125123
-1.8017
0.261637
-2.32696
0.24921
-0.14283
0.0186354
-0.0751927
-0.179194
-0.392685
0.923236
0.477249
-1.72654
0.340566
0.788487
1.4237
-0.719945
0.442839
0.49808
-0.0140933
0.385876
0.502364
0.159455
-24.7536
0.0358846
-0.202696
-0.22369
-0.09249
-1.73725
0.90914
2.10067
0.278662
0.885528
1.62994
-0.772749
-0.0272101
1.15724
1.61531
-0.80352
0.492398
-0.205881
0.199616
14.7179
-3.02533
0.423128
0.981782
0.445127
1.1656
0.0583501
0.249585
-0.665318
0.0840638
-0.0929873
5.73464
-0.119307
-0.192037
0.175176
0.205248
-1.09553
-2.02528
1.02949
0.317496
-0.388388
-0.0158294
0.642232
-0.148332
2.07236
-0.192163
-0.114865
0.324585
-1.6291
-0.992869
0.60393
0.636647
0.748016
0.798134
-0.269414
2.18748
-0.38485
-3.30589
0.414442
-0.194489
-0.395581
0.27165
0.404563
-0.57775
2.20811
0.320838
-0.551877
0.214001
-0.164089
-2.62943
-2.62467
-1.57648
-0.201621
-0.277238
1.14783
0.61495
-2.38301
-0.47152
-0.0453776
0.159224
0.194176
-3.05349
-2.72826
0.033487
5.7144
0.586484
-0.102592
-3.22293
-1.66179
-0.537781
0.0480864
0.181378
-0.335514
-0.531557
-0.511926
-1.05193
1.74904
0.271423
2.12231
-1.16504
-2.26883
-0.0777426
-0.073349
0.498032
0.204994
-0.735529
4.29084
8.42478
0.36991
0.85479
1.82628
2.12343
-2.62713
-2.56406
-2.47576
-1.97754
0.731609
0.543165
0.369548
10.4889
1.26011
-1.42508
-1.34901
-1.71485
-1.21461
-0.220865
2.11803
0.288309
0.468599
0.316742
-1.20909
1.26181
-0.475404
0.720263
0.409349
0.286098
1.27609
-1.38208
17.2086
2.60288
-1.73612
1.05603
0.78312
-1.80653
-1.59584
-1.27201
1.90712
-0.0265157
2.57356
-0.99334
0.812785
3.94399
0.582075
-1.78946
0.0121942
-1.45568
0.471637
-1.34145
0.72218
0.620709
-1.95062
-0.63036
0.659784
1.24619
0.819819
0.61219
-0.300061
0.285491
-0.573521
0.0126225
2.19331
0.423524
-1.50621
0.507987
1.36709
0.67659
0.466355
-0.0375845
0.870136
2.06787
-0.440311
-1.96758
2.88504
-0.834848
0.396704
0.946312
0.167692
-0.228833
-0.689702
-1.73127
0.0336993
2.05053
1.08696
1.2231
-0.0952358
1.42711
0.463476
-1.67123
-1.44707
-1.82332
1.46476
1.42723
-2.49548
1.68189
0.376008
-0.304096
-1.2873
1.12545
1.0032
1.49499
0.453952
0.373463
3.24698
0.179338
2.53222
0.28984
2.8971
0.667568
-2.0846
1.69221
0.9569
1.50277
-2.4167
-0.215886
0.59749
0.810697
0.399361
0.917407
0.444787
0.0134045
-1.93194
-1.40195
-0.638712
-1.75837
3.03474
0.849229
0.543136
0.369817
10.4908
1.65029
1.90306
1.72933
5.91105
5.33295
4.02316
2.11831
0.288356
0.468655
0.332058
1.42953
-0.0287273
-1.07399
-1.71733
-1.35038
-2.08725
-0.0255647
1.01778
17.225
2.8111
1.21569
0.773092
-0.497074
0.700069
-1.37808
1.86755
0.234207
-1.03301
0.215522
7.34702
0.918619
0.434118
-0.315118
1.23974
3.13577
5.24906
0.508452
1.02819
-1.19286
0.377225
10.3768
0.363817
-3.00078
-1.95236
1.17975
0.86386
3.69726
3.60018
0.871857
-3.61241
-0.330737
3.41999
0.719506
-8.26574
0.262331
2.32192
4.83801
4.59332
2.08059
-5.00983
-0.543403
0.265452
2.88682
0.471841
-5.20505
-1.49433
3.54053
4.78962
5.49121
0.310465
-0.23999
1.01512
1.29783
1.22397
3.49108
-0.764279
-0.356495
-0.0811645
3.12506
3.97901
0.171894
-4.78627
1.23808
3.65652
0.376208
9.67861
1.16152
-2.65006
-3.51799
-1.4045
-2.02456
-1.2898
0.0304288
1.50089
2.53288
0.289887
2.99568
1.13548
1.22694
0.0834609
-1.15829
-2.7587
2.71503
2.02258
0.625772
0.813555
0.399421
0.917044
2.52962
6.09504
10.5531
6.6659
6.8299
19.0515
3.21332
0.849401
0.560321
