0
0
0
0
0
0
0
0
0
0
0
0
0
0
0
0
0
0
0
0
0
0
0
0
0
0
0
0
0
0
0
0
0
0
0
0
0
0
0
0
0
0
0
0
0
0
0
0
0
0
0
0
0
0
0
0
0
0
0
0
0
0
0
0
0
0
0
0
0
0
0
0
0
0
0
0
0
0
0
0
0
0
0
0
0
0
0
0
0
0
0
0
0
0
0
0
0
0
0
0
0
0
0
0
0
0
0
0
0
0
0
0
0
0
0
0
0
0
0
0
0
0.457192
0.381691
1.00271
0.275906
-0.128035
21.335
0.137373
-0.324677
-0.773689
1.00111
-0.186973
-0.377694
-3.26902
0.258313
0.60508
-0.408154
-0.485546
-8.52052
0.0930273
0.17637
0.55367
-0.136261
0.586022
-1.08175
-0.217984
0.0605412
0.0846398
0.502734
0.193175
0.371748
1.01514
0.0889938
0.0743267
0.132001
0.0379676
0.365997
0.389714
0.306291
0.914119
0.570226
0.216911
0.00786816
0.242361
-0.171537
0.416625
0.469971
0.354533
2.78462
-1.98133
2.47876
3.16188
-1.74408
-1.54554
-2.0816
3.23031
0.453685
0.828145
1.44951
-0.0144881
-1.4905
-0.826337
0.268026
-0.754877
1.00865
0.642584
0.280847
0.281468
0.875929
5.90627
0.511002
0.2694
-0.103716
0.0340109
-0.25222
-0.375985
-0.966188
0.207973
0.90031
0.139214
-0.57969
-8.0755
1.09633
0.328124
0.0327122
-0.155001
-0.0536781
-0.119394
-2.59158
-0.0298017
-0.230678
3.26746
-0.163964
-0.331573
-11.1525
-0.232993
0.732607
0.491222
0.00797137
-0.20422
-0.110778
0.172227
0.189207
0.00816429
-0.0754053
0.86598
-0.966761
-0.360486
-4.26917
-0.53706
-0.197901
0.560339
0.392493
-0.0403187
-0.0523126
-0.398966
0.109215
0.0696747
1.70335
-0.173783
0.853251
0.0187573
-0.532752
11.9737
-0.181206
-0.518312
-0.663157
-0.0841267
0.222086
-0.119519
0.581262
-0.40828
-0.13959
-0.752937
0.159353
-0.17586
0.984
-0.141596
-0.559435
-7.47441
0.109982
0.170923
-0.176128
-0.393269
-0.660304
0.0395012
0.174745
-0.420815
-0.848068
0.312561
-0.0523297
0.0712199
0.0132478
1.06226
-0.0152863
-0.266999
4.86319
-0.410662
-0.157204
0.125157
0.382914
0.159883
-0.804136
0.0574279
-0.433753
-0.521473
2.53444
-0.0294759
-0.15406
-0.016785
-0.155007
0.754294
-0.530971
0.170949
10.4519
0.04083
-0.289862
-0.17449
0.16987
0.738905
0.900043
-2.55848
-0.400826
-0.0897912
1.75641
0.118838
0.0125603
-0.102261
-0.12901
0.150433
0.623831
0.0756231
0.117541
3.14652
-0.149401
-0.365703
-0.128112
-0.172733
0.121638
0.7855
9.78622
0.375836
0.280646
-0.782737
0.0794379
0.089285
-0.0384278
-0.195384
0.312546
-0.248068
0.471302
0.434321
0.327355
1.55397
0.816582
-0.136429
-2.18916
-0.33449
0.233927
-0.009001
2.83858
0.808617
0.276339
-0.521148
0.349582
0.30624
0.130814
0.231182
-0.0811426
0.714861
-0.658219
-0.340009
0.357689
0.492988
3.14341
-0.0556809
-0.108454
-0.10331
-0.199681
-0.323897
0.444748
-0.794569
0.243247
1.60411
6.2993
1.03847
0.599989
-0.104954
0.291241
0.478135
0.0489723
0.18752
0.347752
2.49213
0.125488
0.423932
11.4372
0.183844
-0.040337
0.0423165
-0.0837715
-0.0330644
-0.00264365
-1.91557
-0.0166677
-0.215083
6.63846
0.847101
0.422184
0.338668
0.161851
0.149974
0.156335
0.00221485
-0.0331744
-4.89302
6.27174
-0.198668
-0.27394
-6.485
-0.14917
0.0987195
0.00270036
-0.0140434
-0.0819319
-0.097177
-0.512381
0.180564
-0.92073
-6.58124
0.113881
0.79005
0.369168
0.305207
-0.0580186
0.0318127
0.0617858
0.1241
10.6977
5.6639
-0.134119
0.356203
-0.191544
-11.7502
-0.458883
-0.192556
0.127471
-0.0493994
0.0237024
-0.0802421
0.479537
0.169647
-0.48333
-4.76781
-0.657528
-0.23056
0.75062
0.30504
0.0556145
-0.00532923
0.0669483
0.0259693
-9.25475
5.36772
-0.11374
0.243511
0.0732295
-0.23748
-9.96717
-0.554923
-0.423662
-0.103447
0.0572785
0.0915917
-0.00136413
-1.30826
-0.211654
-0.512201
7.11517
-0.276901
-0.370569
-0.347006
0.804192
0.218284
0.0163945
0.0307211
-0.0602258
0.0857138
44.8747
-0.128791
-0.231518
0.362054
0.412531
-0.20077
-2.52963
0.0101821
-0.13943
-0.40486
-0.173911
-0.013166
-0.0772948
0.599581
-0.118947
-0.808368
-0.687904
-0.108572
-0.142995
-0.405225
-0.376587
-0.148061
0.14628
0.192635
0.223369
0.65504
-26.346
0.367365
-0.0160991
0.0574713
0.960583
-0.844704
-0.21164
-0.292197
0.146902
0.0633237
-0.0737444
-0.397457
-0.276167
-0.0669595
-0.279765
-0.11354
0.824826
-0.67529
0.162527
0.0167966
-0.0135724
-0.177244
0.016907
-0.568663
-0.312999
0.0670603
-6.31859
-9.73722
0.0174921
0.17162
0.0970938
0.0512994
0.937846
0.0476022
-0.315931
-2.38133
-0.0190208
0.0960523
0.037611
-0.0585135
-0.314891
-0.397484
0.512596
-0.217167
0.0346769
-1.07771
0.12379
0.053005
-0.0420857
-0.198193
0.23171
0.365282
-0.675007
-0.454777
-5.25622
-4.61571
0.0311399
0.0566235
-0.0383635
0.0762821
0.145977
0.562277
0.254547
0.0373992
-9.21436
0.0123668
-0.243754
-0.0919538
0.0318714
-0.0114414
-0.342048
-1.05946
0.0824006
0.0807173
-2.56371
0.0307907
-0.0207236
0.115856
-0.010479
-0.252602
0.39256
0.647429
-0.632071
1.6225
28.4674
-0.0543844
0.00822015
0.0782274
0.0095362
0.0543278
-0.0864632
0.139968
-0.145356
0.0106533
-8.25206
-0.0908586
-0.0531016
-0.155731
-0.132953
0.113538
0.162653
1.11773
0.136918
0.260437
0.0398143
0.18435
-0.0426574
-0.174816
-0.0118647
-0.0121382
0.162318
0.63264
1.0831
-3.58423
-11.9203
0.0222351
-1.10435e-05
0.109876
-0.0419931
-0.119056
0.104788
-0.210585
0.067477
0.35633
0.254813
0.252622
-0.061255
-0.882731
-0.0835143
-0.131843
-0.104896
0.086969
-0.579237
0.158969
0.234109
-0.990788
-0.299565
-0.0459098
-0.267548
-0.0412551
-0.0930285
0.550035
0.32366
0.81158
32.3165
17.3019
-0.141772
-0.00302461
0.148315
-0.0539872
0.0980581
-0.0424149
-0.0997451
-0.407509
-0.668374
0.216696
0.714048
1.12289
-0.529463
-0.157844
0.00206896
-0.0846129
0.0431759
-0.265177
-0.731508
0.106061
0.4875
2.44974
0.285735
-0.324834
0.157513
-0.341369
-0.0548915
0.00277468
-0.0517666
0.0720885
-0.531035
62.3343
1.02543
0.0242801
0.000355701
0.0845911
0.169914
-0.0307293
0.03854
0.157483
0.0640936
-0.461074
-0.0817897
-0.173992
5.72119
-0.240101
0.0974977
-0.125159
-0.0892917
0.0304413
0.0204514
-0.582438
-0.309829
-0.167051
3.57913
0.447237
0.126208
0.039804
-0.0431385
0.0364259
0.0739717
0.048564
-0.0500769
-5.57669
-51.4904
0.887399
0.722844
0.0252007
0.156795
0.0374116
0.0834685
-0.072361
0.151347
0.0680893
0.275652
-0.697947
0.429709
-0.194582
3.06893
0.0593205
0.0773105
-0.0102335
-0.0571114
0.038362
-0.0673037
-0.670804
0.0713694
-0.338485
-2.29809
-0.101509
0.0821125
0.0102197
-0.0413469
0.22898
0.134109
-0.0713439
0.00147146
1.01405
-51.779
-0.656955
0.26783
0.693598
0.110551
0.251025
0.0683977
-0.012404
0.0898625
-0.0254867
-0.0412469
-0.365991
-0.341987
0.0779564
-0.154079
1.04399
0.070833
0.120328
0.0903722
0.000366567
0.0247411
-0.138659
-0.227805
-0.158136
-0.183275
-4.30102
-0.329109
-0.289895
0.121268
0.078115
0.137302
0.0251419
-0.0466666
0.0384058
-8.41981
-18.3238
-0.529767
-0.499225
0.319117
0.729678
0.244937
0.103608
0.136817
0.0475723
0.0629554
-0.139474
-0.369761
-0.411654
-0.136391
0.714748
0.0134322
-6.10999
-0.172992
-0.280027
0.0295207
0.0616937
0.0768051
0.0481896
0.806357
0.0333678
-0.0686608
-4.56361
-0.624407
-0.39314
-0.170431
-0.254988
0.132733
0.114592
-0.129807
-0.0214223
0.324602
-49.9051
0.0472323
-0.170237
-0.641831
-0.095822
0.853811
0.410676
0.00592656
0.00676938
0.0446321
-0.0170473
0.0554581
0.0091666
-0.279755
0.403375
0.023161
0.159115
7.53226
-0.19378
-0.134383
-0.307903
-0.183798
-0.148487
0.0356055
0.504068
0.122655
0.0114868
-2.51641
-0.298385
-0.00701383
-0.354213
-0.264578
-0.614489
-0.0903069
0.055546
0.164183
1.05052
3.1028
0.0431352
0.00672879
-0.149105
-0.403876
0.118446
0.182701
0.294431
0.223627
0.228706
0.213768
0.443488
0.241561
0.313649
0.251983
1.32338
-0.0464952
0.113298
-0.744322
0.28727
-0.10024
0.0688427
0.00973714
-0.210464
-0.651568
-0.230614
0.118857
0.440576
3.01488
0.445945
0.034746
0.209911
-0.169653
-0.217503
-0.484512
-0.380438
-0.306798
-7.91986
17.6622
0.16933
0.0827356
0.0677953
-0.0845937
-0.0510762
0.780193
-0.863777
-0.450916
-0.0968677
0.303343
0.232477
-0.0526555
0.0933284
-0.129181
-0.0533661
0.97222
0.286275
-0.288302
8.10534
0.173199
-0.0585389
-0.0291269
0.0616296
0.0273455
0.126605
0.0140418
-0.0181858
-0.0733413
-0.786036
0.0133482
0.00220562
-0.0127831
0.082325
-0.0923861
-0.295097
-0.244664
-0.311
-1.19383
16.3511
0.00584037
0.00959698
0.130811
-0.0584194
-0.0408847
0.0716286
0.786159
-0.533455
-0.338262
-0.193297
0.0540698
0.192048
0.137604
0.0414772
0.0457177
0.0928141
0.70181
0.0474226
0.167769
7.36593
0.0586621
0.0210358
-0.0316546
-0.0836105
-0.0189772
0.146612
0.764115
0.119916
0.503348
2.33364
-0.0467588
-0.000951697
-0.0333516
-0.0631103
0.0888862
-0.0266914
-0.0600803
-0.380376
-7.0398
8.23194
0.0747629
0.10414
0.00125895
0.0758194
0.157837
-0.0706968
0.102811
0.923888
-0.486175
-0.400045
-0.231401
-0.0308708
-0.0296868
0.0892616
-0.0131225
0.245938
-0.0697476
0.141765
-0.241109
-0.118947
7.7158
-0.280166
0.151688
-0.0422692
-0.0149133
-0.197503
-0.375704
-0.525417
0.0456739
0.31589
0.241761
-0.132038
0.0513271
-0.0897798
0.0662244
0.133937
0.0261992
0.3423
0.166755
-0.281713
-32.9415
-0.0132183
-0.0739888
-0.0086639
-0.0514193
-0.000665572
0.100094
-0.105559
0.125838
0.891197
0.237884
0.206523
0.208483
0.0495737
-0.0734004
-0.0750359
0.240417
0.0316096
-0.445288
-0.0166424
0.365331
0.225746
4.02653
-0.111468
-0.00234876
-0.110101
-0.185909
-0.00268866
-0.223333
-2.34427
0.134753
0.190549
1.84247
-0.176314
-0.0104272
0.129914
-0.079958
-0.21162
-0.287931
0.147906
0.202479
-1.56217
11.4413
0.177864
0.0553726
-0.0249895
-0.0141069
-0.0710858
0.00381506
0.0384704
0.0265251
0.428172
0.769202
-0.428701
0.196193
-0.0476409
-0.237732
0.207643
0.171803
0.10212
-0.187463
-0.45158
-0.770688
0.118193
0.568048
0.0142649
0.0102182
-0.026605
-0.151657
0.089877
-0.0531278
0.040104
1.12059
-0.0833455
0.498258
-4.75562
-0.133136
0.0683071
-0.186917
0.0879856
0.0306544
0.0137135
-0.0339963
0.252745
-7.05194
30.9649
0.382594
-0.0899814
0.277043
0.126047
-0.0630544
0.173397
0.0899385
0.0885879
-0.0402991
-0.142523
1.49193
0.815648
-0.147905
-0.0264511
0.0514642
0.0422877
-0.237476
0.00695389
0.0582767
0.185927
0.0119162
-0.484299
0.36472
-3.59285
0.141457
-0.148577
0.0054736
0.00870085
0.0181381
-0.0853882
0.595356
0.0646972
-0.178592
-0.831683
-0.0212477
0.0331301
0.0702169
-0.106387
0.0716725
-0.0144548
0.0881169
0.0206947
8.30796
12.5224
0.184144
0.187005
-0.0326042
0.147265
0.114642
-0.063909
0.152414
-0.0491655
0.0377028
0.179883
-0.460644
1.01953
0.608617
-0.179495
0.177464
0.0517463
-0.144235
-0.0545779
0.0876468
0.26778
0.21281
-0.249094
0.0622342
-0.193935
-4.43684
0.183743
-0.0171372
-0.0865751
-0.0333669
-0.0676231
0.198705
0.447379
0.2741
-0.2695
-4.69206
-0.0454468
0.064613
-0.0227957
-0.00875643
-0.227221
0.0942601
0.138834
0.155265
1.1051
1.9381
-0.375939
-0.264514
0.176119
0.0534966
-0.044153
0.145332
-0.00459642
0.00095582
-0.0914415
-0.178949
-0.388181
-0.50993
0.685553
0.554808
0.151056
0.335394
-0.102137
0.0752842
0.0812079
0.214394
0.195082
-0.368031
-0.263356
0.660821
0.0381059
4.67279
0.363581
0.13061
0.0351996
0.0736751
0.0513078
0.0415986
-0.649998
0.0665196
-0.0514583
-5.56766
0.232707
0.0302077
0.18457
-0.0723901
0.292198
0.114592
0.144105
-0.103395
16.0774
67.1439
-0.175964
-0.207929
-0.142679
0.241432
0.0914213
0.0714467
-0.00821206
0.05191
-0.0631135
-0.21843
-0.4746
-0.396292
-0.585258
0.649014
0.622621
0.344311
0.19399
0.000397655
0.0273743
0.103446
0.105481
-0.181447
-0.390456
-0.340099
0.203029
0.221259
-0.658966
-3.47964
-0.0974319
0.0653481
0.0522619
0.241642
0.0883746
2.14843
0.209547
0.112658
4.79931
0.121077
0.0276031
-0.155976
0.20641
0.378295
0.300804
0.0237331
-0.0369893
-4.40772
13.8843
-0.832648
-0.245302
-0.243629
-0.173778
0.370659
0.196496
-0.0662545
0.167085
-0.142551
-0.388677
-0.331813
0.0286067
-0.439867
-0.993896
0.467712
0.636007
0.223878
0.130909
-0.0939344
0.181619
0.0342832
0.363305
0.00106551
-0.339959
0.56302
0.336654
0.293826
1.20913
0.590085
-0.502072
0.102806
0.0592992
-0.112806
0.0753448
-3.57451
0.233753
0.163639
2.25501
-0.0223059
0.10182
-0.108268
0.0260862
0.109343
0.0645493
0.169275
-0.293857
-6.49912
25.9956
-0.307607
0.212193
0.177
0.000363626
-0.67446
-0.145994
0.123054
-0.357798
-0.123861
-0.239332
0.467235
-0.38349
-0.172651
0.247579
-0.113358
1.25583
-0.235873
-0.180507
-0.193706
-0.34233
-0.124574
-0.124369
-0.23726
0.207334
-0.709543
1.12142
0.0681211
0.20485
-8.31438
0.145146
0.0407849
0.00749563
0.0941118
0.107374
0.181451
-0.438889
0.171848
0.783709
5.54937
-0.254844
-0.00052255
0.00958815
0.350619
-0.0278618
0.197442
0.20708
0.259308
9.98648
-2.37688
0.0944384
-0.116986
0.231128
0.0330597
0.0833096
0.0669196
0.105415
-0.0126812
-0.057012
-0.674635
0.263341
-0.0827204
-0.0403645
0.126533
-0.110321
0.134447
1.12295
0.0112377
-0.449029
-0.342075
-0.124557
0.158416
0.158529
-0.134078
-0.225224
0.079851
2.17785
0.183718
0.28939
-1.94711
-0.161082
0.0838531
0.00839824
-0.100656
0.0202293
0.101171
-0.0436037
-0.0686244
-0.0603692
3.55786
0.163864
0.108341
-0.079097
0.171434
0.0942305
0.102711
0.068097
0.0238743
-0.0589201
-61.9461
-0.180577
0.114959
0.0818937
0.00190308
-0.0832755
0.121461
0.0305611
0.0811984
-0.0782593
0.208668
0.0671307
-0.0571715
-0.0537517
0.0198113
-0.0229794
0.0242538
0.0326241
0.90478
0.08376
-0.460197
-0.242758
0.170764
0.0877801
0.0999451
-0.0103977
0.144369
-0.659493
0.23879
0.152554
-0.0105994
1.02037
-0.0987386
0.000276257
-0.0404256
-0.1394
-0.0997158
0.106103
-1.28285
0.0298609
0.412239
4.41237
0.00979453
0.0688393
-0.122722
0.212461
-0.128028
0.0538459
0.107852
0.167892
5.44054
18.5645
0.0460222
0.154929
0.105969
-0.155511
-0.00993086
-0.0573882
0.0239539
0.0256705
-0.027694
-0.273814
0.490949
0.0964234
0.17772
0.0225458
0.204482
-0.148311
0.0499862
-0.0792933
0.927211
-0.0430987
-0.299337
0.0515049
0.12183
0.0832586
0.134742
0.221128
0.856893
-0.163727
-0.183762
-0.157309
-0.127432
-3.26943
0.0566003
0.00280173
-0.0107757
0.0341669
-0.0860519
-0.013689
0.241201
0.11463
-0.39149
-3.2417
0.0682368
0.0143664
0.107191
-0.130768
-0.0389201
0.0208465
0.0533232
0.158051
-0.524386
-26.1568
0.301793
0.116481
0.118595
0.0697894
-0.0694233
0.154481
0.209145
0.220497
0.152046
0.318944
0.0180057
-0.0302809
0.11146
0.143581
0.0210175
0.0152019
0.0852417
0.0359715
-0.377635
1.07752
0.629121
0.33021
0.14526
-0.0148389
0.0330794
0.206036
0.739636
-0.057809
-0.404788
-0.264367
0.405178
0.312313
1.31541
-0.196117
-0.185978
-0.0948915
-0.0414615
-0.243251
-0.285621
-3.43692
0.22181
0.239671
-4.79427
-0.0959728
-0.0600956
-0.125683
-0.104493
-0.0932465
0.0439788
-0.0690522
-0.286193
-0.230572
28.9479
0.158455
0.00764641
0.167738
-0.00190069
0.00414006
0.239438
0.128439
0.00708648
0.478779
0.303744
-0.368281
-0.224301
0.0666105
0.14671
-0.200321
-0.459357
-0.164962
0.133647
0.112739
0.298535
0.956183
0.131733
0.485375
-0.0664369
-0.4023
-0.114032
2.02818
0.106772
-0.179573
-0.531094
-1.15392
0.0433699
-0.00183736
0.616392
0.124845
0.0195422
-0.0918394
-0.0218788
0.0167503
0.123888
0.0165672
0.314342
0.096511
2.65153
-0.214003
-0.0752643
-0.0171973
-0.0631643
0.0111379
-0.0291506
0.0757331
0.0321823
0.896208
30.3539
-0.0968235
-0.0355989
0.0249674
0.092572
0.0939446
-0.0668566
0.111291
0.138914
0.129518
-0.121607
0.223284
0.408167
0.00573447
0.0751359
0.292961
-0.156495
0.198622
0.0542092
0.232274
0.0264208
-0.00871516
0.949943
0.0134305
-0.0961176
-0.140052
0.0954995
-0.125795
0.325743
-0.0584078
0.0508538
0.0970591
0.159236
0.568148
0.128067
-2.41906
-0.232358
-0.00918089
-0.0503933
0.0319407
-0.106118
0.0574757
0.346353
0.0190158
0.181363
-2.68299
0.152361
-0.02337
-0.0966294
-0.00459394
0.106027
0.0399635
0.0734051
0.0950072
-1.06026
12.654
0.0301237
-0.0540264
0.143552
0.0741018
-0.127939
-0.0110606
0.0124958
0.187851
-0.0270522
0.500156
0.272397
0.126692
0.0853724
-0.111776
0.351119
-0.108106
0.0173038
0.0394637
0.0659283
0.0594388
0.189807
-0.438622
0.99876
0.299636
-0.190998
0.00363594
0.096805
-0.272941
-0.113416
0.108999
0.199504
0.495163
-0.50403
0.106883
-0.3564
2.17255
-0.0016716
-0.0289575
-0.0112947
0.0266989
-0.0253327
-0.0126344
0.00264888
-0.108822
0.0221927
5.7877
0.105403
0.301043
-0.0312781
0.0170031
0.0621606
0.0105938
0.0408068
-0.0737683
-6.1425
47.2192
0.239572
0.107794
0.0758256
-0.127412
0.048697
0.0102578
0.0807368
0.08425
0.209326
0.278484
-0.365275
-0.0400736
-0.0316494
0.186319
0.222093
-0.045619
-0.0538188
0.0614692
0.0309269
0.180823
0.0738847
-0.493672
-0.314631
1.00275
0.603959
-0.576716
0.04068
-0.00986759
0.305667
0.112275
0.13451
0.225126
-0.386566
-0.391199
-0.208215
0.127248
4.95966
-0.354455
0.0377017
0.0379195
0.0651488
-0.00451231
0.0988574
-2.41603
0.159985
-0.0595501
4.28636
0.245067
0.198001
0.00869186
0.0120809
-0.0894297
0.0327792
0.139179
0.178914
-9.9723
5.48635
0.0225043
-0.128748
0.190821
-0.014885
-0.0785197
-0.122138
0.161577
-0.0322529
0.0158222
0.035223
0.302285
-0.0792078
-0.177301
-0.0454315
0.342283
-0.0488748
-0.119551
0.165207
0.187861
0.0871481
-0.0637056
-0.38113
-0.288812
-0.374164
1.31667
0.607455
-0.916907
-0.00682063
0.0074556
0.136023
0.165151
0.0695589
-0.554654
-0.289372
-0.461801
0.345515
0.287157
0.194991
-3.14581
0.340981
-0.0783769
0.166486
-0.258233
0.0627248
-1.05611
0.232929
0.115575
-11.0878
0.0837059
0.144044
0.160249
0.250569
-0.0562527
0.0569605
0.11853
0.208426
4.38091
40.2804
-0.0843718
-0.0932961
-0.0979561
0.208191
0.25952
-0.0972472
-0.0114932
-0.205014
0.508927
0.309844
-1.19235
0.0231251
-0.213695
-0.123547
0.102027
0.0503382
0.525148
0.12369
0.243585
0.212348
-0.0442152
0.0300659
-0.00123862
-0.152197
-0.319895
1.96395
2.58949
-0.341746
0.255595
0.283507
-0.0752543
0.483598
-0.245331
0.141459
0.0567408
0.762388
0.274559
0.255816
-1.21514
0.196481
0.0915667
0.0223795
-0.0679487
0.077259
-0.071623
0.120945
0.192625
0.0868397
0.796586
-0.248935
-0.0687973
0.0562593
0.120211
-0.195124
0.0707609
-0.09798
0.0496647
-7.60111
3.68569
-0.0302041
-0.00100289
0.0752904
-0.161891
-0.0975051
-0.00552506
-0.110917
0.0829723
-0.259236
0.271121
0.0244632
0.0377227
-0.0467904
0.0283898
0.118291
-0.335809
-0.0241038
0.263744
-0.0151347
0.246159
-0.041808
-0.171182
0.165436
0.00196259
0.0828877
0.072925
2.68453
0.490616
-0.256529
-0.0770635
-0.182589
0.0500463
0.204542
-0.190202
0.0486319
-0.368374
0.856073
-0.302258
0.0797995
-3.3513
-0.147233
0.013987
0.0359646
0.150416
0.119341
0.0456046
0.625979
0.0696631
-0.112288
-1.83812
0.265246
0.0174843
0.0263903
0.00286622
0.196455
-0.12621
0.0559277
0.211544
-4.82333
12.6902
0.158062
0.0420703
0.0308922
0.0439679
0.0248727
0.0823217
0.0489775
0.230118
0.051011
0.0621303
0.0988015
0.0715963
0.103603
0.040466
0.0895058
0.158393
-0.023053
0.271385
0.110006
0.0359854
-0.0472773
-0.174716
0.000389574
0.0863155
0.0462365
0.28736
1.44537
1.16872
0.680413
-0.130908
-0.0524704
0.206011
0.0746771
-0.0332559
0.0527553
0.174863
-0.716878
0.199513
-0.0459105
-0.0254651
-7.43893
0.0848206
-0.00571077
0.067708
0.0212878
-0.0511293
-0.143926
0.413177
0.257678
-0.120279
-1.85985
-0.118776
0.039093
0.0421987
-0.0696085
0.0162225
-0.0749502
0.0107804
0.201228
2.0757
-9.91246
0.104216
-0.0231721
0.0952658
0.0277008
0.0158564
0.120785
0.0486231
0.0574743
0.100334
0.256703
-0.0934773
-0.00496702
0.100004
0.0452776
-0.0838682
0.0177982
-0.0131853
0.0315511
0.232085
-0.182294
-0.0555349
0.237688
0.095893
0.191237
0.187574
-0.0618888
0.498107
-0.218616
1.03522
0.666375
-0.253349
0.0832044
0.256013
-0.0340826
0.0823198
-0.0717591
0.00988396
-0.0428852
-0.101634
-0.804794
0.113534
-2.18838
0.187725
0.132542
-0.0273287
0.0377252
-0.0262263
-0.00838933
-1.1752
-0.00553551
0.0232773
-0.0520132
0.260494
0.165578
0.059411
0.0604795
0.0659275
-0.0819675
0.0212605
-0.0181866
-9.02918
-49.1809
-0.0110504
0.0119328
0.0692445
0.0626326
0.0349188
0.112096
0.0887122
0.104742
0.0436483
-0.0870164
-0.15502
0.10066
0.04199
0.0461681
-0.0923834
0.120777
0.00563496
-0.129888
-0.0356343
0.157925
-0.225732
0.154119
0.0547165
0.189175
-0.0876548
0.145455
-0.110994
-0.123442
-0.429046
1.01015
0.420133
-0.43156
0.0216457
0.172162
0.144888
0.00839417
-0.525335
0.0553096
-0.254417
-0.281298
-0.0063512
-0.10209
-4.07664
0.0601956
-0.00317845
0.0759419
-0.0743627
-0.0931091
-0.0771994
-0.0307386
0.290424
0.756205
5.06827
0.0988859
0.165053
-0.0496203
0.123743
-0.0806914
-0.106018
-0.379801
0.0143617
-4.48059
-11.4709
0.0474521
0.0759951
0.0601458
0.0221277
0.13181
-0.0951555
-0.0544389
0.169451
0.196505
-0.213466
0.0784265
0.109394
0.278464
0.129075
0.0776114
0.070654
-0.217908
0.0322538
-0.0522059
0.130603
0.651035
0.205909
0.0644628
0.155274
0.0841365
0.341313
-0.0627304
-0.443469
-0.114418
-0.617962
1.11325
1.77479
0.175375
0.137114
0.108102
-0.0444038
-0.240614
0.049259
0.0738792
-0.375733
-0.649935
0.415011
0.328428
0.436481
-0.463856
0.147783
-0.00314185
-0.222013
-0.152452
0.777384
2.64742
0.271743
0.24004
4.2958
0.37788
0.474548
-0.0983242
-0.210699
0.586625
-0.312207
-0.141351
-0.0952004
2.63094
-42.1766
0.362176
-0.0709031
0.321859
0.0573065
-0.0362226
-0.0916712
-0.0536474
0.291185
0.0949247
-4.86669
-0.500059
0.737417
-0.0109167
0.279776
0.0548626
0.0674434
0.0741779
-0.0705959
-0.049425
0.2084
-0.121818
0.218809
-0.275094
0.0206642
0.146299
-2.81115
1.08301
0.84217
0.555839
-0.0779343
-0.168161
1.31278
0.161205
0.958414
-0.0568769
-2.37518
-1.74236
-0.408559
-1.33464
0.141134
-0.667233
-0.624716
0.0930558
-0.105474
-1.10918
-0.260176
-0.103881
-0.005539
0.0351134
0.0206519
0.226201
-0.13187
0.263728
-0.714473
0.444035
0.0653903
0.0272775
-0.0197424
-0.0294456
-0.110616
0.0965174
-0.0153615
0.142227
-4.86923
22.0812
-0.0347438
0.0592543
0.0730384
-0.0981534
-0.0811659
0.0258379
0.00571684
0.138823
-0.0306556
-0.0137862
0.0752182
-0.0388432
0.110405
0.0983297
0.0248856
0.136815
-0.200526
0.190254
-0.0417223
0.205321
0.0601676
0.147279
0.275305
-0.0369078
0.0388687
-0.383017
-0.514563
-0.406448
0.107774
0.116292
0.011102
-0.16667
0.911774
-0.473656
-0.311758
-0.0732955
0.945102
-0.105331
0.151419
0.0563705
0.127983
-0.0282058
0.141077
0.397059
0.0316381
5.05607
0.0400009
0.0666232
-0.0286958
-0.0467315
0.128659
-0.0590061
1.46896
0.023271
-0.518813
2.52187
-0.139471
-0.0227666
0.107279
-0.0372486
-0.153111
-0.0360281
0.129736
0.213278
-7.27631
12.1587
0.115546
-0.0243044
-0.0672697
0.0960548
-0.0167569
0.0604107
0.130235
0.0912702
0.159025
0.26292
-0.0924306
0.0699757
0.13897
0.115505
-0.129097
0.156611
0.143766
0.0875479
0.10778
0.0718111
0.543104
0.0734397
-0.100387
0.0444027
-0.0267826
-0.0174769
0.966108
-0.0476367
0.181088
0.211547
-0.0478182
0.415941
0.0391494
0.906909
-0.148168
-0.170795
-0.346744
-0.0571445
-0.0222296
0.109188
0.0830367
-0.0355072
28.1302
-0.440108
0.162728
0.433099
1.24098
0.0466173
-0.00128932
0.0677947
0.0263079
0.130007
0.00936726
0.338213
-0.095238
-0.0377826
1.53463
0.100664
-0.00184282
0.087662
0.0544126
0.0662884
-0.00191889
0.0776646
0.175093
9.09039
20.5948
-0.0178466
-0.0478212
-0.0915969
0.0664142
0.0689994
0.0246378
0.115017
0.0702517
0.0243498
0.336399
0.0668734
0.086935
0.145526
-0.0394909
0.0519815
0.0546195
0.0182903
0.192296
0.174067
-0.0053299
-0.119217
0.152904
-0.160238
0.0961531
0.260604
0.539036
0.419895
-0.178624
-0.032992
0.122306
0.138659
0.308528
-0.197682
-0.104315
1.02248
0.0890067
-0.333406
-0.246794
0.0229383
0.0298788
-0.0180262
0.095847
-3.28863
-0.369495
-0.380644
-0.0644814
-0.039578
9.03864
0.173132
-0.0894478
-0.00503289
0.0289569
0.0483425
0.00744082
0.402965
0.100122
0.422685
0.175319
-0.0659809
-0.000716592
-0.0115595
-0.0150409
0.05896
0.0480213
-0.0450766
0.128921
4.92439
-17.5163
0.260164
0.20249
-0.0161472
-0.00234011
-0.0618794
0.0573188
-0.0461459
0.136332
-0.0220864
0.16975
0.0465327
-0.0621151
0.160918
0.0594304
-0.0186277
-0.10236
-0.0222102
0.117696
-0.119039
0.12468
0.303356
0.20503
0.036348
0.0505243
0.061752
0.0157423
0.773726
0.253157
0.125459
-0.0606096
0.0275232
-0.547885
0.40142
-0.15256
0.000118479
1.20361
0.945702
0.171398
-0.0326324
0.0884001
0.158297
-0.108649
24.1064
-0.184742
-0.300515
0.0246915
0.188002
0.223836
7.21638
0.135225
0.00772193
0.10439
-0.0207025
0.152255
-0.0446626
1.29438
0.129195
0.0852836
-0.265548
0.0653399
-0.203325
0.197027
-0.181229
-0.0193665
-0.00294233
-0.141982
0.158006
-2.64511
-25.5716
0.00835013
-0.013826
-0.0939272
0.0573693
-0.0746929
0.0633697
-0.0220202
0.110218
-0.0735378
-0.244857
-0.10658
0.123167
0.165002
0.0377514
-0.172723
0.118444
0.0633742
-0.115033
-0.0144124
-0.102934
-0.0688295
0.0214271
-0.116383
-0.0319491
-0.126724
-0.12361
-0.500083
0.0683417
0.0133594
-0.127498
0.219069
0.022105
-0.0955778
0.0447738
0.121647
0.152699
1.65078
0.478508
-0.0398431
0.164081
0.13819
0.0441475
-31.9846
0.0517234
0.0180361
0.0279698
0.435371
-0.0701394
-0.0500977
5.91964
0.15321
0.0248569
0.0163025
-0.00861163
0.0543167
0.0240433
0.0387739
0.0435371
-0.254435
-2.55098
-0.330931
0.0605766
0.0379826
0.0566692
-0.00175873
0.0362591
0.083824
0.0750935
1.12431
49.5333
0.00148071
0.0161162
0.141303
0.0548177
0.00396581
-0.0784463
0.0889378
0.072237
-0.105297
0.051456
0.0787971
-0.0462166
0.060134
0.00118835
0.15566
0.0305759
0.126203
-0.0426868
0.105744
0.0863512
0.214172
-0.079762
-0.0977475
0.0187362
0.207893
0.131637
0.251208
0.191935
0.166654
0.0812653
0.0861354
0.21093
0.159487
0.113596
0.0137307
-0.130331
0.540964
0.916635
0.527601
-0.0266597
0.161732
-0.0661821
-2.8053
-0.16652
-0.0183158
0.0392906
-0.0995633
0.354241
0.53492
-0.205537
-0.248239
0.107041
-0.0255641
-0.033894
0.0167701
0.0141848
0.220818
-1.51486
-0.183854
0.257453
0.896307
-0.0244233
0.0798893
0.028976
0.0706906
0.034231
-0.0724196
0.110071
-0.0156136
3.59013
-9.05271
0.0405342
0.0727351
0.000353832
0.0559269
0.131181
-0.00144998
-0.0150194
-0.0295062
0.0888254
-0.21962
0.260136
0.113082
-0.0194021
0.215982
0.209976
-0.0192158
0.201091
0.0427354
-0.0844423
0.240279
0.244862
-0.195554
-0.0154829
0.127791
-0.0589394
-0.246668
-1.94432
0.111016
0.232544
-0.0710558
-0.0690374
0.0137674
-0.160522
0.130863
0.0302025
0.0936195
0.134355
0.162539
1.1902
0.750663
0.139326
0.099957
1.57235
0.090406
-0.101098
-0.0292231
0.0621134
0.050134
0.32516
0.0370713
0.204116
1.10821
0.0718192
0.0901426
0.0453686
0.0342448
0.0154035
-0.0639583
0.291639
0.0502629
0.275131
0.365272
0.0932374
0.042667
0.195912
-0.0796517
0.00364512
0.0410676
-0.101689
-0.0730446
2.96497
40.9351
0.0858895
0.176271
-0.000717215
0.0810379
0.112868
-0.019653
0.0535699
-0.195684
0.130373
-0.139993
-0.0698307
0.112375
0.141587
0.280684
0.0637227
0.0782839
0.298119
-0.00623512
0.0552705
-0.0182386
0.252218
0.125658
0.0480173
0.129544
0.0868312
-0.0312984
1.24139
-0.152413
0.206705
0.382387
0.126143
0.480931
0.068278
0.0899703
-0.0628045
-0.00735274
-0.121421
-0.0491546
-0.277317
0.889956
0.787716
-0.20358
-13.8944
0.0674358
-0.0161113
0.0848375
0.114348
-0.00103292
-0.248183
-0.00174278
-0.309805
-0.197427
-8.87623
-0.233944
0.120565
0.115568
-0.00266594
0.02296
-0.178081
-0.479245
0.106872
-0.060445
0.340026
0.00857171
-0.0701067
0.0418457
0.0607368
0.0966463
-0.0342606
-0.0358421
-0.139441
0.297914
18.2602
0.090993
0.119335
-0.0713358
0.0775466
-0.0413091
0.0544081
0.00556387
0.0407131
-0.0990374
0.00442761
0.382985
0.0897512
0.154534
0.100071
-0.0817819
0.109417
0.0644302
0.0346207
0.130856
-0.019103
-0.0630561
0.094188
0.177851
-0.0449014
0.147788
-0.110992
-0.933404
0.273448
-0.0842911
0.0308442
0.371124
0.217568
0.210486
0.0995692
0.0308639
0.0761351
-0.0572571
-0.0242794
-0.117763
-0.387609
1.14579
1.00414
-4.975
0.309682
0.0814731
0.0202073
0.0367962
0.0746664
-0.0192136
-0.271543
-0.286106
0.108278
-0.0159965
1.56457
0.362949
-0.0612368
0.0327746
-0.0969298
0.0465629
-0.167789
-1.79905
0.0311285
0.679483
1.41578
-0.128837
0.163609
0.0102761
0.0380912
-0.0785399
-0.0698385
0.0151063
-0.0364245
-4.20898
28.2939
0.196941
0.278558
0.205665
-0.0259998
0.174032
0.00760148
-0.0588644
-0.206861
-0.166626
-0.368715
0.135204
-0.0599672
0.11932
-0.0450879
0.112707
-0.346462
0.182709
0.0440114
0.237403
0.0866821
-0.240723
0.0939505
0.0794987
0.17553
-0.101649
0.704844
1.39913
0.107205
-0.140238
-0.0501869
-0.0696419
0.843334
0.0455842
0.0671936
0.187197
0.237622
0.412508
-0.194512
-0.23051
-0.231601
-0.444664
1.12254
35.2901
0.219618
0.264257
0.100868
0.107742
0.109795
-0.0631891
-0.198398
-0.334337
-0.750211
0.432993
0.344217
-0.271033
0.756522
-0.78213
-0.0300849
-0.232517
-0.111831
-2.18813
2.76071
0.277824
0.272952
1.12785
-0.182372
-0.762505
-0.28386
-0.438074
-0.00375081
0.422325
-0.572814
-1.33161
2.94915
4.15921
0.895675
3.65071
0.195806
0.080517
0.233806
-1.03354
-0.683777
0.471956
-0.750373
0.544393
-0.0645364
2.38643
0.902916
-0.141807
-0.813493
0.950277
0.62317
-0.411516
-0.632497
-0.552314
-3.12011
0.410592
2.04024
-0.123604
-2.23877
-1.28681
1.25246
-0.0402803
-0.199673
-0.0141137
0.377066
-0.810021
-0.203058
2.42592
0.805117
-2.02901
-0.0797717
0.403036
0.698032
0.0286765
0.445127
-0.163166
38.4887
0.605825
-0.121075
-0.11031
0.0460423
0.498233
0.437637
0.270665
0.692265
-0.131064
0.0284048
0.210477
0.157593
-3.9876
0.105868
-0.0650333
0.0340621
0.0373266
-0.0241305
-0.0492063
-0.537807
0.425046
0.0934052
-0.676108
0.0977665
-0.254595
0.145344
0.0237918
0.132527
-0.00492035
0.0297853
0.0444732
3.20339
6.50386
-0.0130871
-0.131845
-0.126678
0.0857686
0.105065
-0.0659801
0.178147
-0.00346831
0.151701
0.0690115
-0.494564
-0.00912157
-0.0291957
-0.0223081
-0.0924618
-0.0956557
0.075164
-0.0248584
0.0454115
0.156575
0.084444
0.0540961
0.100095
0.0821699
0.081836
0.502054
1.59873
0.0123299
0.069504
0.239067
0.101034
-0.190572
0.151403
0.210591
0.026733
-0.119047
-0.280719
0.0883765
0.061335
-0.0751357
0.187158
-0.113447
-1.75711
0.979795
-0.549603
-0.239655
0.0496167
0.0482484
0.0297352
0.0468116
-0.0527388
-0.137686
0.0320441
-0.720997
0.668834
-0.101406
3.76484
-0.0104052
-0.105749
0.029808
0.0559201
-0.0125579
0.169974
-0.819176
0.0593466
0.0716605
2.00127
0.0292605
-0.0787824
-0.00345236
0.0263848
0.151317
0.0315248
0.111715
-0.00334467
9.27112
-40.6929
0.0325395
0.0373255
-0.0225148
-0.0639653
0.102164
0.109655
0.0793218
0.0650139
0.17204
-0.0565065
-0.364976
0.116753
0.00119589
0.137795
0.073358
-0.082082
0.0486609
0.0317487
0.123118
0.0461595
0.169942
-0.134338
-0.0213817
0.0948635
0.101052
0.197078
1.49743
0.162936
-0.106263
0.149099
0.0467941
-0.275808
0.268626
-0.0117564
-0.05685
-0.19549
0.0116743
-0.0761433
0.103352
0.0775605
-0.0502372
0.147988
19.9137
0.528195
0.853641
-0.496122
-0.23071
0.137248
0.0754148
0.0664556
0.0945747
0.0740309
-0.035538
0.729112
-0.155612
0.0343554
0.0481821
-1.10414
0.222422
-0.0292043
-0.0153791
0.0798588
-0.0111178
-0.0145577
0.381824
-0.265125
-0.41596
-0.0354394
0.153309
-0.0700532
0.0303771
0.229053
-0.029886
0.193231
0.101635
0.174911
-9.6717
-12.9924
0.0664568
0.111993
-0.0224409
0.0180261
-0.0251467
0.00997472
0.0492937
0.0946237
0.0936309
0.0775714
-0.115519
-0.111934
0.00894397
-0.0251683
0.00267223
0.075238
-0.134826
0.0910718
0.0757847
-0.102191
0.083725
-0.0343962
-0.00368294
0.0118786
0.0211251
0.213392
-0.476982
-0.103371
-0.0352095
-0.0877869
0.05923
-0.191668
0.118735
0.0260573
-0.095673
0.234152
-0.104003
0.246023
0.0447228
0.0811783
0.187335
0.0324951
6.15282
-0.178639
0.331397
0.76715
-0.332754
-0.110171
0.0499422
0.100354
0.0901062
0.0727593
0.112538
1.58337
-0.218243
0.16697
-0.396765
0.318809
0.425108
0.161069
0.139475
0.0807619
0.0426417
0.0342723
0.137822
-0.508073
0.392606
0.0796804
-2.17488
-0.0415568
0.00923562
0.0376532
0.00797204
0.0665187
0.178054
0.195105
-0.0677832
3.64316
-36.9021
0.0686419
0.00361024
0.00770827
0.0400364
0.028663
0.196046
0.153271
-0.0189787
0.141406
0.0294156
0.195571
0.116408
-0.0282675
0.118124
-0.0512225
0.0678853
0.198067
0.0237528
0.0227721
0.121047
0.125903
-0.0595585
0.128794
0.0118699
0.0358734
0.276414
-0.557001
-0.121435
-0.0301913
0.0524288
0.0453289
0.110918
-0.0082206
0.0443408
0.0393724
0.0663588
-0.300355
-0.149884
0.018555
0.0489948
0.0669791
0.147553
3.64416
-0.0185406
-0.127311
0.268267
0.798592
0.204045
-0.0012935
0.00608466
-0.0164819
0.0596875
0.00170172
2.81075
0.112618
-0.114543
0.326756
-0.139136
-0.125353
-5.73008
-0.163258
0.0697961
-0.00509035
0.0215559
0.049008
0.0390024
-0.0251517
-0.166737
-0.00154591
5.54059
-0.0901962
-0.0124912
0.0831704
0.0720986
-0.00775788
0.0673624
0.0547394
-0.0715971
1.59344
1.23766
0.0338958
0.0394515
-0.0277357
-0.0072059
0.0255721
0.0598439
0.104811
-0.00990185
0.09425
-0.0202923
-0.0559867
0.00439789
0.132613
0.00623335
0.0431797
-0.0388187
0.247085
0.0392363
0.0878556
-0.0821871
0.0908201
0.112773
0.0414138
0.0534126
-0.0747935
-0.199207
-0.253257
0.0301215
-0.0024576
0.00478849
-0.0541415
0.0984277
-0.0059454
0.049451
0.0251018
0.180324
0.247301
0.016199
0.0136308
0.0824256
0.0134205
-0.0646122
0.181794
0.0415826
0.0651924
-0.0392956
0.188628
0.888343
0.449197
-0.0606035
0.0906459
0.0730331
-0.126242
-1.19887
0.044498
0.0648005
-0.126161
0.477848
-0.542001
-0.276312
-2.09343
0.0984683
0.128857
0.13014
0.0486164
0.129973
0.131671
0.969238
-0.320456
-0.144755
-1.70805
0.228511
0.00521727
0.068534
0.0222976
-0.053469
0.0887656
-0.0289442
0.0215237
-4.11376
12.8287
0.0226477
0.0639982
0.00712038
0.0188994
0.0672264
0.00433479
0.089627
-0.0398922
0.0263993
-0.0113765
0.0987468
-0.0825889
0.0150121
0.104153
0.0855743
0.071996
-0.127827
-0.0562599
0.0381182
0.126525
0.117124
0.0297043
0.0782875
-0.0580629
0.104376
0.0655036
0.887926
-0.0596199
0.123648
0.0756941
0.0988359
0.00459503
-0.0405447
0.0576725
-0.0729353
0.0142394
-0.218826
0.345379
0.138034
-0.012106
-0.0616366
-0.137883
-13.2429
0.0269683
0.0336414
0.0911959
0.0692418
0.0876359
0.713608
0.479066
-0.0488451
-0.0342883
0.14356
0.581893
0.138651
-0.1204
-0.0115824
-0.130639
0.400916
0.126306
0.350275
4.97627
0.23514
0.0790478
0.0861684
0.0956375
0.0174084
0.117629
1.00727
0.051474
0.604873
2.61543
0.00231156
-0.0466738
0.165461
0.165535
-0.0510732
0.0399521
0.164703
0.0248709
-0.285233
-26.5702
-0.0197343
-0.050265
0.145891
0.0342211
-0.00165085
0.130951
-0.028936
-0.0405536
0.0144551
0.510862
0.114716
0.130639
0.0820609
0.107124
0.0611118
-0.0333269
0.0626665
0.114537
-0.0132885
-0.0444724
-0.147724
0.0650039
0.171516
-0.00237442
0.199849
0.233034
-0.258259
0.0507769
0.0689604
-0.153639
-0.124531
-0.511859
0.142181
-0.0615573
0.0738335
-0.00179049
0.932157
-0.00128052
-0.177204
0.216543
0.0329784
0.211357
15.9542
-0.0310343
-0.0727105
0.0131095
-0.0325047
-0.0563184
-0.248562
0.728993
0.694974
0.0236877
0.0376049
-1.35191
0.0616628
0.066935
0.0234582
0.0329879
-0.0441527
0.276334
0.492541
0.212085
11.6992
-0.0147505
-0.102288
0.135514
-0.0166842
0.0127166
0.205057
0.493581
0.0549357
0.290359
-0.726976
0.0389717
0.212332
-0.108625
-0.0790647
0.0970193
-0.0847582
-0.0487892
-0.222122
-9.28772
19.4808
0.113616
0.0967954
0.162156
0.0550411
0.233158
-0.0192455
-0.0660242
0.0248727
-0.0266734
0.0169856
0.0919758
-0.0389073
0.0723216
0.00683117
0.122675
0.185896
-0.0900544
0.154881
-0.177445
0.0564559
-0.144698
-0.0320424
-0.00587838
0.104945
-0.0418876
-0.090535
-0.197629
-0.000255807
-0.0833992
0.0889949
0.0443159
-0.0271226
0.0450777
-0.0405797
0.0971014
-0.012724
0.053977
0.0588994
-0.146861
-0.0899147
0.265331
-0.00785497
6.14389
0.0856503
-0.0537285
0.0894671
0.0894855
0.136155
-0.0227693
-0.367132
0.968781
0.871194
-0.261192
-0.170111
0.184359
0.107849
0.0211549
-0.0459831
0.0347294
-0.119992
0.090967
-0.0146856
-0.30594
0.645374
0.393522
0.119393
0.00590629
0.0714031
-0.0653993
0.0733466
-1.27111
-0.121105
-0.692315
0.0329006
0.222485
0.0338557
0.138517
-0.0098681
-0.103556
-0.0144521
-0.0488555
-0.119791
-1.078
13.7101
-0.0630077
0.0767973
0.112814
0.0904954
0.0300149
0.0493354
0.0290778
-0.0337869
-0.0349544
-0.22348
0.184858
0.273511
-0.0120117
0.0818678
-0.0431318
0.0595239
0.154377
0.143881
0.0607723
0.0413758
-0.262958
-0.0595721
-0.0278961
0.0107696
0.128958
-0.391802
0.423435
-0.285152
-0.00487308
0.268735
0.0501284
0.0942659
0.12236
-0.0244257
-0.0058138
-0.0716083
-0.154784
-0.14374
0.0430139
-0.198226
-0.182998
0.478803
-16.9075
0.103806
0.0816625
0.00931261
0.290407
0.0863056
-0.0817274
-0.0366027
-0.638643
0.863372
0.983818
0.114379
0.10944
0.151598
0.113778
-0.060064
0.0406513
0.0634818
-0.173425
-0.131731
0.23054
0.0864566
5.76185
-0.23646
0.243689
0.176072
0.0511753
-0.176502
0.0571025
1.6089
0.188268
0.475157
2.74209
0.279867
-0.155636
-0.107645
0.283385
-0.117457
0.00449973
0.0151854
-0.844325
0.264631
-9.93115
-0.0493048
-0.069971
0.0216983
-0.100015
0.195341
-0.0399949
0.0702222
-0.0641215
0.0803002
-3.9552
-0.090058
0.00482967
-0.0696801
-0.077577
-0.254848
0.250321
0.0419323
-0.0111162
5.59737e-05
0.0540275
0.394053
0.192867
0.136368
0.101555
-0.146446
-2.97367
-3.98779
0.509882
0.429045
0.474338
0.294063
0.233568
0.0775427
0.0199846
0.0749291
0.269891
-0.300652
-0.0798592
-0.396996
-0.270863
-0.188026
-0.207831
30.879
0.231553
0.0109751
0.0634582
-0.0575408
-0.0270165
0.094143
-0.123767
-0.0477188
-0.830393
1.17681
6.65332
-0.0162833
-0.0360283
-0.0995502
0.143994
0.0808518
0.106907
0.0750281
-0.133805
-0.0882266
0.456137
0.298781
3.42291
-0.570186
6.87697
-0.549833
-1.36567
-1.12516
1.38612
2.73488
0.283977
0.0996624
-4.27391
-0.057501
2.33316
2.99806
1.42438
0.932321
0.306764
-0.863502
0.20418
3.31766
-37.8432
-1.28927
-0.996329
0.723209
-0.400261
1.83683
0.408347
2.33603
-0.81614
-1.62477
3.4718
0.337803
1.23359
-0.387856
0.155398
-1.81515
-0.317554
0.394106
3.04264
-0.365597
0.577509
2.76106
0.703107
1.36989
-0.904033
-0.337733
0.983509
1.98434
0.638589
-0.776207
1.03724
-0.791721
-1.17579
-3.3952
1.58827
0.977393
-1.75605
1.80981
0.831941
-0.0156708
0.199892
1.37641
0.112854
7.4881
1.09617
1.98303
-0.158653
-1.84029
-0.830191
-1.34197
-1.97507
-0.907755
3.11215
0.809648
1.92298
2.02786
0.222471
1.6718
0.317181
0.356272
-2.18234
0.367089
-1.01735
-2.04433
6.75024
0.304156
0.220653
-0.0857773
-0.603659
-0.268671
0.240647
-0.033074
-0.0168759
0.0836694
0.0287354
0.0932053
0.18475
6.80509
-0.0339545
0.0743203
-0.105937
0.0833607
-0.153214
-0.0603899
0.418369
0.124789
-8.10704
-29.7574
-0.186266
-0.18257
-0.197351
-0.0810523
0.107477
0.186223
0.0144217
0.257308
0.413823
0.066847
-0.0726958
0.00300813
-0.036423
0.0490596
-0.014298
-0.0165197
0.271317
0.262526
0.196588
0.106312
-0.285845
-0.326432
-0.216984
0.0719069
-0.230416
0.0859662
0.136595
0.56988
-0.0690542
0.0464873
-0.0267061
-0.00191836
0.161765
0.252848
-0.0474346
0.224503
-0.0736327
0.0547793
-0.0850241
0.0524333
-0.119156
0.0967418
0.104821
0.086021
0.0723503
0.00480448
-0.339231
0.136794
0.0370055
-0.0400412
0.259305
0.178019
0.173573
0.843881
0.60782
-0.671988
-0.358332
-0.0853813
-0.0362911
-0.158169
0.0569909
-0.135546
0.118297
0.245812
0.29638
-0.302747
-0.129777
2.56181
0.174128
-0.00654252
0.0615427
0.00169415
0.176596
0.122815
0.811053
0.15201
-0.401571
2.86179
0.151204
0.0733027
-0.125717
0.270981
-0.0516204
0.102441
0.209577
0.138211
2.89096
5.36631
-0.0350671
-0.00197309
-0.140017
-0.0209504
0.0498448
0.0563298
0.184224
0.111378
0.146583
0.392488
0.0572121
-0.0779006
0.0789237
-0.0437202
0.0035968
-0.0785893
0.156749
0.0275456
-0.0128502
0.0571447
0.0857199
-0.333825
0.0404339
0.192359
0.124372
0.254456
-0.67274
0.0695282
0.164037
-0.00628647
0.197702
0.35713
0.0695715
0.0834198
-0.0784281
0.220747
-0.205941
0.0278957
-0.0332418
0.0819321
0.267907
0.247488
12.3362
0.289877
-0.144732
-0.136773
-0.251351
0.0521056
0.0272033
-0.00811203
0.0450549
0.0381304
-0.0289621
-0.733273
0.647193
0.786365
-0.663268
-0.198665
-0.0101614
-0.0941712
0.116558
-0.0238763
0.125283
-0.420579
-0.153163
0.821002
0.142129
-0.181057
-7.36716
0.0812917
0.187326
-0.0311596
0.0870679
0.193623
0.0796022
0.85848
0.0741551
0.0469513
-1.75674
-0.164305
-0.0331084
0.0458046
-0.134279
0.185917
0.297679
0.142802
0.141358
0.38431
11.0751
-0.0321749
-0.000991031
0.0441782
0.0889077
0.084297
0.109845
0.150637
0.0731384
0.192612
0.0906582
0.0581274
-0.142798
-0.16921
-0.0181519
-0.00346462
-0.00183072
-0.0104223
0.0146658
0.0387916
0.320776
0.298637
-0.0158556
0.0307009
0.027074
0.00879367
-0.0390178
-0.42831
0.172582
0.10379
0.0780167
0.0335702
-0.058244
-0.00935455
-0.0398162
0.0472574
-0.00950818
-0.246378
0.356551
0.00827459
-0.053255
0.0354478
0.023777
-8.45588
0.0012856
0.105859
-0.111562
-0.16147
0.0993085
0.100824
-0.00993448
-0.0183508
0.0773423
0.0650653
2.10553
-0.0779018
0.505937
0.587554
-0.543559
-0.00621962
0.0426752
-0.0429037
0.0527334
0.0728362
0.0919076
-0.0418662
-0.248014
0.212541
0.172082
0.0614229
-5.6329
0.0472847
0.0797419
0.124575
0.0868094
0.0699403
0.0652463
0.334101
0.0427028
-0.532697
5.70519
0.0212833
-0.0615712
0.105463
0.108398
0.0893219
0.097358
-0.00241244
0.155707
1.19247
12.2399
-0.0254145
-0.0139076
-0.0315403
0.0142739
0.0383168
0.143423
0.224687
0.0795162
0.0893361
0.570604
-0.132674
0.0682554
0.0495798
0.0250511
0.0434491
-0.140808
-0.0322495
-0.0797187
0.00940803
0.0870804
-0.12618
-0.0308924
0.0516586
0.0354307
0.12728
0.180672
0.374188
0.102786
0.0969147
0.0864733
0.00802416
0.0757278
-0.0630099
-0.00275781
-0.172095
-0.0508771
-0.0981067
-0.0681583
0.114283
0.0711052
-0.0361572
-0.00742435
1.45299
0.0186141
-0.0773145
0.0258188
-0.168593
-0.0661591
-0.148426
-0.0364576
0.00382478
0.0327166
0.0619553
-0.438787
-0.0217497
-0.257091
0.271037
0.442635
-0.00276901
0.0559808
-0.0104538
-0.0448112
-0.00194062
-0.0958921
0.159992
0.0966779
-0.16449
0.323051
-0.875956
0.177022
6.57223
0.00815471
0.0844955
0.036316
-0.00328069
0.132855
0.190976
-0.558725
0.00196876
0.515917
-1.13499
-0.0134547
0.143287
0.0424893
0.175443
0.0471616
-0.0089555
0.0532514
0.0196143
1.7598
-3.01665
0.113287
0.0736438
0.0457588
0.0775124
0.150744
0.0124123
0.00188067
0.0762843
0.0626305
0.301507
0.146933
-0.00576792
-0.0397438
0.0119984
0.0055169
-0.0939767
0.0516432
0.0814047
-0.00288295
0.00309265
-0.055628
0.0326993
0.0671802
0.0267776
-0.0961283
0.381928
0.147797
0.0752699
-0.0411797
0.0229646
0.0757019
0.27708
-0.142678
-0.0438954
0.132558
0.096341
-0.424059
-0.0486538
0.139788
0.044344
-0.0171224
0.119811
-0.778377
0.0738625
0.0392111
-0.0340678
0.0252452
-0.155856
-0.00880892
0.0217385
0.0451649
0.0952606
-0.0017147
1.45128
-0.177512
0.113079
-0.0502042
0.139839
0.304813
0.319615
-0.0392943
-0.0920943
0.0195171
0.00244061
0.464216
-0.130761
0.000820458
-0.0715898
0.443941
0.260529
0.160387
-4.37527
0.140476
0.200231
0.0448841
0.0695359
0.206614
0.0535044
1.18161
-0.0152778
-0.20473
0.0981086
0.207063
0.150424
0.0284688
0.0832975
0.107268
0.0956955
0.126921
-0.0788347
1.54743
-5.50805
-0.0397133
0.112594
0.0231405
0.177494
0.158087
0.0920611
0.0504759
0.0811206
-0.018454
-0.253182
0.305161
0.0364763
0.0651046
-0.155036
-0.0197445
-0.0783941
0.12999
0.0611117
0.0529947
-0.107515
0.136716
0.0303321
-0.096905
0.0531942
-0.067568
-0.188944
0.587042
-0.0793804
0.0714287
-0.0430675
0.030596
0.243558
0.0628883
0.0994985
0.0719456
0.155891
0.250273
-0.182015
-0.163928
-0.0625462
-0.0416257
-0.071119
-10.4219
0.0204718
-0.0159799
0.00185807
0.120185
-0.027795
-0.0910116
0.0982711
-0.0532978
-0.0880579
-0.00754689
-1.57632
-0.0912246
0.0712337
-0.00990536
-0.0504006
-0.104843
0.347585
0.572513
0.0544095
-0.0613052
-0.120554
0.0148016
-0.120657
-0.0447488
-0.0632506
-0.080537
0.518482
0.237034
0.167163
3.293
0.407858
0.0731848
0.0512665
0.0975089
0.120967
0.0246052
-0.610267
0.0459727
0.671115
-0.0172834
-0.0235155
0.0879414
0.194999
0.110783
0.0109245
-0.00637099
0.00822026
0.107595
-6.24702
-6.30908
0.032585
0.134318
0.187638
0.0413663
0.0883254
0.0156392
0.100406
-0.0291456
-0.0901033
-0.0701582
-0.250529
0.159795
0.0986273
-0.0380061
0.0500975
0.0425351
0.26004
-0.17259
-0.0675507
0.0379981
-0.107064
0.231165
-0.0290801
-0.00406547
-0.024733
0.138325
-0.199915
0.0192441
0.127186
0.109282
-0.137192
-0.0220539
0.0402676
0.0480319
0.0611842
0.14189
-0.577963
0.301537
0.0254359
0.152745
-0.0949273
0.0126458
-3.66894
-0.0646049
0.129657
-0.0364673
-0.0383445
-0.162174
-0.0636082
-0.159734
0.0932717
0.0433938
-0.0496619
-0.137
-0.0761023
-0.076546
0.0215209
-0.0400714
-0.00903954
-0.219804
0.42645
0.752445
0.149441
0.00528352
-0.0398759
-0.0209457
0.0686165
0.0366198
-0.00827355
-0.0991114
0.407063
-0.294905
-0.068976
-1.9326
0.253177
0.140817
0.03618
0.0186904
0.18369
0.126637
1.32288
-0.166232
0.49325
-1.40894
0.0822854
0.132584
0.0545497
0.167066
0.0773116
0.0403928
0.0898349
-0.0140319
-2.32589
41.3408
0.11047
0.0717948
0.141093
0.135457
0.0036636
0.0217208
0.0252305
-0.194757
0.0278466
0.0460182
0.385668
-0.107392
0.0412742
0.0928152
0.275683
0.438497
0.154047
0.000244741
0.0141046
-0.258532
0.0358439
0.188731
0.0969464
0.110579
-0.0486496
-0.0808011
-0.142511
0.0785204
0.0837787
-0.159137
-0.0217713
0.211202
0.0319557
-0.0491338
-0.0460658
0.180658
0.900713
0.0760191
0.141105
0.0193032
0.216354
-0.103368
-7.93366
-0.065028
-0.0308975
0.0961176
-0.1448
-0.0652415
0.073755
-0.0946113
-0.362775
0.283187
0.131191
2.88345
0.118249
0.23587
-0.0944856
0.0460938
-0.035724
-0.14029
-0.505872
0.507625
0.834675
-0.09149
-0.824867
0.0837102
-0.113445
-0.0944644
0.0116551
0.00373824
-0.0568868
0.159353
0.105579
-0.245395
9.6194
0.189652
-0.00398913
-0.0118754
0.0116951
0.0657968
0.557571
-5.10441
0.0940641
0.33863
-0.118686
0.0670084
0.203027
0.0452409
-0.119536
0.068852
0.228337
-0.0781136
-0.0213004
8.82652
-6.40823
0.0318613
0.0851072
-0.0222706
0.264326
-0.0700801
0.0323833
-0.0150266
-0.00637455
-0.136386
0.634937
0.352503
0.0634023
0.066878
0.146603
-0.053883
0.00669174
0.107853
0.0947407
-0.0347273
-0.138177
-0.295351
-0.012729
0.222395
0.15073
0.244304
-0.117235
-3.3297
-0.0147401
0.0994483
-0.0677055
-0.205764
-0.364618
0.0885775
-0.0371865
0.0113343
0.0641371
-0.264617
0.317463
0.107596
-0.0974148
-0.00505391
0.227947
-14.6105
0.120983
0.0663446
0.0581267
0.0490418
-0.0549842
-0.251779
0.166711
-0.152313
-0.066304
0.336175
1.38941
0.0266811
0.066278
-0.0317976
-0.0671025
-0.138132
-0.0409606
-0.0720944
-0.548541
0.715325
1.19939
-0.0901067
0.0893946
0.0780214
0.046712
0.00944813
0.0618336
-0.151317
-0.0648481
0.241872
0.361154
0.11743
2.86054
0.167654
0.258415
-0.307048
-0.186873
0.17257
0.520131
2.48829
0.259833
0.390714
-2.60534
-0.047303
0.0292245
0.140972
0.421036
-0.0670701
-0.228202
0.0782072
0.463234
2.51941
27.6217
0.397661
0.0855903
-0.160987
0.0824746
0.00363809
0.0787218
-0.0431665
-0.219927
-0.127469
1.67611
0.32557
0.740275
0.374348
0.290371
0.807751
-1.71718
0.02459
0.238174
0.0523412
0.234592
-4.56018
-0.33907
1.02383
-0.241415
0.833288
0.624351
0.511117
-5.56612
-0.109567
0.0789809
-0.193858
1.43571
0.26833
0.12633
0.0833394
-0.217527
-3.21296
-2.87005
-0.00501469
0.507201
0.0213202
0.45213
4.73322
-0.00375718
0.159286
-0.0406831
-0.0978706
-0.0759545
0.0284342
-0.52144
-0.16446
-0.217348
-0.555958
3.26467
0.331896
0.266464
0.137429
-0.200961
0.0165403
-0.0740894
-0.77788
0.0785534
-0.471657
1.23007
1.58739
-2.57292
-0.206697
0.203402
0.256432
0.108434
0.0742403
-0.307749
-0.0557522
0.456548
0.47015
0.355386
2.7911
2.53493
1.36489
1.24617
2.07181
0.975262
2.36566
2.80653
0.286592
0.28617
-0.411492
1.32116
-0.112572
-1.48626
-0.149237
-0.420186
-1.15427
0.514164
0.526148
3.36194
22.6771
0.0647445
0.137928
-0.182843
0.29997
-0.405238
1.58245
0.698274
-0.712713
-0.561198
3.56647
0.860198
0.327014
0.174194
0.256773
1.26169
1.29637
1.06682
-0.219006
-1.77946
-0.38574
3.85946
-0.181882
-2.20236
0.235229
0.892906
1.09602
1.99548
1.67523
-0.156157
-2.21809
0.119579
2.70824
0.401087
-3.03724
0.30117
2.81496
2.00156
1.63241
1.64118
-0.612466
-0.47576
0.019725
11.517
0.886641
-2.93116
-0.850372
1.71231
1.51507
1.49484
0.32117
-0.15106
-0.589772
0.764484
1.33655
4.14663
-0.56801
-1.16967
-0.164312
0.842489
1.38743
-0.318508
-1.4335
0.562441
1.53884
0.359696
3.93641
1.26603
-0.741512
-3.66043
-2.73209
-1.36417
-0.335026
1.84112
0.968238
2.13556
0.42734
0.332651
2.50683
-0.612043
-3.10763
-0.149663
0.0764141
-0.177699
0.224125
-4.21725
0.267597
0.267036
-0.994706
0.142961
-0.657189
-0.401095
0.112782
0.00342856
0.839797
-0.000970039
0.230528
-6.38981
19.0224
0.898148
0.380211
0.0802039
-0.277473
-0.362941
-0.105015
0.271163
-0.188647
0.0079073
-0.0713012
-0.181858
-0.544155
-0.309219
-0.0932461
0.105848
0.00235617
-0.338073
0.0407446
-0.120675
-0.333839
0.392563
-1.09278
0.117364
-0.0129681
0.218589
0.741124
0.341093
-0.19293
0.0761105
-0.141504
-0.054669
0.592226
-0.377853
-0.185958
-0.552551
-0.759238
-1.61514
-0.140621
0.462654
1.20269
0.533242
0.343338
10.1894
0.010196
-0.225092
-0.117148
0.108374
0.168673
0.0843694
-0.373175
0.0652024
0.13969
0.56219
1.26736
-0.140768
0.316515
0.0609645
-0.245787
-0.0460565
0.063637
-0.199109
0.0364997
-0.974382
-3.77797
0.348563
0.803858
-0.904554
-0.481882
-0.0523415
-0.27554
0.198253
-0.0087873
-0.67866
0.300792
1.70121
0.272483
0.122517
0.122535
-0.356354
0.148167
0.370749
-0.0338585
-0.00074978
0.202354
0.0861411
0.360054
0.520948
0.0723778
-2.85449
-0.285522
0.0456552
0.178188
0.11657
0.084666
0.315254
-0.174859
0.250135
-8.68796
-27.2229
0.15299
0.00693308
-0.160242
0.078198
-0.0577484
0.0471371
0.0920311
0.0579121
0.0940482
0.201785
-0.0506482
0.0564558
-0.0451074
0.0701242
-0.0454128
0.177646
0.0184424
-0.0923133
0.0759459
0.146588
0.0559688
0.0638802
-0.102586
-0.0260665
0.281653
0.0357055
0.164715
0.0911866
0.00906811
0.129459
0.19312
0.386572
-0.293747
-0.0161638
0.182
0.106472
-0.222668
-0.0550163
0.00405724
0.0347089
0.107535
-0.0441729
-10.5634
-0.163453
0.191665
-0.0666583
-0.0352522
-0.130776
-0.0331493
0.0560332
-0.0255992
0.0492818
0.219421
0.572768
0.121402
-0.0796267
-0.225508
-0.164495
-0.0139893
0.0972396
0.0142791
0.161938
-0.0429018
-0.372691
0.231266
0.645348
0.533823
-0.696824
-0.00588757
-0.0433464
-0.0437287
-0.0748392
-0.0804247
-0.238878
-4.40782
0.183598
36.8056
-0.518871
-0.205354
7.76533
-0.214894
0.155922
0.0646709
0.17341
0.0538078
0.235376
0.614149
0.208619
0.342289
-2.29974
-0.0852516
-0.0440301
0.0762448
0.164832
0.0741504
0.152682
0.0545851
0.102019
-5.32293
-13.1977
0.079181
0.0182218
0.0547771
0.0808561
0.118854
0.0471822
-0.00880013
0.109844
0.0804938
0.146797
0.00630615
-0.049885
-0.0363027
0.0102249
0.0760483
0.152912
0.273796
0.00299416
0.161128
0.199201
-0.000940968
-0.0442495
-0.0451483
-0.102761
-0.0111841
-0.00391864
0.0533651
0.0615431
0.0657792
0.0502416
-0.0312891
-0.197597
-0.186134
-0.119762
0.150847
-0.0910882
-0.0534158
0.137712
0.0166348
0.0246218
-0.0318225
-0.0064202
1.40353
-0.128953
-0.0584447
-0.0704953
0.0367677
-0.218067
-0.0963285
0.0393985
0.116233
0.135435
0.145985
-1.84846
0.00386946
0.11826
-0.214443
-0.214318
0.062805
0.102584
-0.0794428
0.0270588
0.0724756
0.142741
-0.190636
0.00193251
0.635995
0.236616
-0.372249
-0.00573005
-0.00116442
-0.0332465
0.059958
-0.178052
-0.337451
0.0308035
-7.73169
0.772092
0.18228
0.473431
2.92744
-0.00883984
0.0529239
0.192459
0.125623
0.219727
0.127657
-0.900389
-0.451521
0.270555
-0.604365
0.0817004
-0.00904545
0.0122293
0.124427
0.0143622
0.151622
0.124051
0.0668248
1.21917
7.78533
0.101859
0.129473
0.0285612
0.0753713
0.022736
0.0388156
-0.00138843
-0.0375062
-0.0860573
-0.285179
-0.0749988
-0.0231948
0.12033
-0.100724
-0.0134306
0.023477
0.0159461
0.127481
0.114458
-0.00345216
-0.0258875
-0.105981
0.0976468
-0.0375012
0.0174488
0.0628953
-0.536514
0.114201
-0.0227917
0.0172928
0.0506526
-0.0669667
0.0595049
-0.0392271
0.0561902
0.130559
0.17413
-0.123187
0.0179982
0.0555981
0.148946
0.0176481
6.03773
-0.0842658
0.0845016
0.0638887
-0.025924
0.0430468
-0.007522
-0.0346934
-0.0508495
0.0989649
-0.0443421
0.313355
-0.0330428
0.0149966
-0.0256597
-0.25415
-0.165643
-0.00436606
0.0165331
-0.0818424
-0.0454135
0.0838166
0.312548
-0.193182
-0.0325891
0.353218
0.0903238
-0.203353
-0.0303089
-0.00905583
-0.0411791
0.0609238
-6.01834
-0.0645097
11.3401
-0.184398
0.789365
0.0228072
0.159263
3.33938
0.137157
0.218901
0.197583
0.14953
0.193614
0.0771859
-0.0585338
0.0871081
0.19807
1.63334
0.132284
0.132535
0.200218
0.202434
0.139016
0.133493
0.160331
0.105946
-1.40407
-13.5466
-0.078361
0.0410086
0.067775
0.0303592
-0.044805
0.0132126
0.14909
0.243806
0.0952834
0.0920545
-0.033122
-0.0272598
-0.0203934
0.148152
0.0423436
0.00816051
0.147964
0.0305177
-0.0420184
0.075768
0.0987019
0.128777
0.0270878
-0.00218152
0.0677415
0.212726
0.90472
0.0263755
0.0572636
-0.0244253
-0.148177
0.193063
-0.0771843
-0.0474088
-0.0660469
-0.07817
0.191894
-0.159628
-0.00578577
0.0988866
0.0741151
-0.0912024
6.45868
-0.0708354
-0.0153225
0.0747287
-0.0903017
-0.0779651
0.0390024
-0.0371424
0.0949928
-0.0674427
0.127073
-1.20485
-0.134516
-0.114048
-0.10035
-0.0731272
-0.271046
-0.218659
0.0478736
0.125721
-0.103705
-0.152965
0.587069
-0.136939
-0.0989467
-0.103571
0.107825
0.0827283
0.208577
-0.0937216
-0.0929712
-0.0856237
1.75636
-0.0914925
-9.42763
-0.158048
-0.147768
0.740562
0.258247
0.271712
13.0523
-0.0666351
0.211825
0.174618
0.154442
0.0741114
0.0156211
-0.270595
0.202499
-0.130333
1.03573
0.124224
0.111836
0.0632057
0.123919
0.075117
0.143238
0.0926959
0.0535106
0.581106
17.8311
0.266833
0.087228
0.00585707
0.0406054
-0.0303799
0.0904376
0.0760756
-0.0372608
-0.0031679
0.0464768
-0.0796993
-0.0032485
0.115991
0.175397
0.0645402
-0.0233661
-0.226665
0.0192275
0.107563
0.0302247
0.0940804
-0.183788
0.0763347
0.20067
-0.0130746
0.119969
0.490024
0.114412
-0.0389234
-0.0082051
-0.0822448
-0.179085
0.0284569
0.0335402
0.00199782
0.157037
0.280074
0.0288631
-0.100756
0.0447828
0.0909997
0.0770275
-24.4101
-0.0435663
-0.0493271
-0.016378
0.0814032
0.11846
-0.121655
-0.130894
0.0096815
-0.0956017
-0.0758557
1.26494
-0.0219273
0.00965777
-0.0343555
-0.0574281
-0.114928
-0.277912
-0.0948066
-0.0840294
0.0921935
-0.114176
0.316629
-0.288535
-0.10529
0.0454877
-0.158565
-0.144572
0.109979
0.534241
0.0869464
-0.142257
-0.383636
-0.0465001
-16.5556
-0.0928971
-0.184253
-0.265048
0.658679
0.846071
0.08646
5.73935
0.14318
0.168211
0.0886942
0.158039
0.0763426
-0.0646011
-0.0707967
-0.102627
0.0940144
0.879613
0.0774113
0.0535722
0.132177
0.342166
0.0389512
0.0945546
0.0480135
-0.0316355
0.304613
1.31541
-0.0809454
0.140992
-0.0227806
-0.0371112
0.0156866
0.13041
0.0566938
0.0177949
-0.0823428
0.0688775
0.290424
0.0930659
0.0531966
-0.000187731
0.0756531
-0.168107
0.204846
0.0600194
0.0730072
0.05019
-0.100188
-0.0391706
0.0758372
0.0620727
0.0779302
0.177877
0.725232
0.0153973
0.0229694
0.057644
-0.0366145
0.0490213
-0.0629126
0.118833
0.0829789
0.0097671
-0.342424
-0.250774
-0.0435859
0.0217163
-0.123004
-0.108864
13.7923
0.068673
-0.0466749
0.00889281
0.0275462
-0.0957178
0.103823
-0.177387
0.0952532
0.0050616
-0.121426
0.953923
-0.177472
-0.0850444
0.00644196
-0.0837534
-0.106986
-0.154302
-0.134071
0.137984
-0.111474
-0.275124
-0.226353
-0.0515474
0.0578661
0.0235603
-0.046069
-0.000590378
-0.336717
0.109127
0.65263
-0.050298
-8.13447
0.050028
1.39936
-0.0497462
-0.087393
-0.0780154
-0.277472
0.625917
0.0892361
-0.0858512
3.14729
-0.0807139
0.117224
0.154385
0.038447
0.0662541
-0.237308
4.14085
0.0994724
0.699833
2.49421
0.158668
0.188659
0.148369
0.0929365
0.0631508
-0.0227442
0.132562
-0.0550633
-1.80467
30.6696
0.278904
0.183713
0.104011
0.0155402
0.256805
0.0890795
0.0791289
-0.0836003
-0.0501979
-0.452501
0.0236187
0.191552
0.115216
0.0605941
0.0822618
0.228197
-0.192325
0.028718
-0.00634929
-0.121805
-0.555885
0.10992
-0.118573
0.0718285
0.020479
-0.565947
1.5144
-0.304314
0.0825906
-0.010479
0.146858
0.378142
0.0844711
0.00509629
-0.0658793
-0.2727
0.854909
-0.0714801
0.107068
-0.00479238
0.0498128
-0.250169
-41.5372
-0.0920793
-0.0396788
0.0455029
-0.0587215
-0.0150066
-0.311686
-0.0129698
-0.032514
0.144533
-0.0821104
-0.770441
0.133825
0.0680064
0.060593
-0.0855517
-0.0781963
-0.0992474
-0.200284
-0.316554
0.130083
-0.0313273
-0.333659
-0.29911
-0.0492972
0.0258577
0.0183994
-0.0232685
-0.0369355
-0.50515
0.254526
0.846807
-5.10887
0.150935
19.4824
-0.125496
-0.0801816
-0.116723
0.0469708
-0.198365
0.422562
0.322862
0.234876
-1.43772
0.420774
0.0733604
-0.0433378
-0.0801905
-0.251174
-0.945599
-1.94844
0.241502
0.222455
-1.96542
0.10936
0.0269033
0.262044
0.817829
0.25044
-0.128551
-0.13499
0.444662
2.05182
9.21737
0.0361135
-0.102346
0.636828
0.0957458
-0.0667219
-0.0449407
0.118919
0.0167525
0.202619
-3.05062
0.307846
0.0295202
0.0598335
0.0826512
-0.182792
0.327037
-0.0691816
-0.0434975
-0.179481
-0.178984
-1.36944
0.140086
-0.000379535
0.00798961
-0.408182
-0.827312
2.37982
-2.87089
-0.108622
0.142259
-0.259909
-2.63364
-0.0798375
0.0270804
0.127344
-0.017759
-0.491581
-2.04693
-0.174639
-0.357847
0.474737
-0.0415181
-18.2095
0.181817
-0.0210411
0.0323436
0.123148
-0.252678
-0.13907
-0.0513063
-0.0454353
0.038082
0.365379
-1.2376
-0.188547
0.0438249
-0.104282
0.210055
-0.0445025
-0.368868
-0.0238414
-0.0867937
-0.458938
0.352345
0.285285
1.02646
-0.239556
0.0587891
0.0999855
-0.0045531
0.185288
-0.111259
-0.776919
0.611959
23.7116
0.237657
-4.28351
0.338643
0.336683
-0.141875
-0.0692441
0.109971
0.120875
1.17533
0.396338
0.340493
3.97679
-0.868989
-1.03245
0.24148
-0.237915
0.375811
-2.10134
2.72728
0.272839
0.122248
8.34787
0.19258
0.177719
0.925814
-0.19554
0.594836
0.0150583
-0.223863
-3.03068
3.15557
-24.2576
0.567342
0.260469
0.16513
0.126213
-0.725311
-0.362584
0.409685
-0.225597
0.203769
1.0327
-0.483647
0.268023
0.212525
0.712906
1.01779
0.902872
0.308721
-0.198379
-0.430082
-0.648745
2.32998
0.717419
0.154166
0.879059
-0.241341
1.4933
-0.23936
3.00216
0.450648
0.218819
-0.532921
-1.69098
0.366296
-0.703927
0.0186393
1.5487
1.65674
2.00167
-0.220727
0.059737
0.734448
0.381036
2.41072
-0.38613
0.514136
-0.149736
-0.33676
-0.447559
-0.255769
-1.11008
0.269968
0.312106
-0.358803
1.21775
-3.49993
0.0851705
0.816901
-0.505602
0.266626
-0.187403
0.0354074
-0.167692
0.734115
-0.57203
1.55933
-1.64255
0.731621
-0.303635
-0.231537
-0.534119
0.483344
-0.465849
-0.477583
-0.199347
22.1739
0.263724
6.39168
-2.58921
-0.153651
-0.230913
0.0590874
-0.255973
-0.144223
0.194715
1.55937
0.47015
0.355386
2.7911
2.53493
1.36489
1.24617
2.07181
0.975262
2.36566
2.80653
0.286592
0.28617
-0.411492
1.32116
-0.112572
-1.48626
-0.149237
-0.420186
-1.15427
0.514164
0.526148
3.36194
22.6771
0.0647445
0.137928
-0.182843
0.29997
-0.405238
1.58245
0.698274
-0.712713
-0.561198
3.56647
0.860198
0.327014
0.174194
0.256773
1.26169
1.29637
1.06682
-0.219006
-1.77946
-0.38574
3.85946
-0.181882
-2.20236
0.235229
0.892906
1.09602
1.99548
1.67523
-0.156157
-2.21809
0.119579
2.70824
0.401087
-3.03724
0.30117
2.81496
2.00156
1.63241
1.64118
-0.612466
-0.47576
0.019725
11.517
0.886641
-2.93116
-0.850372
1.71231
1.51507
1.49484
0.32117
-0.15106
-0.589772
0.764484
1.33655
4.14663
-0.56801
-1.16967
-0.164312
0.842489
1.38743
-0.318508
-1.4335
0.562441
1.53884
0.359696
3.93641
1.26603
-0.741512
-3.66043
-2.73209
-1.36417
-0.335026
1.84112
0.968238
2.13556
0.2844
18.1947
-0.0987654
1.11715
-0.697678
-1.73709
-1.57416
0.349455
0.969958
1.09234
0.602915
0.467692
0.353477
2.77226
0.946045
-0.798583
-1.67046
0.0380803
-0.36757
-2.30451
2.72398
0.286064
0.285624
-0.523429
-0.0181868
-0.94274
0.552868
-0.471289
2.22561
1.0357
2.24031
-1.20088
3.07505
22.5791
-0.330673
-2.7394
0.0836225
2.67105
4.35626
-0.544682
-0.746798
-1.61128
2.2209
-3.40638
0.0970953
-2.12521
-0.0274487
2.12011
-1.74811
0.806645
-1.84999
-3.23016
0.303569
2.8094
-2.45233
-0.26074
0.391333
-0.132087
-1.99225
1.03371
1.74385
-1.54218
0.0817126
2.52207
-0.174795
-0.422759
-1.3664
0.203983
-0.115723
1.20769
1.0069
-1.44888
-0.365201
1.19595
-0.233506
-1.51385
11.4333
-2.02904
2.25496
0.907098
-1.80031
-1.7859
0.507455
2.31964
-0.0882927
-3.24565
-0.58579
1.33306
-2.70963
-0.241796
-0.769201
-2.37669
0.0967926
2.3996
0.388447
0.556828
0.184056
1.48113
0.359025
-0.516882
0.580816
0.713632
-0.0348109
2.68066
0.255874
-2.91571
-0.510485
0.144439
2.09322
0.283665
84.8711
4.40225
-0.189671
0.155071
0.00496937
-2.31498
-1.20291
-0.293163
0.941245
0.593642
0.283665
0.429583
0.340046
2.62224
-1.18822
-2.85997
0.339049
0.172434
0.129595
-0.183121
-3.71311
0.27269
0.278758
-0.735515
0.146074
0.00884254
0.0779742
-0.055919
0.265916
2.77288
0.777033
0.160147
5.29395
21.6236
-0.000485957
-0.181173
0.290551
0.349307
-0.163938
0.12282
-0.00133445
0.42502
1.24994
0.266581
-1.17986
-0.137762
-0.281196
0.312177
0.219827
0.114181
-0.0128885
0.589589
0.0145707
-0.25904
0.0523603
-1.69917
0.0743538
0.102261
-0.0843337
-0.286625
-4.9732
-0.0794018
-0.0719217
0.100557
0.141758
-2.90506
-0.147033
-0.254411
0.322296
-0.202599
-1.09461
-0.118004
0.10962
0.255669
0.026759
0.0756394
10.6537
-0.599283
-0.242651
-0.298251
-0.210212
-0.326985
0.284685
-0.32696
-0.30061
0.0595885
-2.67623
1.2988
-0.00480169
-0.386093
0.280264
-0.155909
0.104641
-0.189955
-0.0211346
0.098061
0.276117
-1.52526
0.349151
-0.0492379
-0.259631
-0.315863
0.0306486
0.183399
-0.142985
0.103212
-2.4859
-1.36339
1.79188
0.273814
10.6153
1.28693
-0.364444
-0.0511617
-0.0786288
-0.471343
-2.57455
-2.4997
0.585224
0.499952
0.273814
2.97317
0.28823
0.26783
1.51711
-0.162061
-0.317243
-0.228976
-0.0292791
-0.0231172
0.0220585
0.124495
0.210352
0.247413
-1.457
0.406099
0.114586
-0.0595824
0.0055243
0.763254
0.706657
0.106973
0.160611
-3.13111
10.1354
-0.0912092
0.10212
0.32663
0.115269
0.224587
0.0836271
0.050535
0.0613207
0.0744382
0.0133733
-3.36081
-0.286362
0.0192049
-0.302181
0.0677354
0.163098
-0.0222104
-0.182717
0.0455125
0.14667
0.314211
-0.0630093
-0.0228189
0.074941
-0.128761
-0.0107238
0.915231
0.00294333
0.12793
0.200537
0.0153867
-0.0322666
0.0962653
0.013225
-0.262465
-0.113144
0.0270843
-0.521091
-0.0575378
0.0289941
0.021565
-0.211773
-4.5676
-0.06868
-0.148871
0.188258
-0.0350257
-0.0615853
-0.0037277
0.20487
0.0354642
0.0451823
-0.0588995
1.09306
-0.233838
0.0493314
0.0849446
-0.073106
-0.102056
-0.125681
-0.0994044
-0.0760144
0.0972332
0.519138
0.308136
-0.12668
-0.0889639
-0.291493
-0.283211
0.233369
-0.111584
-0.138729
-0.11333
-0.0632198
-0.249624
0.249196
-10.1042
0.5104
0.281723
0.147529
0.00805831
-0.0525563
-0.199851
-0.0929001
-3.69892
0.0839
0.249196
-0.533141
2.00774
0.0315739
0.216617
5.84512
-0.205516
-0.134145
-0.100062
-0.0656347
0.0415633
-0.0777316
-1.08839
0.171875
0.123612
4.35307
-0.0212105
0.0347023
0.0979176
0.203554
0.354692
0.249061
0.246131
0.04541
4.4856
-28.4162
0.247661
0.144121
-0.065461
0.00177753
0.144621
0.0153041
0.078477
0.0392416
0.085385
0.115352
0.301781
0.0500842
0.173393
0.125452
-0.0491983
0.0311165
-0.191121
-0.0525219
0.209168
0.0483388
0.0433051
0.126003
-0.00331571
0.1432
0.105641
0.301367
0.0233342
0.0056288
0.13203
0.188727
0.0082834
0.0269449
-0.0523591
-0.0259167
0.06039
0.0472518
-0.089173
0.199955
0.149551
0.015555
-0.0554868
0.0314148
-5.44654
-0.102254
-0.127171
-0.0745453
-0.0376813
-0.0368518
-0.00362107
-0.0436041
0.0488107
-0.0118869
-0.222869
0.542123
-0.307277
-0.117413
0.0984059
-0.0135095
-0.0860176
-0.030973
0.0886607
0.0550084
0.0134835
0.34781
0.202236
-0.284371
-0.185957
-0.104333
-0.279569
-0.231611
0.0978133
-0.0393525
0.132289
0.0374274
-6.30242
0.220464
4.73493
0.0918873
0.439069
0.20859
0.224157
-0.035089
-0.162925
-0.120934
-0.931445
-0.788948
0.220464
-0.22181
0.165452
0.20532
-0.158675
0.183473
-4.12318
-0.0416509
-0.179125
-0.0311449
-0.0435712
-0.0357639
-0.116347
0.376111
0.157528
0.73828
-0.244588
0.071055
0.0680818
0.164691
0.456438
0.166128
0.0739309
-0.0227029
0.0283521
-7.32155
-30.5408
0.0940042
-0.0936473
-0.00754238
0.0861114
0.104996
0.00274473
0.0331561
0.0795838
0.137803
0.369177
0.168618
0.068479
0.0702486
0.0216707
0.0458055
-0.0446294
-0.0669568
-0.0477665
0.0321997
0.0265872
0.137941
0.031559
-0.0353126
-0.0770998
-0.148142
0.0611358
-1.54613
-0.106958
0.103454
0.00501014
0.0693334
0.108563
-0.037144
0.100785
-0.0666546
0.00730709
0.228257
0.104336
0.0322353
0.041309
0.0986686
-0.0940238
-10.6747
-0.0329742
-0.055395
0.057728
-0.0447003
-0.0112897
0.0363535
0.0356425
-0.0414537
-0.00979235
0.128399
0.0839828
-0.196713
0.00274755
-0.0469075
0.0299157
-0.103181
-0.154672
0.0252903
-0.0232412
-0.0234606
-0.197643
0.585887
-0.117333
-0.0937104
-0.00197494
-0.0426138
-0.321626
-0.0675817
0.0224608
-0.122863
-0.170196
0.598449
0.195262
4.42535
-0.30825
0.0611077
0.291531
-0.105225
0.373343
0.00564831
-0.179612
-1.79256
1.67759
0.195262
0.360113
1.84872
-0.292912
0.156611
0.0281355
0.279592
-6.07359
-0.27772
-0.0495257
-0.0300855
-0.0604729
-0.205299
-0.239343
-2.88255
0.202605
0.667756
2.2808
0.142974
0.165491
0.269665
0.100861
0.413195
0.0834144
-0.0450683
-0.124266
0.122535
7.59645
0.18247
0.13508
0.0841855
0.168437
-0.0568862
0.116096
-0.041245
0.0229614
0.0985273
0.0670903
-0.140909
0.0781784
-0.0552048
-0.126418
0.0803721
0.246114
-0.112232
0.137205
0.0397361
-0.0820477
0.175194
-0.0812496
0.16529
0.0225674
-0.0394725
-0.495692
-0.384375
-0.0747387
0.0187452
0.0855029
0.0664399
-0.0483429
0.105197
-0.0271739
0.0450649
0.0484219
0.334239
-0.108603
0.0284424
-0.0701665
-0.0404554
-0.0207175
10.0301
0.01456
0.078031
0.0497015
0.0277101
-0.179208
-0.186694
0.25702
0.0984397
-0.0411826
-0.0394315
-0.365204
-0.133174
-0.0049002
-0.0361073
0.00761868
-0.0227343
-0.0352497
-0.0399822
-0.0574154
-0.0144801
-0.104458
0.588798
-0.210751
-0.0378751
0.0423071
0.000614778
-0.111828
-0.267269
-0.180699
-0.0317024
-0.159269
-1.5337
0.228899
35.4099
-0.0432926
-0.0740059
-0.0562506
0.0802946
0.0375556
0.443144
0.024398
-0.164938
0.221035
0.228899
0.613374
-7.76067
0.0813468
-0.0158395
0.188382
0.37372
0.332305
2.58838
-0.257897
-0.0369326
-0.0251719
-0.133226
0.0813349
-2.33763
-0.753877
0.244361
0.0336379
0.26895
-0.0636994
0.41889
0.422444
0.189839
-0.158209
0.187219
0.0582675
0.242809
1.57609
-12.2337
-0.0927042
0.100936
0.0271937
-0.0589254
0.341339
0.135531
-0.0359306
-0.116758
0.0643433
0.34659
0.0869616
0.0663649
-0.118213
-0.0109489
-0.107966
-0.535986
0.147549
0.125011
0.096747
-0.0840751
-0.503124
-0.0295688
0.184615
-0.0312061
0.19751
-0.0248185
-0.505782
0.114007
0.164484
-0.0166038
0.067181
-0.572487
-0.0256667
-0.0408194
0.0684593
-0.284886
-0.272353
-0.275867
-0.0314511
-0.0253006
-0.0306432
-0.385796
15.5505
-0.00898051
-0.00814757
-0.126133
0.18069
-0.0468523
-0.736595
-0.114245
0.112871
0.0758133
-0.126995
1.3437
-0.269154
-0.0850494
-0.0792627
-0.103512
-0.102568
-0.0840215
-0.219173
0.0874911
-0.0158139
-0.132465
-0.0220537
-3.58439
0.1355
-0.160665
-0.0921913
0.0391368
-0.110236
-0.132062
-0.103129
-0.131098
-5.48293
0.252476
3.93493
-0.882779
-0.263907
-0.162549
-0.0489223
-0.0654083
0.0544891
0.478373
0.279975
-2.69476
0.252476
0.635917
1.59762
-5.84213
-0.436445
-0.293861
0.187233
0.445857
0.347711
0.00358871
-0.7498
-0.357235
-0.0837406
0.0887277
0.275079
-1.45234
2.61642
0.273598
0.206589
4.11457
-0.308393
0.484988
3.88245
0.206543
-0.335267
-0.0702928
0.103179
-2.68154
2.9126
-20.2092
0.39661
0.0137999
-0.146248
0.283441
0.293937
0.309036
0.056598
-0.528786
-0.180271
-2.575
-0.318626
-0.107632
-0.114721
-0.0953786
0.365171
-0.0351082
0.535851
0.0874894
0.0612188
0.150754
-2.44396
0.0981887
0.0943012
0.398535
-0.0551253
1.94252
-1.9702
0.833934
0.225496
-0.26831
0.106857
-2.0542
0.294122
0.149785
0.45312
1.29561
-3.69132
0.253214
-0.767578
0.656167
0.353972
-0.618917
4.20709
0.180179
0.193989
0.046239
-0.0741992
0.672513
0.441899
-0.657266
-0.592662
0.23048
-0.361821
0.360111
0.40524
-0.0786449
0.145963
-0.090605
-0.0437382
0.225418
-0.0140518
-0.299782
0.389725
0.0592748
0.111823
-2.57136
0.143876
-0.253686
-0.272514
-0.194881
0.165739
0.154786
-0.095393
0.278335
-2.76818
0.2714
-2.65102
0.430073
-0.346794
0.000293814
-0.0827057
-0.365533
-0.309911
1.17057
0.848367
-1.66729
0.2714
0.706287
1.77471
0.00263279
0.990485
0.571507
-0.0125258
0.445426
0.462122
0.349554
-1.30374
1.63553
-0.182118
-0.0902194
-0.0511139
-1.5096
1.52198
2.79583
0.284077
0.262716
5.2485
-1.15785
-0.065036
2.10519
0.685388
1.44825
0.656671
-0.218431
-0.105321
3.31385
-92.2839
0.53378
3.20729
-0.134819
0.914225
-0.420701
0.290131
-0.612654
0.144105
0.05916
3.45413
0.179522
1.26169
0.481482
0.220131
-1.56704
-2.38523
0.971786
0.602127
0.0554724
-0.111121
0.152427
0.197321
2.20527
-0.00376385
-0.175054
0.955548
-3.80436
0.600742
0.276292
0.331951
0.81056
1.64135
-0.0593696
2.1582
-0.0791609
-2.30114
1.4084
0.57463
-1.02233
-0.140616
-0.70555
-1.08632
8.66876
0.272313
1.82308
-0.0847948
0.0745652
-1.77783
-1.36019
-1.09876
0.0298032
3.10701
1.52401
0.86187
-2.688
-0.537785
1.98513
-0.064612
-0.127824
-2.1275
-3.13761
0.545706
2.83173
0.939613
0.129417
-2.6391
-2.05788
-0.531365
3.07804
0.156412
-0.267501
-0.739363
-0.947885
-1.36118
-0.137293
0.281764
17.8967
-1.09343
-2.15045
-0.0286301
-0.138375
2.50289
0.305762
5.0431
5.50201
2.80201
0.281764
0.768058
2.45332
3.81296
-2.43262
-2.26177
-2.26974
-3.66382
9.31727
0.47015
0.355386
2.7911
2.53493
1.36489
1.24617
2.07181
0.975262
2.36566
2.80653
0.286592
0.28617
-0.411492
1.32116
-0.112572
-1.48626
-0.149237
-0.420186
-1.15427
0.514164
0.526148
3.36194
22.6771
0.0647445
0.137928
-0.182843
0.29997
-0.405238
1.58245
0.698274
-0.712713
-0.561198
3.56647
0.860198
0.327014
0.174194
0.256773
1.26169
1.29637
1.06682
-0.219006
-1.77946
-0.38574
3.85946
-0.181882
-2.20236
0.235229
0.892906
1.09602
1.99548
1.67523
-0.156157
-2.21809
0.119579
2.70824
0.401087
-3.03724
0.30117
2.81496
2.00156
1.63241
1.64118
-0.612466
-0.47576
0.019725
11.517
0.886641
-2.93116
-0.850372
1.71231
1.51507
1.49484
0.32117
-0.15106
-0.589772
0.764484
1.33655
4.14663
-0.56801
-1.16967
-0.164312
0.842489
1.38743
-0.318508
-1.4335
0.562441
1.53884
0.359696
3.93641
1.26603
-0.741512
-3.66043
-2.73209
-1.36417
-0.335026
1.84112
0.968238
2.13556
0.2844
18.1947
-0.0987654
1.11715
-0.697678
-1.73709
-1.57416
0.349455
0.969958
1.09234
0.602915
0.2844
0.775943
2.46373
6.9727
4.49546
2.49826
2.96152
6.9872
7.4257
0.655456
0.47015
0.355386
2.7911
2.53493
1.36489
1.24617
2.07181
0.975262
2.36566
2.80653
0.286592
0.28617
-0.411492
1.32116
-0.112572
-1.48626
-0.149237
-0.420186
-1.15427
0.514164
0.526148
3.36194
22.6771
0.0647445
0.137928
-0.182843
0.29997
-0.405238
1.58245
0.698274
-0.712713
-0.561198
3.56647
0.860198
0.327014
0.174194
0.256773
1.26169
1.29637
1.06682
-0.219006
-1.77946
-0.38574
3.85946
-0.181882
-2.20236
0.235229
0.892906
1.09602
1.99548
1.67523
-0.156157
-2.21809
0.119579
2.70824
0.401087
-3.03724
0.30117
2.81496
2.00156
1.63241
1.64118
-0.612466
-0.47576
0.019725
11.517
0.886641
-2.93116
-0.850372
1.71231
1.51507
1.49484
0.32117
-0.15106
-0.589772
0.764484
1.33655
4.14663
-0.56801
-1.16967
-0.164312
0.842489
1.38743
-0.318508
-1.4335
0.562441
1.53884
0.359696
3.93641
1.26603
-0.741512
-3.66043
-2.73209
-1.36417
-0.335026
1.84112
0.968238
2.13556
0.2844
18.1947
-0.0987654
1.11715
-0.697678
-1.73709
-1.57416
0.349455
0.969958
1.09234
0.602915
0.2844
0.775943
2.46373
6.9727
4.49546
2.49826
2.96152
6.9872
7.4257
0.655456
0.2844
