0000000000000000000000000000000000000000000000000000000000000000000000000000000011000000000100000000011000000000100000000
0000000000000000000000000000000000000000000000000000000000000000000000000000000000001000000000110000000001100000000011000
0000000000000000000000000000000000000000000000000000000000000000000000000000000000100000000011000000000110000000011100000
0000000000000000000000000000000000000000000000111100000001100000000000000000000000000000000000000000000000000000000000000
0000000101000000000000000000000000000000000000000000000000000000000000000000000000000000000000000000000000000000000000000
0010000010000000000000000000000000000000000000000000000000000000000000000000000000000000000000000000000000000000000000000
0000000000000000000000000000000000000000100000000000000000000000000000000000000000000000000000000000000000000000000000000
0000000000010000000000000000000000000000000000000000000000000000000000000000000000000000000000000000000000000000000000001
0000000000000000000000000000000000000000000000000000000000000000000000000000100000000001000000000000000000000000000000000
0000000000000000000000000000000000000000000011000000000110000000000000000000000000000000000000000000000000000000000000000
0000000000000000000000000000000000000000000000000000000000000000001000000000000000000000000000000100000000001000000000000
0000000000000000001010000000000000000000000000000000000000000000010000000000000000000000000000000000000000000000000000000
0000000000000000000000000000000000000000000000000011000000000110000000011100000000010000000000000000000000000000000000000
0000000000000000000001000000000000000000000000000000000000000000000000000000000000000000000000000000000000000010000000000
0000000000000000000100000000000000000000000000000000000000000000000000000000000000000000100000000000000000000000000000000
1000000000100000000000000000000000000000000000000000000000000000000000000000000000000000000000000000000000000000000000000
0001000000000000000000000000000000000000000000000000000000000000000000000000000000000000000000000001000000000000000000000
0000000000000001110000000000000000000000000000000000000000000000000000000000000000000000000000000000000000000000000000000
0000000000000000000000000000000000000000000000000000000000000000000110000000001100000000010000000000000000000000000000000
0000000000000000000000000000000000000000000000000000000000000000000000000000000000000000000000001000000000010000000000100
0000000000000000000000000000001100000000011000000000110000000001000000000000000000000000000000000000000000000000000000000
0100001000000000000000000000000000000000000000000000000000000000000000000000000000000000000000000000000000000000000000000
0000000000000000000000000000000000000000000100000000001000000000000000000000000000000000000000000000000000000000000000000
0000010000000000000000000000000000000000000000000000000000000000000000000000010000000000000000000000000000000000000000000
0000100000000000000000000000000000000000000000000000000000000000000000000000000000000000000000000000000000000100000000000
0000000000001110000000000000000000000000000000000000000000000000000000000000000000000000000000000010000000000000000000000
0000000000000000000000000000000001111111000000000000000000000000000000000000000000000000000000000000000000000000000000000
0000000000000000000000100000000000000000000000000000000000000000000000000000000000000000000000000000000000000000000000010
0000000000000000000000000000000010000000000000000000000000000000000000000000000000000000001000000000100000000001000000000
0000000000000000000000000000000000000000000000000000000000000000100000000011000000000110000000000000000000000000000000000
0000000000000000000000000000000000000000000000000000000000011000000001100000000000000000000000000000000000000000000000000
0000000000000000000000011111110000000000000000000000000000000000000000000000000000000000000000000000000000000000000000000
