0000000000000000000000000000000000000000000000000000000000000000000000000000000000000000000000000000000000000000000000011
0000000000000000000000010000000000000000000000000000000000000000000000000000000000000000000000001000000000010000000000100
0000000000000000000000000000000000000000000000000000000000000000000000000000000000000000000000000000000000000000100001000
0000000000000000000000000000000000000000000011000000000000000000000000000000000000000000000000000000000000000000000010000
0000000000000000000000000000000000000000000000000000000000000000000000000000000000000000000000100000000010000000000100000
0000000000000000000000000000100100000000000000000000000000000000000000000000000000000000000000000000000000000000001000000
0000000000000000000000000000000000000000000000000000000000000000000000000000000000000000000010000000001000000000010000000
0000000000000000000000000000000000000000000000000000000000000000000000000000000000000000000000000000000000000011000000000
0000000000000000000000000000000000000000000000000000000000000000000000000000000000000000000000000000000000001100000000000
0000000000000000000000000000000000000000000000000000000000000000000000000000000000000000000000010000000000100000000000000
0000000000000000000000000000000000000000000000000000000000000100000000001000000000001000000000000000000001000000000000000
0000000000000000000000000000000000000000010000011100000000000000000000000000000000000000000000000000000100000000000000000
0000000000000000000000000000000000000000000000000000000000000000000000000000000000000000000000000000110000000000000000000
0000000000000000000000000000000000000000000000000000000000000000000000000000000000000000000000000011000000000000000000000
0000000000000000000000000000000000000000000000000000000000000000000000000000000000000000000100000100000000000000000000000
0000000000000000000000000000010000000000100000000000000000000000000000000000000000110000000001000000000000000000000000000
0000000000000000000000000000000000000000000000000000000000000000000000000000000000000000011000000000000000000000000000000
0000000000000000000000000000000000000000000000000000000000000000000000000000000000000001100000000000000000000000000000000
0000000000000000000000000000000000000000000000000000000000000000000100000000000011000010000000000000000000000000000000000
0000000000000000000000001000000000000000000000000010000001000000000000000010000000000100000000000000000000000000000000000
0000000000000000000000000000000000000000000000000000000000000000000000000000001100000000000000000000000000000000000000000
0000000000000000000000000000000000000000000000000000000000000000000000000000110000000000000000000000000000000000000000000
0000000000000000000000000000000000000000000000000000000000000000000000010001000000000000000000000000000000000000000000000
0000000000000000000000000000000000000011000000000000000000000000000000000100000000000000000000000000000000000000000000000
0000000000000000000000000000000000000000000000000000000000000000000001100000000000000000000000000000000000000000000000000
0000000000000000000000000000000000000000000000000000000000000000001010000000000000000000000000000000000000000000000000000
0000000000000000000000000000000000000000000000000000000000001000010000000000000000000000000000000000000000000000000000000
0000000000000000000000000000000010000000000100000000000010000000100000000000000000000000000000000000000000000000000000000
0000000000000000000000000000001000000000001000000000110000000001000000000000000000000000000000000000000000000000000000000
0000000000000000000000000000000000001000000000100001000000000010000000000000000000000000000000000000000000000000000000000
0000000000000000000000000000000000000000000000000000000000110000000000000000000000000000000000000000000000000000000000000
0000000000000000000000000000000000000000000000000000001100000000000000000000000000000000000000000000000000000000000000000
0000000000000000000000000001000000110100000000000000000000000000000000000000000000000000000000000000000000000000000000000
0000000000000000000000100000000001000000000000000000000000000000000000000000000000000000000000000000000000000000000000000
0000000000000000000000000110000000000000000000000000000000000000000000000000000000000000000000000000000000000000000000000
0000000000000000000011000000000000000000000000000000000000000000000000000000000000000000000000000000000000000000000000000
0000000000000000001100000000000000000000000000000000000000000000000000000000000000000000000000000000000000000000000000000
0000000000000000110000000000000000000000000000000000000000000000000000000000000000000000000000000000000000000000000000000
0000000000000011000000000000000000000000000000000000000000000000000000000000000000000000000000000000000000000000000000000
0000000000001100000000000000000000000000000000000000000000000000000000000000000000000000000000000000000000000000000000000
0000000000110000000000000000000000000000000000000000000000000000000000000000000000000000000000000000000000000000000000000
0000000011000000000000000000000000000000000000000000000000000000000000000000000000000000000000000000000000000000000000000
0000001100000000000000000000000000000000000000000000000000000000000000000000000000000000000000000000000000000000000000000
0000110000000000000000000000000000000000000000000000000000000000000000000000000000000000000000000000000000000000000000000
0011000000000000000000000000000000000000000000000000000000000000000000000000000000000000000000000000000000000000000000000
1100000000000000000000000000000000000000000000000000000000000000000000000000000000000000000000000000000000000000000000000
