0000000000000000000000000000000000000000000000000000000000000010000000000100000000010000000011100000000000000000000110000
0000000000000000000000000000000000000000000000000000000000000000000000000000000000000000001100000000111000000000111000000
0000000000000011000000001100000000010000000001000000000000000000000000000000000000000001000000000100000000010000000000000
0000000000000000000000000000000000000000000000000000100000000001100000000011000000001010000000001000000000100000000000000
0000000000000100000000010000000000100000000000000000000000000000000000000000000000000000000000000010000000001000000000000
0000000000000000000000000000000000000000000000100000000010100000000101000000001010000000010000000000000000000000000000000
0000111100000000000000000000000000000000000000000000000000000000000000000000000000000000000000000000000000000000000000000
0000000000000000000000000001000000000100000000010000000001000000000010000000000100000000000000000000000000000000000000000
0000000000000000000100000000000100000000001100000000011000000000010000000000100000000000000000000000000000000000000000000
1100000000000000000000100000000000000000000000000000000000000000000000000000000000000000000000000000000000000000000000000
0000000000000000000000000000000000000000000000000000000000000000000000000000000000000000000000000000000000000100000000110
0000000011000000000011000000000010000000000000000000000000000000000000000000000000000000000000000000000000000000000000000
0000000000010000000000000000000000000000000000000000000000000000000000000000000000000000000000000001000000000001000000000
0000000000000000000000000000000000000000000010000000000100000000001000000000010000000000100000000000000000000000000000000
0000000000000000100000000010000000001011000000001100000000010000000000000000000000000000000000000000000000000000000000000
0000000000100000000000000000000000000000000000000000000000000000000000000000000000000000000000000000000000000010000000001
0000000000000000011000000000111000000000110000000001000000000000000000000000000000000000000000000000000000000000000000000
0000000000000000000000000000000000000000000000000000000000000000000000111000000001100000000000000000000000000000000000000
0000000000000000000000000000000000000000000000000000000000000000000000000000000000000100000000010000000111000000000001000
0011000000001000000000000000000001000000000000000000000000000000000000000000000000000000000000000000000000000000000000000
0000000000000000000000000000000000000000000000000010000000001100000000000000000000000000000000000000000000000000000000000
