0100000000000000000000000000000000000000000000000000000000000000000000000000000000000000000000000000000000000011000000000
0000000000000000000000000000000000000000000000000000000000000000000000000000000000010000000001100000000011000000001110000
0000000000000000000000000000000000000000000000000000000000000010000000001100000000001000000000010000000000100000000001000
0000000000000000000000000000000000000000000001000000000010000000000100000000001100000000000000000000000000000000000000000
0000000000000001100000000011100000001000000000000000000000000000000000000000000000000000000000000000000000000000000000000
0000000000000000000000000000000000000000000000000000000000000000000000000000000000000000000000000010000000000000000000001
0000000000000100000000000000000000000000000000000000001000000000010000000000000000000000000000000000000000000000000000000
0000100010000000000000000000000000000000000000000000000000000000000000000000000000000000000000000000000000000000000000000
0000000000000000000010000000000000000000000100000000000000000000000000000000000000000000000000000000000000000000000000000
0000000100000000000000000000000000000000000000000000000000000000000000000000010000000000000000000000000000000000000000000
0000000000001000000000100000000000000000000000000000000000000000000000000000000000000000000000000000000000000000000000000
0000000000000000000000000000000000000000000000000000000000011100000001110000000011000000000000000000000000000000000000000
0000000000000000000000000000000010000000000000000000000000000000001000000000000000000000000000000000000000000000000000000
0000000000000000001000000000011000000000110000000001100000000000000000000000000000000000000000000000000000000000000000000
0000000000000000000000000100000000010100000000110000000001100000000010000000000000000000000000000000000000000000000000000
0000000001000000000000000000000000000000000000000000000000000000000000000000000000000000000000000001000000000000000000000
0000000000000000000000000000000000000000000000000000000000000000000000000000000000000000011100000000010000000000000000000
0000000000000000010000000000000000000011000000001110000000000000000000000000000000000000000000000000000000000000000000000
0000000000000010000000001000000000100000000010000000000000000000000000000000000000000000000000000000000000000000000000010
0000000000000000000000000000000000000000000000000000000000000000000000000000000000000000100000000000100000000000000000000
0000000000000000000000010000000001000000000000000000000000000000000000000000000000000000000000000000000000000000000000000
1000010000000000000000000000000000000000000000000000000000000000000000000000000000000000000000000000000000000000000000000
0000000000000000000000000000000000000000000000000000000100000000000000000001000000000010000000000100000000001000000000000
0000001000100000000001000000000000000000000000000000000000000000000000000000000000000000000000000000000000000000000000000
0001000000000000000000000000000000000000000000000000000000000000000000000000000000000000000000000000000000000100000000000
0000000000000000000000000000000000000000000000000000000000000001000000000010000000000100000000001000000000010000000000100
0000000000000000000000000000000000000000000000000000000000000000000000000000000000100000000010000000001100000000110000000
0010000000010000000000000000000000000000000000000000000000000000000000000000000000000000000000000000000000000000000000000
0000000000000000000000000000000000000000000000000000000000000000000000000000100000000001000000000000000000000000000000000
0000000000000000000100000000000100000000001000000000010000000000100000000000000000000000000000000000000000000000000000000
