0000000000000000000000000000000000000000000000000000000000000000000000000000000000000000000000000000000000000000000000011
0000000000000000000000000000000000000000000000000000000000000000000000000000000000000000000000000000000000000000000001100
0000000000000000000000000000000000000000000000000000000000000000000000000000000000000000000000000000000000000000001010000
0001000000000000000000000000000000000000000000000000000000000000000000000000000000000000000000000000000000000100000100000
0000000000000000000000000000000000000000000000000000000000000000000000000000000000000000000000000000000000000001010000000
0000000000000000000000000000000000011000000000000000000000000000000000000000000000000000000000000000100000000000100000000
0000000000000000000000000000000000000000000000000000000000000000000000000000000000000000000000000001000000000010000000000
0000000000000100000000000000000000000000000000000000000000000000000000000000000000000000000000000000000000111000000000000
0000000000000000000000000001000000000001000000000010000000000000000000000000000000000000000000000000000011000000000000000
0000000000000000000000000000000000000000000000000000000000000000000000000000000000000000000000000000011100000000000000000
0000000000000000000000000000000000000000000000000000000000100000000001000000000000000010000000000010000000000000000000000
0000000000000000000000000000000000000000000000001000000000000000000000000000000000000100000000000100000000000000000000000
0000000000000000000000000000000000000010000000000000000000000000000000000000000000000000000000111000000000000000000000000
0000000000000000000000000000010000000000000000000000000000000000000000000000000000000000000001000000000000000000000000000
0000000000000000000000000000000000000000000000000000000000000000000000000000000000100000000110000000000000000000000000000
0000000000000000000000000000000000000000000000000000000000000000000000000000000100010000001000000000000000000000000000000
0000000000000000000000000000000000000000000000000000000000000000000000000000000000000000110000000000000000000000000000000
0000000000000000000000000000000000000000000000000000000000010000000010000001000000000001000000000000000000000000000000000
0000011000000000001000000000000000000000000000000000000000000000000000000000000000001000000000000000000000000000000000000
0000000000000000010000000000000000000000000000000000000000000000000000001000000001000000000000000000000000000000000000000
0000100000000000000000000000001000000000010000000000000000000000000000010000000010000000000000000000000000000000000000000
0000000000000000000000000000000000000000000000000000000000000000000000000000011000000000000000000000000000000000000000000
0000000000000000000000000000000000000000000000000000000000000000000100000000100000000000000000000000000000000000000000000
0000000000000000000000000000000000000000000000000000000000000010000000000010000000000000000000000000000000000000000000000
0000000000000000000000000000000000000000000000000000100000000001000000000100000000000000000000000000000000000000000000000
0000000100000000000000000010000000000100000000000000000000000000000000100000000000000000000000000000000000000000000000000
0000000000000000000000000000000000000000000000000000000000000000011000000000000000000000000000000000000000000000000000000
0000000000000000000000000000000000000000000000000000000001000000100000000000000000000000000000000000000000000000000000000
0000000000000010000000001000000000000000000000000000000000001100000000000000000000000000000000000000000000000000000000000
0000000000000000000000000000000000000000000000000000000110000000000000000000000000000000000000000000000000000000000000000
0000000000000000000000000000000000000000000000000000011000000000000000000000000000000000000000000000000000000000000000000
0000000000000000100000000000000000000000100000000001000000000000000000000000000000000000000000000000000000000000000000000
0000000000000000000000000000000000000000000000010100000000000000000000000000000000000000000000000000000000000000000000000
0000000000000000000000000000000000000000000001100000000000000000000000000000000000000000000000000000000000000000000000000
0000000000000000000000000000000000000000000110000000000000000000000000000000000000000000000000000000000000000000000000000
0000000000000000000000000000000000100000001000000000000000000000000000000000000000000000000000000000000000000000000000000
0000000000000000000000000000000011000000000000000000000000000000000000000000000000000000000000000000000000000000000000000
0000000000000000000000010000000100000000000000000000000000000000000000000000000000000000000000000000000000000000000000000
0000000000000001000000000100100000000000000000000000000000000000000000000000000000000000000000000000000000000000000000000
0000000000000000000001100000000000000000000000000000000000000000000000000000000000000000000000000000000000000000000000000
0000000000000000000110000000000000000000000000000000000000000000000000000000000000000000000000000000000000000000000000000
0000000000011000000000000000000000000000000000000000000000000000000000000000000000000000000000000000000000000000000000000
0000000001100000000000000000000000000000000000000000000000000000000000000000000000000000000000000000000000000000000000000
0010000010000000000000000000000000000000000000000000000000000000000000000000000000000000000000000000000000000000000000000
1100000000000000000000000000000000000000000000000000000000000000000000000000000000000000000000000000000000000000000000000
