0000000000000000000000000000000000000000000000000000000000000000000000000000000000000000000000000000000000000000000000011
0000000000000000000000000000000000000000000000000000000000000000000000000000000000000000000000000000000000000000000001100
0000000000000000000000000000000000000000000000000000000000000000000000000000000000000000000000000000000000000000000110000
0000000000000000000000000000000000000000000000000000000000000000000000000000000000000000000000000000000000000000011000000
0000000000000000000000000000000000000000000000000000000000000000000000000000000000000000000000000000000000000001100000000
0000000000000000000000000000000000000000000000000000000000000000000000000000000000000000000000000000000000000110000000000
0000000000000000000000000000000000000000000000000000000000000000000000000000000000000000000000000000000000011000000000000
0000000000000000000000000000000000000000000000000000000000000000000000000000100000000000000000000100000000100000000000000
0000100000000001000000000100000000000000000000000000000000000000000000000000000000000000000000000000000001000000000000000
0000000000000000000000000000000000000000000000000000000000000000000000000000000000000000000000000000000110000000000000000
0000000000000000000000000000000000000000010000000000010000000000000000000000000000000000001000000000001000000000000000000
0000000000000000000000000000000000000000000000000000000000000000000000000000000000000000010000000000110000000000000000000
0000000000000000000000000000000000000000000000000000000000000000000000000000000000000000000000000011000000000000000000000
0000000000000000000000001000000000000000000000000000000000000000000000000000000000000010000000001000000000000000000000000
0000000000000000000000000000000000000000000000000001000000000100000000010000000000000000000000010000000000000000000000000
0000000000000000000000000000000000000000000000000000000000000000000000000000000000000000000001100000000000000000000000000
0000000000000000000000000000000000000000000000000000000000000000000000000000000010000000000010000000000000000000000000000
0000000000000000000000000000000000000000000000000000000000000001000000000010000000001000000100000000000000000000000000000
0000000000000000000000000000000000000000000000000000000000000000000000000000010000000000100000000000000000000000000000000
0000000000000000000000000000000000000000000001000000000000000000000000000000000000000001000000000000000000000000000000000
0000000000000000000000000000000000000000000000000000000000000010000000000100000100000100000000000000000000000000000000000
0000000000000000000000000000000000000000000000000000000000000000010000000000000000010000000000000000000000000000000000000
0000000000000000000000000000000000000000000000000000000000000000100000001001000000100000000000000000000000000000000000000
0000000000000000000000000000000000000000000000000000100000101000000001000000000001000000000000000000000000000000000000000
0000000000000000000000000000000000000000000000000000000010000000000100000000001000000000000000000000000000000000000000000
0000000100000000000000000000000000000000000000001000000000010000000000100000000000000000000000000000000000000000000000000
0000000000000000000000000000000000000000000000000000000001000000000010000000000000000000000000000000000000000000000000000
0000000000000000000000000000000000000000000000000000000100000000001000000000000000000000000000000000000000000000000000000
0000000000000000000000000000000000000000000010000000001000000000000000000000000000000000000000000000000000000000000000000
0000000000000000000000000000000000000000101000000010000000000000000000000000000000000000000000000000000000000000000000000
0000000010000000000100000000010000000001000000000100000000000000000000000000000000000000000000000000000000000000000000000
0000010000000000000000000010000000001000000000010000000000000000000000000000000000000000000000000000000000000000000000000
0000000000000010000000000000000000010000000000100000000000000000000000000000000000000000000000000000000000000000000000000
0000000000000000000000000000000000100000000100000000000000000000000000000000000000000000000000000000000000000000000000000
0000000000000000001000000000100000000010000000000000000000000000000000000000000000000000000000000000000000000000000000000
0000001000000000100000000000000000000100000000000000000000000000000000000000000000000000000000000000000000000000000000000
0000000000000000000000000000000011000000000000000000000000000000000000000000000000000000000000000000000000000000000000000
0001000000000100000000000000000100000000000000000000000000000000000000000000000000000000000000000000000000000000000000000
0000000000000000000000010000001000000000000000000000000000000000000000000000000000000000000000000000000000000000000000000
0000000000000000010000000001000000000000000000000000000000000000000000000000000000000000000000000000000000000000000000000
0000000000000000000001100000000000000000000000000000000000000000000000000000000000000000000000000000000000000000000000000
0000000000001000000010000000000000000000000000000000000000000000000000000000000000000000000000000000000000000000000000000
0000000000110000000000000000000000000000000000000000000000000000000000000000000000000000000000000000000000000000000000000
1000000001000000000000000000000000000000000000000000000000000000000000000000000000000000000000000000000000000000000000000
0110000000000000000000000000000000000000000000000000000000000000000000000000000000000000000000000000000000000000000000000
