0000000000000000000000000000000000000000000000000000000000000000000000000000000000000000000000000000000000000000000000011
0000000000000000000000000000000000000000000000000000000000000000000000000000000000000000000000000000000000000001000000100
0000000000000000000000000000000000000000000000000000000000000000000000000000000000000000000000000000100000100000000011000
0000000000000000000000000000000000000000000000000000000000000000000000000000000000000000000000000000000000010000011100000
0000000010000000000010000000000000000000000000000000000000000000000000000000000000000000000000000000000000000000100000000
0000000000000000000000000000000000000000000000000000000000000000000000000000000000000000000000000000000000000110000000000
0000000000000000000000000000000000000000000000000000000000000000000000000000000000000000000000000001000000001000000000000
0000000000000000000000000001000000000000000000000010000000000000000000000000000000000000000000000000000011000000000000000
0000000000000000000000000100000000000000000000000100000000000000000000000000000000000000000000000000000100000000000000000
0000000000000000100000000000000000000000000000000000000000000000000000000000000000000000000000000000011000000000000000000
0000000000000000000000000000000000000000000000000000000000000000000000000000000000000000100000000010000000000000000000000
0000000000000000000000000000000000000000000000000000000000000000000000000000000000000011000000011100000000000000000000000
0000000000000000000000000000000000010000000000000000001000000000010000000000000000000000000000100000000000000000000000000
0000000000000000000000000000000000000000000000000000000000000000000000000000000000001100000001000000000000000000000000000
0000000000000000000000000000000000000000000000000000000000000000000000110000000000000000000110000000000000000000000000000
0000000000000000000000000000000000000000100000000000000000000000000000000000000100000000001000000000000000000000000000000
0000100000000000000000000000000000000000000000000000000000000001000100000000000000010000010000000000000000000000000000000
0000000000000000000000000000000000000000000000000000000000000000000010000000001000100000000000000000000000000000000000000
0000001100000010000000000000000000000000000000000000000000000000000000000000000011000000000000000000000000000000000000000
0000000000000000000000000000000000000000000000000000000000000000000000000000110000000000000000000000000000000000000000000
0000000000000000000000000000000000000000000001000000000000000000000000000001000000000000000000000000000000000000000000000
0000000000000000000000000000000000000000000000000000000000000000000000001110000000000000000000000000000000000000000000000
0000000000000000000000000000000000000000010000000000000000000000000001000000000000000000000000000000000000000000000000000
0000000000000000000000000000000000000000000000000000000000100000001000000000000000000000000000000000000000000000000000000
0000000000000000000000000000000000000000000000000000010000000000100000000000000000000000000000000000000000000000000000000
0000010000000000000000000000000000000000000000000000100000000010000000000000000000000000000000000000000000000000000000000
0000000000000000000000000000001000000000000000000001000000001100000000000000000000000000000000000000000000000000000000000
0000000000000001000000000000110000000000000000000000000000010000000000000000000000000000000000000000000000000000000000000
0000000000000000000000000000000000000000000000000000000011000000000000000000000000000000000000000000000000000000000000000
0000000000000000000000000000000000000000000000001000000100000000000000000000000000000000000000000000000000000000000000000
0000000000000000000000000000000000000000000000110000000000000000000000000000000000000000000000000000000000000000000000000
0000000000000000000000000000000000000000000110000000000000000000000000000000000000000000000000000000000000000000000000000
0000000000000000000000000000000000100000001000000000000000000000000000000000000000000000000000000000000000000000000000000
0000000000000000000000000000000000001111000000000000000000000000000000000000000000000000000000000000000000000000000000000
0000000000000000000000000000000011000000000000000000000000000000000000000000000000000000000000000000000000000000000000000
0000000000000000000000001000000100000000000000000000000000000000000000000000000000000000000000000000000000000000000000000
0000000000000000011100000010000000000000000000000000000000000000000000000000000000000000000000000000000000000000000000000
0000000000000000000000110000000000000000000000000000000000000000000000000000000000000000000000000000000000000000000000000
0000000000000100000001000000000000000000000000000000000000000000000000000000000000000000000000000000000000000000000000000
0000000000011000000000000000000000000000000000000000000000000000000000000000000000000000000000000000000000000000000000000
0000000001100000000000000000000000000000000000000000000000000000000000000000000000000000000000000000000000000000000000000
0011000000000000000000000000000000000000000000000000000000000000000000000000000000000000000000000000000000000000000000000
1100000000000000000000000000000000000000000000000000000000000000000000000000000000000000000000000000000000000000000000000
