0000000000000000000000000000000000000000000000000000000000000000000000000000000000000000000110000000000000000000111110000
0000000000000000000000000000000000000000000000000000000000000000000000000000000000000000000000000001000000000001000000000
0000000000000010000000000000000000000000000000000000000000000000000000000001000000000010000000000100000000010000000001000
0000000000000000000000000000000000000000000000000000011000000000010000000000000000000000000000000000000000000000000000000
0000000000000000000000000001111110000000000000000000000000000000000000000000000000000000000000000000000000000000000000000
0000000000000100000000010000000000100000000001000000000000000000000000000000000000000000000000000000000000000000000000000
0011100000000000000000000000000000000000000000000000000000000000000000000000000000000000000000000000000000000000000000000
0000000000000000000000000000000000000000000000000000000000011110000001111000000000000000000000000000000000000000000000000
0000000000000000000000000000000000000000000000000000000000000000000000000000000000000000000000000010000000001100000000110
0000000000000000000000000000000000000000000000000000000000000000000000000100000000111000000001110000000001000000000000000
0000000000000000000000000000000000000000000000000000000000000000000000000000000000000000000000000000111110000000000000000
0000000000000000000000001000000000010000000000111000000001100000000000000000000000000000000000000000000000000000000000000
0000000000000000000000000110000000001100000000000000000000000000000000000010000000000100000000001000000000100000000000000
0100000000000000000000000000000000000000000000000000000000000000000000000000000000000000000000000000000000000010000000000
0000000000000000000000000000000000000000000000000000000000000000000000000000010000000000000000000000000000000000000000000
0000000000000000000000000000000001000000000000000000000000000000000000000000000000000000000000000000000000000000000000001
0000000000000000000000000000000000000011111100000000000000000000000000000000000000000000000000000000000000000000000000000
0000000000000000000000000000000000000000000000000000000000000000000000000000001111000000011000000000000000000000000000000
0000000000000000000000000000000000000000000010000000000010000000000110000000000000000000000000000000000000000000000000000
0000000000000000000000000000000000000000000000000000000100000000000000000000000000000000000000000000000000000000000000000
0000000000000001111111000000000000000000000000000000000000000000000000000000000000000000000000000000000000000000000000000
0000000000001000000000000000000000000000000000000000000000000000100000000000100000000001000000000000000000000000000000000
0000000000000000000000000000000000000000000000000000000000000000000000000000000000000000100000000000000000000000000000000
0000000000110000000000000000000000000000000000000000000000000000001000000000000000000000000000000000000000000000000000000
0000000000000000000000000000000000000000000000000111100000000001000000000000000000000000000000000000000000000000000000000
0000011111000000000000000000000000000000000000000000000000000000000000000000000000000000000000000000000000000000000000000
1000000000000000000000100000000000000000000000000000000000000000000000000000000000000000000000000000000000000000000000000
