0100000000000000000000000000000000000000000000000000000000000000001000000000000000000000000000000000000000000000000000000
0000000000000000000000000000000000000000000000000000000000000000000000000010000000000100000000001000000000110000000011000
0000000110000000000000000000000000000000000000000000000000000000000000000000000000000000000000000000000000000000000000010
0000000000001000000000000000000000000000000000000000000000000000000000000000010000000000000000000000000000000000000000000
0000000000100000000000000000000000000000000000000000000010000000000100000000000000000000000000000000000000000000000000000
0000111000000000000000000000000000000000000000000000000000000000000000000000000000000000000000000000000000000000000000000
0000000000000000000000000000000000000000000000000000000000000000000011000000001100000000010000000000000000000000000000000
0000000001000000000000000000000000000000000010000000000000000000000000000000000000000000000000000000000000000000000000000
0000000000000000000001000000000000000000000000000000000000000000000000000000000000000000000000000000100000000001000000000
0000000000000000000000000000000000000000100000000110000000011000000000000000000000000000000000000000000000000000000000000
0000000000000000000000000000000000000000000000000000001000000000110000000000100000000000000000000000000000000000000000000
0000000000000000000000100000000001000000000000000000000000000000000000000000000000000000000000000000000000000000000000000
0000000000000000000000000000011000000001010000000001000000000100000000000000000000000000000000000000000000000000000000000
0000000000000010000000001000000000110000000001100000000001000000000000000000000000000000000000000000000000000000000000000
0000000000000000000000000000000000000000000000000000000000000000000000111000000011000000000110000000000000000000000000000
0000000000000000000000000000000110000000001100000000110000000011000000000000000000000000000000000000000000000000000000000
1001000000000000000000000000000000000000000000000000000000000000000000000000000000000000000000000000000000000000000000000
0000000000000100000000010000000000000000000000000000000000000000000000000000000000000000000000000000000000000000000000100
0000000000000000000000000000000000000000000000000000000000000000000000000000000000000000001000000000011100000000111100000
0000000000000001111110000100000000000000000000000000000000000000000000000000000000000000000000000000000000000000000000000
0000000000010000000000000000000000000000000000000000000000000000000000000000000000000000000000000000000000000010000000000
0000000000000000000000000011100000001110000000011000000000100000000000000000000000000000000000000000000000000000000000000
0000000000000000000000000000000000000000000000000000000000000000000000000001000000000011000000000100000000001000000000000
0000000000000000000000000000000000000000000000000000000000000000000000000000000000000000000000000010000000000100000000001
0000000000000000000000000000000000000000000000000000000100000000000000000000000000000000000000000001000000000000000000000
0000000000000000000000000000000000000000000000000000000000000000000000000100000000111000000001110000000011000000000000000
0010000000000000000000000000000000000000000000000000000000000000000000000000000000000000100000000000000000000000000000000
