0000000000000000000000000000000000000000000000000000000000000000000000000011000000000100000000001000000000010000000000100
1000000000000000000000000000000000000000000000000000000000000000000000000000000000000000100000000000100000000000000000000
0000000000000000000000000000000000000000000000000000000000000000000000000000000000010000000000100000000001000000000010000
0000010010000000000000000000000000000000000000000000000000000000000000000000000000000000000000000000000000000000000000000
0000000000000000000000010000000000100000000001000000000010100000000000000000000000000000000000000000000000000000000000000
0110000000001000000000000000000000000000000000000000000000000000000000000000000000000000000000000000000000000000000000000
0001000001000000000000000000000000000000000000000000000000000000000000000000000000000000001000000000000000000000000000000
0000000000000000000000000000000000000000000000000000000000000000000000000000100000000000000000000000000000000000000000000
0000000000000000000000000000000000000000000000000000000000000010000000000100000000001000000000010000000000100000000001000
0000000000000000000000000000000000000000000000000000000000000000000000000000000000000001000000000010000000000100000000000
0000000000000000000000000000000000000000000000000000000000000000000000000000000000000010000000000100000000001000000000010
0000000000000001100000000011000000000010000000000100000000000000000000000000000000000000000000000000000000000000000000000
0000000000000000000000100000000001000000000010000000000000000000000000000000000000000000000000000000000000000000000000000
0000000000000000000000000000000000000000000000000000001000000001110000000000000000000000000000000000000000000000000000000
0000000000000000000000000000000000000000000000000000000000000000000000000000000000000000000000000001000000000010000000000
0000000000100000000000000000000000000000000000000000000000000000000000000000010000000000000000000000000000000000000000000
0000000000000000000000000000000000000000000000000000000000000000000111111000000000000000000000000000000000000000000000000
0000000000000000000000001000000000011100000000111000000001000000000000000000000000000000000000000000000000000000000000000
0000000000000110000000000100000000000000000000000000000000000000000000000000000000000000000000000000000000000000000000000
0000100000000000000000000000000000000000000000000000000000000000000000000000000000000000000000000000000000000001000000000
0000001100000000000000000000000000000000000000000000000000000000000000000000000000000000000000000000000000000000000000000
0000000000000000000011000000000110000000001100000000010000000000000000000000000000000000000000000000000000000000000000000
0000000000000000000000000000000000000000000000000000000000000000000000000000000000100000000011000000000110000000001100000
0000000000000000000000000000000000000000000000000000000000000000000000000000000000000000000100000000011000000000110000000
0000000000000000000000000000000000000000000000000000000000000000000000000000001111000000010000000000000000000000000000000
0000000000010000000000000000000000000000000000000000000000000000000000000000000000000000000000000000000000000000000000001
0000000000000000000000000000000000000000000000000000000100000000001000000000000000000000000000000000000000000000000000000
0000000000000000001100000000011000000000110000000001100000000000000000000000000000000000000000000000000000000000000000000
0000000000000000010000000000100000000001000000000010000000011100000000000000000000000000000000000000000000000000000000000
