0000000000000000000000000000000000000000000000000000000000000000000000000000000000000001000000000100000000010000001111000
0000000000001000000000010000000000000000000010000000000000000000000000000000000000000000000000000000000000000000000000000
0000000000000000000000000000000000000000000000000000000000000000000000000000000000000000000000000000000000000010000000001
0000000011100000000001000000000000000000000000000000000000000000000000000000000000000000000000000000000000000000000000000
0000000000000000000000000000000000000000000000000000000000000000000000000000000000000000000000000001000000000101000000000
0000000000000000000000000000000000000000000000000000000000000000000000000000000000000000100100000000110000000000110000000
0001000000000000000000000000000000000000000000000000000000000000000000000000000000000000000000000010000000001000000000100
0000000000000000000000000000000000000000000000000000000100000000001000000000010000000000000000000000000000000000000000000
0000000000000000000000000000000000000000000000000000000000000000000000000100000000011010000011101000000000100000000000000
0100000000010000000000000000000000000000000000000000000000000000000000000000000000000000000000000000000000000000000000000
0000000000000000000000000000000000000000000001000000000010100000000101000000001010000000010000000000000000000000000000000
0000000000000000000110000000001100000000001000000000010000000000100000000001000000000000000000000000000000000000000000000
0000100000000110000000001000000000100000000000000000000000000000000000000000000000000000000000000000000000000000000000000
1000000000000000000000000000000000000000000000000000000000000000000000000000000000000000000000000000000000000000000000010
0000000000000000000000000001100000000111000000001100000000010000000000000000000000000000000000000000000000000000000000000
0000000000000000000000000000000000000000000000000010000000001100000000010000000000000000000000000000000000000000000000000
0000011000000000000000000000000010000000000000000000000000000000000000000000000000000000000000000000000000000000000000000
0000000100000000011000000000010000000000100000000001000000000010000000000000000000000000000000000000000000000000000000000
0010000000000000000000100000000000000000000000000000000000000000000000000000000000000000000000000000000000000000000000000
0000000000000001100000000110000000011000000000110000000001000000000000000000000000000000000000000000000000000000000000000
0000000000000000000000000000000000000000000000000000000000000000000000000000000000000100000000010000001111000000000000000
0000000000000000000000000000000000000000000000000000000000000000000010101000000101100000001000000000000000000000000000000
0000000000000000000000000000000000000000010100000000101000000001010000000010100000000000000000000000000000000000000000000
0000000000000000000000000000000001000000000000000000000000000000000000000000000000000000000000000000000000000000000000000
