0000000000000000000000000000000000000000000000000000000000000000000000000000000000000000000000000000000000000000000000011
0000000000000000000000000000000000000000000000000000000000000000000000000000000000000000000000000000000000000001100000100
0000000000000000000000000000000000000000000000000000000000000000000000000000000000000001000000000100000000011000000001000
0000000000000000000000000000000000000000000000000000000000000000000000000000000000000100000000010000000001000000001110000
0000000000000000000000000000000000000000000000000000000000000000000000000000000000000000000000000000011110000000010000000
0000000000000000000000000000000000000000000000000000000000000000000000000000000000000000000000000000000000000110000000000
0000000000000000000000000000000000000000000000000000100000000001000000000010000000001000000000001000000000100000000000000
0000000000000000000100000000000100000000000000000000000000000000000000000000000000000000100000000000100000000000000000000
0000000000000000000000000000000000000000000000000000000000000000000000010000000000000000000000000001000000000000000000000
0000000000000000000000000000000000000000000000000000000000000000000000000000000000000000000000000010000000000000000000000
0000000000000000000000000000000000000000000000000000000000000000000000000100000000010000000011100000000000000000000000000
0000000000000000000000000000000000000000000000000000000000000000000000000000000011100000000100000000000000000000000000000
0000000100000000000000000000000000000000000000000000000000000000000000000000000100000000001000000000000000000000000000000
0000000000000000000000000000000000000000000000000000000010000000000100000000001000000000010000000000000000000000000000000
0000000000000000000000000000000000000000000000000000000000000000010000000000100000000010000000000000000000000000000000000
0000000000000000000000000000000000000000000000000000000000000000001000000000010000000000000000000000000000000000000000000
0000000000000000000000000000001000000000001000000000010000000000100000000001000000000000000000000000000000000000000000000
0000001000000000000000000000000000000000000000000001000000000010000000001000000000000000000000000000000000000000000000000
0000000000000000000000000000000000000000000000000000000100000000000000100000000000000000000000000000000000000000000000000
0000000000000000000000000000000000000110000000011000000000100000000001000000000000000000000000000000000000000000000000000
0000000000000000000000000000000000000000000000000000000001001000000010000000000000000000000000000000000000000000000000000
0000000000000000000000000000000000000000000010000000000000000100000000000000000000000000000000000000000000000000000000000
0000000000000000000000000000000000000001100000000110000000010000000000000000000000000000000000000000000000000000000000000
0000000000000000000000000000000010000000000100000000001000000000000000000000000000000000000000000000000000000000000000000
0000000000000000000000000011000000001000000000100000000000000000000000000000000000000000000000000000000000000000000000000
0000000000000010000000001000000000000000000001000000000000000000000000000000000000000000000000000000000000000000000000000
0000000010000000000010000000000000000000010000000000000000000000000000000000000000000000000000000000000000000000000000000
0000000000000001000000000100110000010000000000000000000000000000000000000000000000000000000000000000000000000000000000000
0000000000000100000000010000000000100000000000000000000000000000000000000000000000000000000000000000000000000000000000000
0000000000000000000000100000000001000000000000000000000000000000000000000000000000000000000000000000000000000000000000000
0000000000001000000001000000000000000000000000000000000000000000000000000000000000000000000000000000000000000000000000000
0000000000000000111000000000000000000000000000000000000000000000000000000000000000000000000000000000000000000000000000000
0000000000110000000000000000000000000000000000000000000000000000000000000000000000000000000000000000000000000000000000000
1000000001000000000000000000000000000000000000000000000000000000000000000000000000000000000000000000000000000000000000000
0001110000000000000000000000000000000000000000000000000000000000000000000000000000000000000000000000000000000000000000000
0110000000000000000000000000000000000000000000000000000000000000000000000000000000000000000000000000000000000000000000000
