0000000000000000000000000000000000000000000000000000000010100000000101000000001010000000000000000000000000000000000000000
0000000000000000000000000000000000000000000000000000000000000000000000000000000000000000000110000000011100000000000000000
0000000000000000000000100000000000000000000000000000000000000000000000000000000000000000000000000000000000000000000000100
0000000000000000000000000000000000000000000000000000000000000000100000000011000000001110000000011000000000000000000000000
0000000000000000000000000000000000000000000000000000000000000000000000000000000000000000010000000000100000000000000000000
0000000000000000000001000000001100000000000000000000000000000000000000000000000000000000000000000000000000000000001000000
0000000000000000000000000000000000000000000000000000000000001100000000111100000001110000000000000000000000000000000000000
0000000000000000000000000000000010000000000000000000000000000000000000000000000000000000000000000010000000000000100000000
0100000000000000000000000000000000000000000000000000000000000000000000000000000000000000000000000000000000000100000000000
0000000000010000000000000000000000000000000000000000000000000000000000000000000000000000000000000000000000000000010000000
0000000000000000000000000000000000000000000000000000000000000000000000000000010000000000000000000000000000000000000000010
0000000000001000000000010000000000100000000001000000000000000000000000000000000000000000000000000000000000000000000000000
0000000000000000000000000000000000000000000000000011110000000011000000000000000000000000000000000000000000000000000000000
0000000000000000010000000001100000000110000000001100000000010000000000000000000000000000000000000000000000000000000000000
0000111000000001100000000010000000001000000000010000000000000000000000000000000000000000000000000000000000000000000000000
0000000000100000000010000000000000000000000000000000000000000000000000000000000000000000000000000000000000000000000000000
0000000000000000000000000000000000000000000000000000000000000000000000000000000000000000000000000000000000001000000000000
0000000000000000000000000000000000000000000000000000000000000000001000000000000000000000000000000000000000000010000000000
0011000000000110000000001000000000010000000000000000000000000000000000000000000000000000000000000000000000000000000000000
0000000000000000000000000000000000000000000000000000000000000000000000000000000000000000000000000001000000000001000000000
0000000000000000000000000000000000000000000000000000000000000000000000000000000000000000000001100000000011110000000000000
0000000000000000000000000000000000000000000000000000000000000000000000000000000000000000000000000000000000000000000111000
0000000111000000001100000000010000000001000000000000000000000000000000000000000000000000000000000000000000000000000000000
0000000000000000000000000000000001000000000000000000000100000000000000000000000000000000000000000000000000000000000000000
0000000000000000000000000000000000000000111100000000000000000000000000000000000000000000000000000000000000000000000000000
0000000000000000000000000000000000000000000000000000001000000000010000000000100000000001000000000100000000000000000000000
0000000000000000000000000000000000000000000010000000000000000000000000000000000000000000100000000000000000000000000000000
0000000000000000000000000100000000000000000000100000000001000000000010000000000100000000001000000000000000000000000000000
1000000000000000000000000000000000000000000000000000000000000000000000000000000000000000000000000000000000000000000000001
