0000000000001000000000000000000000000000000000000000000000000000000000000000000000000000000000000000000000000100000000001
0000000000000000000000000000000000000000000000000000000000000000000000000000000000000000000000000000000000000000000001110
0000000000000000000000000000000000000000000000000000000000000000000000000000000000000000000000000000000000000000000110000
0000000000000000000000000000000000000000000001000000000000000000000000000000000000000000000000000000000000000000011000000
0000000010000000000010000000000000000000000000000000000000000000000000000000000000000000000000000000000000000000100000000
0000000000000000000000000000000000000000000000000000000000000000000000000000000000000000000000000000000000000001000000000
0000000000000000000000000000000000000000000000000000000000000000001000000000000000000000000000000000000000000010000000000
0000000000000000000000000000000000000000000000000000000000000000000000000000000000000000000000000000000000111000000000000
0000000000000000110000000000000000000000000000000000000000000000000000000000000000000000000000000000000111000000000000000
0000000000000000001100000000001000000000000000000000000000000000000000000000000000000000000000000000011000000000000000000
0000000100000000000000000000000000000000000000000000000000000000000000000000000000000000100000000000100000000000000000000
0000000000000000000000000000000000000000000100000000000000000000000000000000000000000000000000000001000000000000000000000
0000000000000000000000000000000000000000000000000000000000000000000000000000000000000000000000000110000000000000000000000
0000001000000000000000000000000000000000000000000000000000000000000000000000000000000000000000111000000000000000000000000
0000000000000000000000000000000000000000000000000000000000000000000000000000000000000000000011000000000000000000000000000
0000000000000000000000000000000000000000000000000000000000010000000000100000000010000000001100000000000000000000000000000
0000000000000000000000000000000000000000000000000000000000000000000011000000001100000000010000000000000000000000000000000
0000000000000000000000000000000000000000000000000000000000000000000000000010000000001111000000000000000000000000000000000
0000000000000000000000000000000000000000000000000000000000000001000000000100000000010000000000000000000000000000000000000
0000000000000000000000000001100000000000000000000000000000000000000000010000000001100000000000000000000000000000000000000
0000000000000000000000000000000100000000001000000000010000000000000000000000010000000000000000000000000000000000000000000
0010000000000000000000000000000000000000000000000000000000000000000000000001100000000000000000000000000000000000000000000
0000000000000000000000000000000000000000010000000010100000001010000000001000000000000000000000000000000000000000000000000
0000000000000000000000000000000000000000000000000000000001100000100100000000000000000000000000000000000000000000000000000
0000000000000000000000000000000000000000000000000000000100000000010000000000000000000000000000000000000000000000000000000
0000000000000000000000000000010000000011100000000001000000000100000000000000000000000000000000000000000000000000000000000
0000000000000000000000000000000000000000000000100000000010000000000000000000000000000000000000000000000000000000000000000
0001000000000000000000000000000000000000000000000000001000000000000000000000000000000000000000000000000000000000000000000
0000000000000000000000000000000000000000000000011100000000000000000000000000000000000000000000000000000000000000000000000
0000000000000000000000000000000001000000000010000000000000000000000000000000000000000000000000000000000000000000000000000
0000000000000000000000000000000000001100000000000000000000000000000000000000000000000000000000000000000000000000000000000
0000000000000000000000001110000000010000000000000000000000000000000000000000000000000000000000000000000000000000000000000
0000000000000000000000010000000000100000000000000000000000000000000000000000000000000000000000000000000000000000000000000
0000000000000000000000100000000010000000000000000000000000000000000000000000000000000000000000000000000000000000000000000
0000000000010000000001000000000000000000000000000000000000000000000000000000000000000000000000000000000000000000000000000
0000000000000111000000000000000000000000000000000000000000000000000000000000000000000000000000000000000000000000000000000
0000000001100000000000000000000000000000000000000000000000000000000000000000000000000000000000000000000000000000000000000
0000110000000000000000000000000000000000000000000000000000000000000000000000000000000000000000000000000000000000000000000
1100000000000000000000000000000000000000000000000000000000000000000000000000000000000000000000000000000000000000000000000
