0000000000000000000000100000000000000000000000000000000000000000000000000000000000000000000000001000000000010000000000100
0000010000000000000000000000000000000000000000000000000000000000000000000000000000000001000000000000000000000010000000000
0000000000000000000000000000000000000000000000000000000000000000001000000000000000000000000000000100000000001000000000010
0000000000000000001100000000000000000000000000000000000000000000000000000000001000000000000000000000000000000000000000000
0000000100000000000000000000000000000000000000000000000000000000000000000000000000000000000000000010000000000000000000000
0101000000000000000000000000000000000000000000000000000000000000000000000000000000000000100000000000000000000000000000000
0000000000000000000000000000000000000000000000000000000000000000000000000000000100000000011000000000100000000000000000000
0000100010000000000000000000000000000000000000000000000000000000000000000000000000000000000000000000000000000000000000000
0000000000000000000000000000000000000000000011000000000110000000000100000000000000000000000000000000000000000000000000000
0010001000000000000000000000000000000000000000000000000000000000000000000000010000000000000000000000000000000000000000000
1000000000000000000000000000000000000000000000000000000000000000000000000000000000000000000000000001000000000000000000000
0000000000000111110000000000000000000000000000000000000000000000000000000000000000000000000000000000000000000000000000000
0000000001000000000000000000000000000000000000000000000000000000000000000000000000000000000000000000000000000100000000000
0000000000000000000000000000000000000000000000000000000000000000000000000000000000011000000001110000000010100000000101000
0000000000000000000000000000000000000000000000000000001000000000010000000000000000000000000000000000000000000000000000001
0000000000000000000000000000001100000000011000000000110000000001000000000000000000000000000000000000000000000000000000000
0000000000000000000000000000000010000000000100000000000000000000000000000000000000000000000100000000010000000001000000000
0000000000001000000011000000000000000000000000000000000000000000000000000000000000000000000000000000000000000000000000000
0000000000000000000000000000000000000000000000111100000001100000000010000000000000000000000000000000000000000000000000000
0000000000000000000000011111110000000000000000000000000000000000000000000000000000000000000000000000000000000000000000000
0000000000000000000000000000000000000000100000000011000000000110000000001100000000100000000000000000000000000000000000000
0000000000000000000000000000000001111111000000000000000000000000000000000000000000000000000000000000000000000000000000000
0000000000000000000000000000000000000000000000000000000000000000100000000011100000000110000000000000000000000000000000000
0000000000110000000000000000000000000000000000000000000000000000000000000000000000000000000000000000000000000000000000000
0000000000000000000000000000000000000000000000000000000000000000000000000000000000000000000010000000001101000000111010000
0000000000000000000000000000000000000000000000000000000000011000000001110000000011000000000000000000000000000000000000000
