0000000000000000000000000000000000000000000000000000000100000000001000000000010000000000100000000001000000000000000000000
0000000001000000000000000000000010000000000000000000000000000000000000000000000000000000000000000000000000000000000000000
0000000000100000000000000000000000000000000100000000001000000000000000000000000000000000000000000000000000000000000000000
0000000000000000000000000000000000000000000000000000000000000000000111000000001100000000011000000000110000000000000000000
0000000000000000000000000000000000000000000000000000000000000000000000000000000000011111000000011110000000000000000000000
0000000000010000000001000000000000000000000000000000000000000000000000000000000000000000000000000000000000000000000000000
0000000000000000000000000000010000000001100000000011000000000110000000001100000000000000000000000000000000000000000000000
0000000000000000000000000000000000000000000000000100000011111000000000000000000000000000000000000000000000000000000000000
0000000000000000000000000000000000000000000000000000000000000000110000000011100000000000000000000000000000000000000000000
0000000000000000000000000000000000000000000000000000000000000000000000000000000000000000000000000000001111111100000000000
0000000000000000000000000000000000000000000000000000000000000000000000110000000011100000000111100000000000000000000000000
1000000000000000000000000000000000000000000000000000000000000000000000000000000000000000000000000000000000000010000000000
0000000000000000000000000000000000000000000000000000000000000000000000000000000000000000000000000000000000000001100000000
0000000000000000000100000000001100000000011000000000110000000001000000000000000000000000000000000000000000000000000000000
0000000000000000000000100000000001000000000000000000000000000000000000000000000000000000000000000000000000000000000000000
0000000000000000000000000000000000000000000000000000000000000000000000000000000000000000000000000000000000000000000000111
0000000000000000000000000000000000000000000000000000000000000000000000000000000000000000000000000000000000000000011111000
0000110000000011100000000111000000000000000000000000000000000000000000000000000000000000000000000000000000000000000000000
0111000000000000000000000000000000000000000000000000000000000000000000000000000000000000000000000000000000000000000000000
0000001110000000011010000000100000000000000000000000000000000000000000000000000000000000000000000000000000000000000000000
0000000000000000000000000000000000000000000011000000000000000000000000000000000000000000000000000000000000000000000000000
0000000000001100000000011000000000110000000000000000000000000000000000000000000000000000000000000000000000000000000000000
0000000000000000000000000000000000001110000000111000000000000000000000000000000000000000000000000000000000000000000000000
