0000000000001111100000000000000000000000000000000000000000000000000000000000000000000000000000000000000000000000000000000
0000000000000000000000000000000000000000000000000000000000000000000000000000000000000000000001100000000111100000000110000
0000000000000000000000000000000000000000000000000000000000000000000000000000000000000000000000000000000000000010000000000
0000000000100000000000000000000000000000000000000000000000000000010000000000000000000000000000000000000000000000000000000
0000000000000000011100000011110000000000000000000000000000000000000000000000000000000000000000000000000000000000000000000
0000000000000000000000000000000000000000000000000000000000000001000000000110000000011100000000011000000000000000000000000
0000000000000000000000011100000001110000000000000000000000000000000000000000000000000000000000000000000000000000000000000
0000000000000000000000000000000000001111000000011100000000000000000000000000000000000000000000000000000000000000000000000
0000011110000000000000000000000000000000000000000000000000000000000000000000000000000000000000000000000000000000000000000
0000000000000000000000000000000000000000000000000000000001111100000000000000000000000000000000000000000000000000000000000
0000000000000000000000000000000000000000000000000000000010000000001100000000000000000000000000000000000000000000000000000
0000000000010000000000000000000000000000000000000000000000000000000000000000000000000000000000000000000000000100000000000
0000000000000000000000000000001000000000110000000011100000000000000000000000000000000000000000000000000000000000000000000
0000000000000000000000000000000000000000000000000000000000000000000000000000011000000000011000000000111000000000000000000
0000000000000000000000000000000000000000000000000000000000000000100000000001000000000010000000000100000000010000000001000
0000000000000000000000100000000000000000000000000000000000000000000000000000000000000000000000000000000000001000000000100
0100000000000000000000000000000000000000000100000000000000000000000000000000000000000000000000000000000000000000000000000
0000000000000000000000000000000000000000000011000000000000000000000000000000000000000000000000000000000000000000000000000
0000000000000000000000000000000000000000000000000000000000000000000000000000000111100000000000000000000000000000000000000
0000000000000000000000000000000000000000000000100000010000000000000000000000100000000000000000000000000000000000000000000
0011100000000000000000000000000000000000000000000000000000000000000000000000000000000000000000000000000000000000000000000
1000000000000000000000000000000000000000000000000000000000000000000000000000000000000000000000000000000000000000000000001
0000000000000000000000000000000000000000000000000000000000000000000000000000000000000001000000000010000000000000000000000
0000000000000000000001000000000000000000000000000000000000000000000000000000000000000000000000000000000000000000000000010
0000000000000000000000000000000000000000000000000000000000000010000011111000000000000000000000000000000000000000000000000
0000000001000000000000000000000000000000000000000000001000000000000000000000000000000000000000000000000000000000000000000
0000000000000000000000000000000010000000000000000000000100000000000000000000000000000000000000000000000000000000000000000
0000000000000000000010000000000100000000001000000000000000000000000000000000000000000000100000000001000000000000000000000
0000000000000000000000000000000000000000000000000000000000000000000000000000000000000000000110000000000000000001111000000
