0000000000000000000000000000000000000000000000000000000000000000000000000000000000000000000000000000000000000000000000011
0000000000000000000000000000000000000000000000000000000000000000000000000000000000000000000000000010000000001000000000100
0000000000000000000000000000000000000000000000000000000000000000000000000000000000000000000000000000000000000000001111000
0000000000000000000000000000000000000000000000000000000000000000000000000000000000000000000000000000000000000001110000000
0000000000000000000000000000000000000000000000000000000000000000000000000000000000000000000000000000000000000110000000000
0000000000000000000000000100000000010000000001000000000000000000000000000000000000000000000000000100000000010000000000000
0000000000000000000000000000000000000000000000100000000000000000000000000001000000000110000000001000000000100000000000000
0000000000000000000000000000000000000000000000000000000000000000000000000000000000000000000000010000001111000000000000000
0000000000000000000000000000000000000000000000000000000010000000000100000000001000000000010000000000110000000000000000000
0000000000000000000000000000000000000000000000000000000000000000000000000000000000000000100000000001000000000000000000000
0000000000000000000000000000000000000000010000000000100000000001000000000010000000001000000000100000000000000000000000000
0000000000000000000000000000000000000000000000000000000000000010000000000100000000010000000111000000000000000000000000000
0000000000000000000000000000000000000000000000000000000001000000000010000000000100000000001000000000000000000000000000000
0000000000000000000000000000000000000000000100000000001000000000010000000000100000000001000000000000000000000000000000000
0000000000000000000000000000000000000000000000000000000000000000000000001000000001100000000000000000000000000000000000000
0000000000000000000000000000000000000000000000001000000000110000000001100000000010000000000000000000000000000000000000000
0000000000000000000000000000000000000000000000000000000000000000001000000000010000000000000000000000000000000000000000000
0000000000000000000000000000000000000000000000000000000000001100000000010000000000000000000000000000000000000000000000000
0000000000000000000100000000001100000000001000000000010000000000100000000000000000000000000000000000000000000000000000000
0000110000000000000000000000000000000000000010000000000100000000000000000000000000000000000000000000000000000000000000000
0000000000000000000000000000000000000011100000000111000000000000000000000000000000000000000000000000000000000000000000000
0000001000000000000000000001100000000100000000010000000000000000000000000000000000000000000000000000000000000000000000000
0000000000000001111000000010000000001000000000000000000000000000000000000000000000000000000000000000000000000000000000000
0000000000000110000000001000000000100000000000000000000000000000000000000000000000000000000000000000000000000000000000000
0000000000000000000000100000000001000000000000000000000000000000000000000000000000000000000000000000000000000000000000000
0000000110000000000010000000000010000000000000000000000000000000000000000000000000000000000000000000000000000000000000000
0000000000000000000000000000010000000000000000000000000000000000000000000000000000000000000000000000000000000000000000000
0000000000001000000000010000000000000000000000000000000000000000000000000000000000000000000000000000000000000000000000000
0000000000010000000001000000000000000000000000000000000000000000000000000000000000000000000000000000000000000000000000000
0010000000100000000000000000000000000000000000000000000000000000000000000000000000000000000000000000000000000000000000000
0000000001000000000000000000000000000000000000000000000000000000000000000000000000000000000000000000000000000000000000000
0001000000000000000000000000000000000000000000000000000000000000000000000000000000000000000000000000000000000000000000000
1100000000000000000000000000000000000000000000000000000000000000000000000000000000000000000000000000000000000000000000000
