0000000000000000000000000000000000000000000000000000000000000000000000000100000000011000000000110000000001100000000011000
0000000000000000000000000000000000000000000000000000000000000000000000000000000000000000000011000000001110000000111100000
1000000000000000000000000000000000000000000000000000000000000000000000000000000000000000000000000000000000000100000000001
0000000000000000000000000000000000000000000000000000000000000000000000000000000000000110000000001000000000010000000000100
0000000000000000000000000000000000000000000000000000000011110000000111100000000000000000000000000000000000000000000000000
0000000000000000000000000000000010000000000100000000001000000000000000000000000000000000000000000000000000000000000000000
0000000000000000000000000000000000000000000000000000000000000000000000000001101110000000000000000000000000000000000000000
0000000000001000000000000000000000000000000000000000000000000000010000000000000000000000000000000000000000000000000000000
0000101000000000000000000000000000000000000000000000000000000000000000000000000000000000100000000000000000000000000000000
0001000000010000000000000000000000000000000000000000000000000000000000000000000000000000000000000000000000000000000000000
0000000000000000000000100000000001000000000010000000000100000000000000000000000000000000000000000000000000000000000000000
0000000000000000000000000000000000000000000000000011000000001110000000011000000001100000000000000000000000000000000000000
0000000000000000000000000000000000000000000000000000000000000000000000000000000000000000001100000000110000000001000000000
0010000010000000000000000000000000000000000000000000000000000000000000000000000000000000000000000001000000000000000000000
0000000000000111111000000000000000000000000000000000000000000000000000000000000000000000000000000000000000000000000000000
0000000000000000000100000000000000000000000000000000000000000000000000000000000000000000000000000000000000000010000000000
0000000000000000000000000000001100000000011000000000110000000001100000000010000000000000000000000000000000000000000000000
0000000000000000000000000000000000111110000001111100000000000000000000000000000000000000000000000000000000000000000000000
0000010000100000000000000000000000000000000000000000000000000000000000000000000000000000000000000000000000000000000000000
0000000000000000000001000000000000000000000000000000000000000000000000000000000000000000000000000010000000000000000000000
0000000000000000000000011111110000000001100000000000000000000000000000000000000000000000000000000000000000000000000000000
0000000000000000000000000000000000000000000000000000000000000000000000000000000000000000000000000100000000001000000000010
0100000100000000000000000000000000000000000000000000000000000000000000000000000000000000000000000000000000000000000000000
0000000001000000000010000000000000000000000000000000000000000000000000000000000000000001000000000000000000000000000000000
0000000000000000000000000000000000000000000000000000000000000000001000000000010000000000010000000000000000000000000000000
