0000001000000000000000000000000000000000000000000000000000000000000000000100000000001100000000001000000000000000000000000
0000000000000000100000000001000000000010000000000100000000000000000000001000000000010000000000100000000001000000000010000
0000000000000000001000000000010000000000000000000000000000000000000000100000000001000000000110000000001100000000011000000
0000000000000000000000000000000000000000000000000000000000000000000011000000000100000000010000000000000000000000000000000
0000000000000001000000000010000000000100000000001000000000010000000000000000000000000000000000010000000000100000000000000
0000000000000000000000000000000000000000000000000000000000000000000100000010000000000000000000000000000000000000000000000
0000000000000000010000000000100000000001000000000010000000000100000000000000000000100000000001000000000010000000000100000
1000000000000000000000000000000000000000000000000000000000000000001000000000000000000000000000000000000000000000000000000
0000000000010000000000000000000000100000000000000000000000000000000000000000000000000000000000000000000000000000000000000
0000000000000000000000000000000000000000000000000000000100000000000000000000010000000010000000000000000000000000000000000
0000100000100000000001000000000010000000000000000000000000000000000000000000000000000000000000000000000000000000000000000
0000000000000000000000000100000000011000000000000000000000000000000000000000000000000000000000000000000000010000000000100
0010000000000000000000000000000000000000000000100000000000000000000000000000000000000000000000000000000000001100000000000
0000000001000000000010000000000100000000010000000000000000000000000000000000000000000000001000000000100000000001000000000
0000000000000000000000000000000000000000000000010000000001101000000000010000000000000000000000000000000000000000000000000
0001000000000010000000000000000000000000000000000000000000000000000000000000000000000000000000000000000000000000000001000
0000000000000000000000000000000000000000000000000000000000000000000000000000100000000000100000000000000000000000000000000
0000000000000000000000000000000000000000000000000000000000000000000000000000000000000000000000000000000000000010000000001
0000000000000000000000000000000000000000001000000000100000000011000000000000000000000000000000000000000000000000000000000
0000000000000000000000000000000000000000000000000000010000000000100000000001000000000000000000000000000000000000000000000
0000000100000000000000000000000000000000000000000000000000000000000000000000000000000000000000000000000000000000000000000
0000000000000000000000000000000000000000000100000000000000000000000000000000000000000000000000000001000000000000000000000
0000000000000100000000100000000000000000000000000000000000000000000000000000000000000000000000000000000000000000000000000
0000000000000000000000000000000000000000000001000000000000000000000000000000001000000000000000000000000000000000000000000
0000000000001000000000010000000000000000000000000000000000000000000000000000000000000000000000000000000000000000000000000
0000000000000000000000000000000001000000000010000000000010000000000000000000000000000000000000000000000000000000000000000
0000000000000000000000000000000000000000000000000000001000000000010000000000000000000000000000000000000000000000000000000
0000000010000000000100000000001000000000100000000001000000000000000000000000000010000000000000000000010000000000100000000
0000010000000000000000001000000000000000000000000000000000000000000000000000000000000001000000000110000000000000000000000
0100000000000000000000000000000000000000000000000000000000000000000000000000000000000000000000000000000000000000000000010
