0000000000000000000000000000000000000000000001000000000011000000000000000001000000000010000000000100000000001000000000000
0000000000000000000000000000000000000000000000000000000000000000000000000110000000001100000000011000000000110000000001000
0000000000000000000000000000000000000000000000000000000000000000000000001000000000110000000001100000000011000000000110000
0000000000000000000000000000000000000000000000000000000000000000000000000000000010000000001110000000011100000000111000000
0011000000000000000000000000000000000000000000000000000000000000000000000000000000000000000000000000000000000000000000000
0000000001100000000000000000000000000000000000000000000000000000000000000000000000000000000000000000000000000000000000000
0000000000010000000000000000000000000000000000000000000000000000000000000000000000000000000000000000000000000010000000000
0000000000000000000000000000000000000000000000000000000000000000000000000000000000000000100000000001000000000000000000001
0000000000000000000000000000000000000000000000000000000000000000001000000000010000000000000000000000000000000000000000000
0100000000001000000000000000000000000000000000000000000000000000000000000000000000000000000000000000000000000000000000000
0000000000000000000000000000000000000000000000000000000000000000000000000000000000000000000000000000000000000100000000010
0000011110000000000000000000000000000000000000000000000000000000000000000000000000000000000000000000000000000000000000000
0000000000000000000000000000000000000000000000000100000000011000000001110000000101000000000000000000000000000000000000000
0000100000000110000000011000000000100000000000000000000000000000000000000000000000000000000000000000000000000000000000100
0000000000000000000000000000000100000001111000000011100000000110000000000000000000000000000000000000000000000000000000000
0000000000000000000000000000000000000000000000000000000000000000000110000000001000000000010000000000100000000001000000000
0000000000000000000000000110000000011110000000111000000000100000000000000000000000000000000000000000000000000000000000000
0000000000000000000000100000000001000000000010000000000000000000000000000000000000000000000000000000000000000000000000000
0000000000000000000001000000000010000000000100000000011000000001100000000000000000000000000000000000000000000000000000000
0000000000000001111110000001111000000000000000000000000000000000000000000000000000000000000000000000000000000000000000000
1000000000000000000000000000000000000000000000000000000100000000000000000000000000000000000000000000000000000000000000000
0000000000000000000000000000000000000000000000000000000000000000010000000000100000000001000000000010000000000000000000000
