0000000000000000000000000000000000000000000000000000000000000000000000000000010000000000100000000000000000000010000000000
1000000000000000000000000000000000000000000000000000000000000000001000000000000000000000000000000000000000000000000000000
0000000000000000000000000000000000000000000000000000000000000000000000000000000000000000000000000000000000000000011110000
0110000000001100000000010000000000100000000000000000000000000000000000000000000000000000000000000000000000000000000000000
0000000000000000000000000000000000000000000000000000000000000000000000000000000000000000000111100000001111100000000000000
0000000000100000000011000000001100000000000000000000000000000000000000000000000000000000000000000000000000000000000000000
0000000000000000000000000000000000000000000000100000000001000000100010000001000100000010001000001000000000000000000000000
0000000000000000000000000000000000000000000000000000000000100000000001000010000010000100000000010000000000000000000000000
0000000000000000000000000000000000000000111100000000000000000000000000000000000000000000000000000000000000000000000000000
0000000000000000000000000000000000000000000001000000001010000000010100000000101000000001000000000000000000000000000000000
0000000000000000000000000000000000000000000000000000000000000000000000000000000000000000000000000001000000000001000000000
0000000000000000000000000000000000000000000000000000000000000000000000000000000000000000000000000000000000000100000000101
0000000000000000000000000000000000000000000000000011110000001111000000001100000000000000000000000000000000000000000000000
0000000111000000001100000000110000000001000000000000000000000000000000000000000000000000000000000000000000000000000000000
0000001000000000110000000011000000001110000000011000000000000000000000000000000000000000000000000000000000000000000000000
0000000000000000000000000000000010000000000000000000000000000000000000000000000000000000010000000000110000000000000000000
0000000000000000000000000000000000000000000000000000000000000000000000000000000000000000000000000110000000011000000001000
0000000000000000000000000000000000000000000000000000000100000000000000000000000000000000000000000000000000000000100000000
0001110000000011000000001100000000010000000000000000000000000000000000000000000000000000000000000000000000000000000000000
0000000000000000000000000000000000000000000000000100000000010000000000110000000001111000000000000000000000000000000000000
0000000000000000000000000000000001000000000010000000000000000000000000000000000000000000000000000000000000000000000000000
0000000000010000000000100000000000000000000000000000000000000000000000000000000000000000000000000000000000000000000000010
