0000000000000000000000000000000000000000000010000000000100000000000000000000000000000000000000000000000000000000000000000
0000000000000000000000000000000000000000000000000000000000000000000000000000000000001111000000000000001111100000000000000
0000000000000000000000000000000000000000000000000000000000000000000111000000001100000000011000000000110000000000000000000
0000000000000000000000000000000000000000000000000000000000000000000000000000000000000000000001111110000000000000000000000
0000000000000000000000100000000001000000000000000000000000000000000000000000000000000000000000000000000000000000000000000
0000000000000000000000000000000000000000000000000000010000000000110000000011100000000000000000000000000000000000000000000
0000000000000000001100000000011100000000111000000000100000000001000000000000000000000000000000000000000000000000000000000
0000000000000000000000000000000000000001000000000111000000011110000000001100000000000000000000000000000000000000000000000
0010000000001100000000011000000000100000000000000000000000000000000000000000000000000000000000000000000000000000000000000
0000000011000000000010000000000000000000000000000000000000000000000000000000010000000000100000000001000000000000000000000
0000000000100000000000000000000000000000000100000000001000000000000000000000000000000000000000000000000000000000000000000
0100000000010000000000000000000000000000000000000000000000000000000000000000000000000000000000000000000000000000000000000
0000000000000000000000000000000000000000000000000000000011100000001000000000000000000000000000000000000000000000000000000
0000000000000000000000000111100000011110000000000000000000000000000000000000000000000000000000000000000000000000000000000
0000000000000000000000000000000000000000000000000000000000000000000000000000000000000000000000000000000000011100000000111
0000000000000000000000000000000000000000000000000000000000000000000000000000000000000000000000000000000000000000011111000
0000000000000000000000000000000000000000000001111000000000000000000000000000000000000000000000000000000000000000000000000
0000000000000000000001000000000010000000000000000000000000000000000000000000000000000000000000000000000000000000000000000
0000000000000000000000000000000000000000000000000000000000000000000000000000000000000000000000000000000000000011100000000
0001111100000011110000000000000000000000000000000000000000000000000000000000000000000000000000000000000000000000000000000
1000000000000000000000000000000000000000000000000000000000000000000000000000000000000000000000000000000000000000000000000
0000000000000000000000000000000000000000000000000000000000000000000000110000000011110000000110000000000000000000000000000
