0000000000000000000000000000000000000000000000000000000000000000100000000001000000000010000000000100000000001000000000010
0000000000000011110000000001100000000000000000000000000000000000000000000000000000000000000000000000000000000000000000000
0000000000000000000000000000000000000000000000000000000000000010000000001100000000001000000000010000000000100000000001000
0000000000000000000000000000000000000000000000000000000000000000000000000000000000010000000001100000000111000000011110000
0000000010100000000000000000000000000000000000000000000000000000000000000000000000000000000000000000000000000010000000000
0000000000000000000000000000000000000000000000000000000000000000000000000000000000100000001110000000011000000000100000000
1000100000000000000000000000000000000000000000000000000000000000000000000000000000000000000000000000000000000000000000000
0000000000010000000000100000000000000000000000000000000000000000000000000000000000000000000000000000000000000000000000000
0000000000000000000000000000000000000000000000000000000000000000001000000000010000000000110000000000000000000000000000000
0000000000000000000000000000000000000000000000000000000000000000000000000000000000000001000000000010000000000100000000001
0000011100000000000000000000000000000000000000000000000000000000000000000000000000000000000000000000100000000000000000000
0001000000000000000000000000000000000000000000000000000000000000000000000000000000000000000000000000000000000001000000000
0000000000000000000000000000000000000000000000000000000000111000000011110000000011000000000000000000000000000000000000000
0000000000000000000000000110000000011110000000111000000001000000000000000000000000000000000000000000000000000000000000000
0000000000000000000100000000001100000000011000000000110000000001000000000000000000000000000000000000000000000000000000000
0000000000000000001000000000010000000001100000000111000000000100000000000000000000000000000000000000000000000000000000000
0000000000000000000000000000000000000000000000000000001000000000010000000000100000000000000000000000000000000000000000000
0000000000000000000000001000000000100000000000000000000000000000000000000010000000000100000000001000000000010000000000100
0110000001000000000000000000000000000000000000000000000000000000000000000000000000000000000000000000000000000000000000000
0000000000000000000000000000000000000000000011000000000110000000000100000000001100000000000000000000000000000000000000000
0000000000000000000010000000000010000000000100000000000000000000000000000000000000000000000000000000000000000000000000000
0000000000000100000000010000000001000000000000000000000000000000000000000000000000000000000000000000000000000000000000000
0000000000001000000001000000000000000000000000000000000000000000000000000000000000000000000000000001000000000000000000000
