0001000110000000000000000000000000000000000000000000000000000000000000000000000000000000000000000000000000000000000000000
0000000000000000000000000000000000000000000000000000000000000001100000000011000000000100000000001000000000010000000000100
0000000000000010000000000000000000000000000000000000000000000000000000000100000000001000000000010000000000100000000001000
0000000000000000000000000000000000000000000000000000000000000000000000000000000000010000000001100000000111000000001110000
0000000000000000000000000000000000000000000000000000000000000000000000000000001111100000000010000000001000000000010000000
0000110000000000000000000000000000000000000000000000000000000000000000000000000000000000000000000000000000000000000000000
1100000000000000000000000000000000000000000000000000000000000000000000000000000000000000000000000000000000000000000000000
0000000000000000000000000000000000000000000000000000001000000000010000000000100000000000000000000000000000000001000000000
0000000001100000000000000000000000000000000000000000000000000000000000000000000000000000000000000000000000000000000000000
0000000000000000000000001000000000010000000000110000000011100000000110000000000000000000000000000000000000000000000000000
0000000000010000000000100000000001000000000010000000000000000000000000000000000000000000000000000000000000000000000000000
0000000000000000010000000000100000000001000000000110000000011100000000000000000000000000000000000000000000000000000000000
0000000000000000000000000000000000000000000000000000000000000000000000000000000000000000000000000010000000000100000000001
0000000000000000001100000000011000000000110000000001100000000010000000000000000000000000000000000000000000000000000000000
0010000000000000000000000000000000000000000000000000000000000000000000000000000000000000000000000001000000000010000000000
0000000000000001100000000111000000001110000000001000000000000000000000000000000000000000000000000000000000000000000000000
0000001000000000000000000000000000000000000000000000000000000000000000000000010000000000100000000000000000000000000000000
0000000000001000000000010000000000100000000001000000000100000000001000000000000000000000000000000000000000000000000000000
0000000000000000000000000000000000000000000000000000000000000000000001111000000000000000000000000000000000000000000000000
0000000000000000000011000000000110000000001100000000010000000000000000000000000000000000000000000000000000000000000000000
0000000000000100000000000000000000000000000000000000000000000000000000000000000000000011000000000100000000001000000000010
0000000000000000000000000000000000000000000000000000000000000000000000000000000000000000011100000000110000000000100000000
