0
0
0
0
0
0
0
0
0
0
0
0
0
0
0
0
0
0
0
0
0
0
0
0
0
0
0
0
0
0
0
0
0
0
0
0
0
0
0
0
0
0
0
0
0
0
0
0
0
0
0
0
0
0
0
0
0
0
0
0
0
0
0
0
0
0
0
0
0
0
0
0
0
0
0
0
0
0
0
0
0
0
0
0
0
0
0
0
0
0
0
0
0
0
0
0
0
0
0
0
0
0
0
0
0
0
0
0
0
0
0
0
0
0
0
0
0
0
0
0
0
0.503015
0.387214
1.3117
0.224346
0.0907841
62.1096
0.0287426
-0.122838
-6.14998
0.994058
-0.314255
-0.291305
-20.4338
0.12812
0.589109
-0.371475
-0.794845
-6.05703
0.107301
0.144627
0.597117
-0.0695111
0.500258
2.96037
-0.11752
0.0829275
0.026254
0.475986
0.21482
0.348319
6.3697
0.126056
0.0709553
0.144123
-0.00393609
0.417656
0.448684
0.312944
18.3068
0.290051
0.288373
-0.0530502
0.27513
-0.170329
0.614313
0.525026
0.367332
7.30408
-1.48043
3.66664
2.94061
-1.84461
-0.583002
-1.6709
2.53004
0.489428
1.16116
13.0984
0.695877
-0.951891
-1.1699
0.0643001
-0.490387
1.19496
-0.885058
0.277249
0.34278
0.888296
21.0345
0.443807
0.304601
-0.0246348
-0.109092
-0.381229
-0.262792
1.37952
0.196437
1.65388
0.115675
-0.5706
-9.95736
1.00195
0.355409
0.0687799
-0.116744
-0.0720425
-0.111819
-3.08901
-0.0292844
-0.773522
0.821559
-0.366719
-0.225454
-6.63156
-0.336284
0.698081
0.457271
-0.0113606
-0.165476
-0.112655
0.156258
0.185806
-0.296218
-0.278645
0.951809
-1.41152
-0.269596
-35.5547
-0.378236
-0.251253
0.544626
0.352848
0.0257876
-0.0982636
0.175264
0.10156
0.598882
0.296897
-0.2573
0.877161
0.177583
-0.467455
27.0739
-0.308727
-0.435829
-0.554483
-0.0686595
0.109472
-0.0316653
0.396413
-0.397538
0.272741
-0.14561
0.0506459
-0.136652
0.946326
0.0092207
-0.376302
-9.92322
0.0776194
0.0996282
-0.15823
-0.318047
-0.574979
0.0234631
-0.0741982
-0.398841
-1.39184
-0.533149
0.0929106
0.125081
0.00435002
0.973653
-0.460981
-0.136916
-1.61304
-0.362745
-0.156563
0.0901477
0.352508
0.181144
-0.665215
-0.316112
-0.410929
-0.453174
0.0156264
-0.0435824
-0.123448
-0.0885124
-0.112145
0.747373
-0.42649
0.135287
5.43407
-0.0402083
-0.244937
-0.195857
0.195602
0.665662
0.841204
-1.7483
-0.372055
-0.085474
-0.117126
0.113501
-0.0351414
-0.0395933
0.00445947
-0.00597338
0.565641
0.0869375
0.0871177
-4.53208
-0.136145
-0.357789
-0.183468
-0.154383
0.109692
0.703629
7.19567
0.378225
0.17786
0.449326
0.0333465
0.0372599
-0.00521627
-0.116899
0.195395
-0.0830565
0.383885
0.483469
0.345433
2.7776
0.458614
-0.950671
-0.416013
-0.285465
0.191054
-0.171042
1.45473
0.785126
0.350951
-0.326962
1.04685
0.281957
-0.152845
0.0911866
-0.113345
-0.298919
-0.469539
0.200834
0.394111
0.909073
5.72712
0.0271759
-0.118312
-0.0530101
-0.0238373
-0.10074
0.333017
-5.31172
0.228123
1.72354
0.611724
1.01336
0.448434
0.13911
0.215082
-0.0168282
-0.0128639
0.243641
-0.310118
11.8995
0.120844
0.0339132
7.67083
0.203092
0.000275621
0.00832254
-0.0556817
-0.0523767
-0.0388051
-1.70874
-0.0065994
-1.11544
0.786464
0.831462
0.321158
0.359918
0.127692
0.0759796
0.1001
-0.0334809
0.0741216
-27.3384
-1.00552
-0.341972
-0.0478886
-14.8186
-0.0765155
0.0879613
0.0415116
-0.0144579
-0.115729
0.0361436
-0.260375
0.189121
-0.946078
-1.10772
0.162229
0.814016
0.28895
0.219047
-0.164724
-0.01376
0.0783871
0.0463212
46.9701
-1.27529
-0.133406
0.438126
-0.454508
-3.92013
-0.317389
-0.143051
0.0640565
-0.0140916
0.0143569
-0.0179746
-0.0936716
0.140863
-0.256274
-0.444301
-0.578005
-0.235669
0.682366
0.276693
-0.0233983
0.0275157
-0.018229
-0.111891
-13.072
0.697391
-0.110945
0.261231
0.275053
-0.458458
-28.2488
-0.559549
-0.403371
-0.142015
0.0453401
0.1212
-0.00533125
-0.877261
-0.214699
-0.800643
0.242565
-0.330189
-0.405242
-0.363083
0.753533
0.192589
0.0100501
0.0161209
-0.0961549
14.9347
0.831391
-0.12135
-0.104922
0.437427
0.7426
-0.668918
-0.339819
0.0932944
-0.159145
-0.401872
-0.183528
0.00951614
0.0337973
0.269347
-0.117411
-1.57727
0.201426
0.112505
-0.165542
-0.366344
-0.360269
-0.0350381
0.113596
0.174069
0.140466
12.1457
-0.725816
0.267302
0.0266095
0.00642546
0.975561
-0.480021
0.107029
-13.655
0.140912
0.0533058
-0.0533372
-0.379563
-0.339185
-0.106897
0.0834446
-0.122991
0.709699
-0.0528896
0.0610274
0.0309936
-0.0342453
-0.0851193
-0.00698183
-0.573681
-0.230725
0.125182
-17.8673
0.0277688
0.0152653
0.097149
0.08534
0.0887776
0.843451
0.106324
-0.254027
-12.4792
-0.00174328
0.0711472
0.0207695
-0.0496261
-0.305856
-0.335719
-0.283509
-0.216438
0.0140155
-0.133035
0.0785047
0.0297264
0.0478
-0.18607
0.147724
0.420974
-0.667186
-0.388666
-6.69594
0.206178
0.0234121
0.0660189
0.0133785
0.0337142
0.141673
0.571559
0.0671267
0.264857
-10.4205
-0.0150428
-0.151806
-0.10915
0.0543732
-0.000153262
-0.320014
-0.446905
0.0893406
0.118741
0.0261213
-0.0189383
-0.0086853
0.0785565
-0.0250839
-0.231911
0.452589
0.623878
-0.669162
-18.6315
0.38095
0.0750015
-0.0562077
0.032073
0.021959
0.0136778
-0.0258882
0.10691
-0.136524
0.0443011
-23.1311
-0.171647
-0.0192837
-0.0701836
-0.146445
0.0671435
0.0994726
0.351463
0.127947
0.441965
0.220854
0.103617
0.016978
-0.112463
-0.0556449
-0.0244998
0.0387648
0.639467
1.15856
-12.6612
-0.103793
0.131257
-0.0139486
0.0386059
-0.0140289
-0.043883
0.0179518
-0.253959
0.00795133
0.37899
0.298236
-3.42486
0.0334465
-0.543881
-0.193598
-0.0879329
-0.147009
0.0262948
-0.16368
0.172222
0.307274
-1.57185
-0.338276
-0.0755974
-0.289425
-0.0485719
-0.135551
0.31191
0.22549
0.652417
69.7345
-0.293139
-0.0824279
0.00287563
0.115285
-0.00862192
0.0403767
-0.0316083
-0.0845934
-0.358732
-0.696879
0.250292
0.733261
10.6798
-0.374365
-0.136119
-0.0377034
-0.102739
0.0416488
-0.0523375
1.48364
0.103155
0.33903
0.319383
0.206336
-0.193493
0.0141134
-0.117793
-0.0741859
0.0238857
0.00442618
0.0898759
3.81006
2.32933
0.912435
0.0413913
-0.00512124
0.0663716
0.023107
0.0333614
0.0292213
0.0355388
0.0297898
-0.711127
-0.112356
-0.384261
0.433213
-0.225459
0.0165864
-0.072933
-0.0653783
-0.00285434
-0.0345034
-0.170141
-0.289554
0.117955
0.219083
0.372256
0.120859
0.00616594
0.0662128
0.0185358
0.113371
0.0484647
-0.00691597
-13.7515
-1.16984
0.936184
0.665721
-0.0062768
0.111931
0.00366097
0.0865783
-0.0551994
0.146721
0.030123
0.196307
-0.343762
0.541152
0.231361
-11.7257
0.0460634
0.090804
-0.0023976
-0.0777608
0.0228794
-0.0908708
-0.129858
0.0619593
-0.702743
-0.669613
-0.104755
0.130596
0.00388135
0.0319742
0.187747
0.0833862
-0.0598897
0.0566966
13.3555
-1.11732
-0.64697
0.293494
0.735261
0.135584
0.127662
0.0508141
-0.00746277
0.0865915
-0.032716
-0.0644167
-0.299545
-0.271564
0.33768
-0.14543
10.025
-0.154551
0.0878661
0.137964
0.0386297
0.0300197
-0.151835
0.753546
-0.156922
-0.313507
-0.708416
-0.338741
-0.327484
0.102376
0.0542901
0.0613707
-0.0401988
-0.0281321
0.039983
-28.841
-1.26816
-0.42018
-0.53974
0.200399
0.672952
0.322658
0.114745
0.097051
0.0549242
0.0760109
-0.0846763
-0.14313
-0.321678
-0.0397835
0.413948
0.0560686
-27.635
-0.388206
-0.216238
0.0527073
0.0947566
0.0528971
0.104727
-0.181714
0.0416193
-0.0395303
-1.20547
-0.550789
-0.342026
-0.249032
-0.160343
0.0596359
0.0241011
-0.127486
-0.086623
0.145653
-3.59922
0.0506522
-0.12853
-0.562176
-0.0467718
0.751598
0.338046
0.0182848
0.00936927
0.0161988
-0.0802327
0.0851437
-0.039512
-0.166884
0.342912
-0.0474095
0.176139
12.2784
-0.512121
-0.33594
-0.235318
-0.287075
-0.00337031
0.0839111
0.236992
0.128305
0.0469405
0.470387
-0.2427
-0.0844439
-0.350624
-0.381893
-0.508329
-0.0166485
-0.0261602
0.0506955
-13.4367
-0.993958
-0.137588
0.0704951
-0.175574
-0.468423
0.178494
0.299216
0.345003
0.263499
0.238814
0.193468
0.399097
0.128849
0.213344
0.0505588
1.10919
-0.239014
-0.296091
11.7592
0.213874
-0.0143612
0.0609407
0.0148857
-0.242782
-0.431638
-0.499363
0.122374
0.840764
-0.197606
0.270885
0.0996074
0.143599
-0.182572
-0.228316
-0.477816
-0.352676
-0.175231
-2.6418
1.67429
0.149244
-0.0344839
0.0354751
-0.0320154
-0.0577084
0.799145
-0.880951
-0.489308
-0.040851
0.168286
0.15246
0.171495
0.0434514
0.0386929
-0.0147889
0.914593
0.265422
0.0142199
34.7738
0.071218
0.0372905
-0.00380839
0.0471923
0.0246921
0.0939008
-0.275012
-0.0287449
0.161661
-0.134477
0.0180509
0.00148717
0.00664298
0.176767
-0.0797847
-0.296927
-0.251213
-0.291069
-18.2809
0.516784
0.0695585
0.0274139
0.0564177
0.0182312
-0.0388031
0.0358526
0.748878
-0.523443
-0.343515
-0.103937
0.0661647
0.0601099
0.0958676
0.0664271
0.0971734
0.146609
0.640109
-0.265699
0.572073
-16.1871
-0.0494253
0.0264491
-0.0204097
-0.0840745
-0.0134405
0.0591429
0.116162
0.100793
0.911146
0.761303
0.0169936
-0.0574943
-0.0514215
-0.0414376
0.116242
-0.105178
-0.0509884
-0.299628
8.01507
-0.018003
0.0526587
0.13537
0.0166475
0.0221868
0.0809284
-0.0907585
0.132603
0.848095
-0.458859
-0.43033
-0.140986
-0.0146733
0.043307
0.0683357
-0.0167774
0.101209
-0.132418
0.151073
-0.244783
-0.324035
16.4853
-0.0903289
0.194062
-0.0964033
0.0460833
-0.167525
-0.23565
-0.349206
0.0321172
0.521878
0.207726
-0.192533
0.00646258
-0.0607094
-0.0406483
0.131859
-0.000872168
0.25982
0.0662189
-10.3834
-0.688382
-0.155087
-0.0183915
-0.00259848
-0.049169
0.0320507
0.0646099
-0.0627035
0.121316
0.97191
0.197963
0.252184
0.129867
0.0248771
-0.00109312
0.0519991
0.123353
0.037579
-0.453979
-0.0127479
0.383565
0.282859
8.72661
-0.470219
0.13296
-0.0862862
-0.112771
-0.047434
-0.182839
-1.15889
0.142568
0.289951
-0.835519
-0.061716
-0.0249792
0.129081
-0.0520981
-0.074617
-0.0515021
0.12182
0.154521
14.4538
2.1227
0.136646
0.0469474
0.0156918
0.00314614
-0.0867873
0.115138
0.0322768
-0.0271178
0.46754
0.681113
-0.275554
0.0946565
0.00195335
-0.154681
0.174685
0.104709
0.156021
-0.156949
-0.329984
-0.815888
0.183313
0.90426
-1.17011
0.0679911
-0.0692342
-0.11426
-0.0156849
0.0335105
-0.0278266
0.59267
-0.0617015
0.624623
-0.425301
-0.0406187
-0.0143263
0.0215823
-0.0964534
-0.0117488
-0.0812955
0.0262642
0.196661
-15.8773
1.2844
0.35058
-0.0462527
0.272403
0.132211
-0.0539527
0.140616
0.123282
0.0731214
-0.0243622
-0.123188
1.14112
0.731909
-0.302148
-0.0536548
0.055066
-0.0495722
-0.082885
0.0381178
0.125752
0.113402
-0.0113112
-0.697427
-0.0467311
8.98207
0.110182
-0.0868577
-0.0434516
0.00192063
-0.0305206
-0.0960262
0.118512
0.0414765
-0.640604
-0.0110123
-0.0129356
-0.0531409
0.120324
-0.122406
-0.0581414
-0.0581036
0.102839
0.0435432
7.62893
-0.517688
0.0765585
0.191553
-0.0144003
0.151194
0.063727
-0.0312222
0.0749727
-0.0207028
0.0650199
0.226721
-0.39837
1.05308
0.540462
-0.142814
0.144335
0.0427633
-0.0897477
0.06662
0.0914853
0.131335
0.223649
-0.309831
0.145663
0.247323
-5.9694
0.210373
-0.0494777
-0.0978675
-0.0259089
-0.0939212
0.182742
0.167485
0.258416
-0.773234
-0.167432
-0.0162328
0.149978
-0.0166165
-0.0465461
-0.150064
0.114464
0.107382
0.0675498
7.82567
-0.627543
-0.292095
-0.213649
0.172787
0.10913
-0.111256
0.147522
0.0344544
-0.0182787
-0.0782921
-0.0633705
-0.391758
-0.501398
0.584894
0.614842
0.0772091
0.257267
-0.0417064
0.051562
0.0958247
0.267487
0.172504
-0.287921
-0.287409
0.377256
0.0465052
-3.49474
0.522701
0.0770174
-0.0165565
0.0691647
0.0290749
0.005836
0.189093
0.0739832
-0.0925314
-0.450711
0.193684
0.0914763
0.210051
-0.0703111
0.225902
0.14486
0.0567706
0.0613793
47.6721
1.58142
-0.232118
-0.24721
-0.105766
0.217702
0.0638494
0.0443812
0.0325415
0.0956803
-0.0730617
-0.0151901
-0.657305
-0.38342
-0.581223
0.658514
0.618484
0.310159
0.208267
-0.0456502
0.00731164
0.0279178
0.145534
-0.266529
-0.423054
-0.331149
0.270192
0.245553
-2.39024
-0.177586
-0.0672525
0.0375344
0.124223
0.255106
0.256323
0.671192
0.211537
0.213496
0.492624
-0.114628
0.195311
-0.112951
0.195454
0.274392
0.423177
0.0422226
-0.00514267
-27.5038
1.0139
-0.374803
-0.222323
-0.142455
-0.304989
0.220268
0.309446
0.00548359
0.0682638
-0.295175
-0.395611
0.0750893
0.0111233
-0.325934
-0.789086
0.544114
0.483442
0.292648
0.00653856
-0.0891302
0.121731
0.0983082
0.259658
-0.101845
-0.360719
0.373176
0.367078
0.315865
3.52849
0.483322
0.0136812
0.0591442
0.0889086
-0.16587
-0.224474
-2.07578
0.237707
0.287141
0.37026
0.367703
-0.203962
0.105881
0.0114529
0.0534358
-0.0725471
0.304419
-0.279726
-25.5086
0.434937
0.109085
0.213411
0.106837
-0.123793
-0.343253
0.0704225
-0.104328
-0.399783
-0.0548178
0.325175
-0.322434
-0.233038
-0.152799
0.192617
-0.268265
1.26354
-0.209558
-0.151657
0.0457985
0.0534894
-0.281588
0.192717
-0.202278
0.0688497
-0.708569
1.05839
0.00358172
0.209481
-40.4215
0.00818366
0.130252
-0.035702
0.0401316
0.219224
0.101779
0.172718
0.174088
1.27272
0.480051
-0.288518
-0.0301028
0.0547997
0.206572
0.036296
0.170242
0.0599858
0.172467
38.5285
-0.588456
0.187279
-0.0646899
0.0783559
0.0815945
0.000261546
0.0428022
0.159167
-0.0799601
-0.0585634
-0.438486
0.238937
-0.0845121
-0.000836484
0.0714178
-0.0353845
0.0250682
1.15861
0.0254982
-0.409331
-0.129908
-0.197123
-0.0481022
0.0471623
-0.100887
-0.0559779
0.0315359
1.18434
0.25782
-0.266209
-21.6011
-0.1953
0.0309159
-0.00310885
-0.0304582
0.0933906
0.0482632
-0.259544
-0.0734938
-0.357418
0.325685
0.0363059
0.17643
-0.0369485
0.0183798
0.101232
0.0701792
0.122553
0.0238058
-0.536663
-1.80761
-0.096294
0.0189386
0.102718
-0.060611
0.0438229
0.112653
0.00490172
0.0521411
-0.0604223
0.123703
0.187298
0.00961735
-0.0219743
0.0347707
0.0390282
-0.021045
-0.00987119
0.865366
0.0605616
-0.305769
-0.320034
0.12874
0.0417251
0.0623528
-0.0166299
0.133493
-0.520041
0.402807
-0.279328
0.112886
6.49724
0.0648026
-0.0354866
0.00777976
-0.112639
-0.0384016
0.0662034
-0.337524
0.0172588
1.03303
0.00460484
-0.0382662
0.108936
-0.0376234
0.165331
0.00294606
0.0549172
0.176591
0.183592
-2.54679
0.592373
0.0478724
0.108126
0.0492174
-0.0997955
-0.0504946
0.0218613
0.00583563
0.0214892
0.0160599
-0.195517
0.158743
0.0537537
0.0393509
0.0561526
0.109411
-0.0162978
0.0119986
-0.0778676
0.908983
0.0184086
-0.339392
0.0614557
0.224023
0.0644461
0.140739
0.25954
0.663371
-0.165773
-0.0900134
-0.136056
0.0667031
-3.82898
-0.0446557
-0.0222782
0.0246924
-0.0491101
-0.00760825
-0.0994341
-0.033612
0.108059
-0.420218
0.0589481
0.0879653
0.118018
0.12901
-0.0787832
0.0473847
0.0317211
0.0983139
0.145454
-4.98511
-0.38885
0.359257
0.102755
0.0575905
0.0754145
-0.033549
0.0935873
0.162349
0.156314
0.116994
0.393636
0.0980599
0.0082203
0.0759897
0.138215
-0.0582647
0.0467648
0.023233
0.00632765
-0.376183
1.1043
0.585378
0.198201
0.109809
-0.0153876
0.137346
0.278172
-0.0692475
-0.126504
-0.380958
-0.234788
0.405817
0.330784
-0.344293
0.254082
-0.0616826
-0.0563738
0.0638055
-0.0764881
-0.186806
-2.56604
0.212511
0.316627
0.088621
-0.020926
0.0111148
-0.0259071
0.0544637
-0.0531527
0.0219178
-0.0273057
-0.253072
-39.8895
-1.23885
0.130395
0.0960464
-0.0663896
0.0552554
-0.121284
0.155909
0.17751
0.101834
0.431049
0.174915
-0.106341
-0.0196109
0.0695493
0.111185
-0.163376
-0.104969
0.0276526
0.0803236
0.0026794
0.682333
0.834333
-0.0302816
0.529585
0.0123067
-0.298088
0.014693
0.107371
0.0297629
-0.319429
-0.414661
-1.01812
0.130978
-0.395278
-3.53892
-0.0199598
-0.0534318
-0.0917972
0.0545205
0.0193346
0.0509908
-0.061693
0.319462
-0.277552
0.201956
-0.201552
-0.0532105
-0.0692933
0.0775186
-0.0282481
-0.0347047
0.0136206
-0.0912352
-7.83238
-0.0421686
-0.176481
-0.000306044
0.0831811
0.0286962
0.0992836
0.0140256
0.0523371
0.0617962
0.152802
0.0377787
0.182975
0.385288
0.0303284
0.132341
0.134204
0.105569
0.0748868
-0.022913
0.191981
-0.0294807
0.00681906
0.997452
0.112503
-0.190459
-0.0590581
-0.0177092
0.045162
0.324591
-0.0692
-0.0678662
0.145877
0.0900734
0.857401
0.243173
-2.53657
-0.28461
-0.0237559
-0.0254195
0.024525
-0.0122162
0.104602
0.25193
0.0101655
0.166693
-0.276214
0.136298
0.0123957
-0.0756646
0.0180708
0.107364
0.0711951
0.00337014
0.112464
-13.4393
0.129669
0.0217405
-0.0655821
0.0708418
0.118307
-0.122626
0.0212274
0.0957696
0.139544
0.0173839
0.277761
0.0180279
-0.00356224
0.0890518
-0.122468
0.255504
0.0199487
0.0141396
-0.0324063
0.105664
0.0357703
0.169618
-0.355752
0.996894
0.284141
-0.260424
-0.0559056
0.202072
-0.134486
-0.0579978
0.119162
0.113204
0.457517
-0.442717
0.238302
-0.26447
14.2669
-0.0164422
0.00774601
0.0636812
0.000882613
0.039979
-0.0934069
0.266097
-0.103026
-0.0677906
0.599715
0.168217
0.17804
-0.00931108
0.102774
-0.00490324
0.068398
0.104095
-0.0619386
-23.3457
1.03967
0.146845
0.036106
0.0505975
-0.122162
0.0837253
0.0340293
0.0366655
0.0809084
0.200793
0.253697
-0.143282
0.00301634
0.00594063
0.189296
0.170699
-0.0644746
-0.0154123
0.0794537
0.0610412
0.0876134
0.156454
-0.505631
-0.343454
0.948068
0.526966
-0.46447
0.0763501
-0.137327
0.291116
0.116968
0.104629
0.0773748
-0.338996
-0.430595
-0.204494
0.137198
-1.44362
-0.159522
0.124549
0.115281
0.0496396
-0.0809715
-0.0150559
-0.000857652
0.163593
-0.231238
0.160613
0.125302
0.123053
0.0903398
0.0974527
-0.0713631
-0.0192359
0.156162
0.0709172
-45.8296
-1.51823
-0.0304031
-0.098164
0.102993
0.0965156
-0.0590451
-0.0242611
-0.0305966
-0.0162671
0.0738035
-0.102038
0.242732
-0.17681
-0.135277
-0.108242
0.338293
-0.0614156
-0.12937
0.156618
0.116901
-0.0356387
0.141053
-0.165426
-0.119631
-0.313339
1.15721
0.542778
0.0336711
0.0725131
0.0617619
0.0427599
0.0454912
0.172231
-0.279384
-0.308783
-0.318666
0.362661
0.304349
-1.84258
0.0533552
0.063048
0.0930654
0.00940183
-0.128353
-0.0246647
-0.460958
0.237776
0.247667
-0.631237
0.147596
0.171545
0.192901
0.372081
-0.0689645
-0.00206501
-0.0395693
0.12172
37.4361
1.91026
-0.309004
-0.0512122
-0.0479431
0.127116
0.212157
-0.102627
-0.0551809
-0.118375
0.350002
0.192146
-0.733271
-0.0346446
-0.0647899
-0.119758
0.0246696
0.152278
0.394648
0.0127997
0.0768363
0.0376078
0.0656029
-0.0139286
-0.0780548
-0.153496
-0.278464
1.6982
0.712538
-0.197806
0.244772
0.279331
0.0203837
-0.29902
-0.204745
-0.0147662
0.0475457
0.480267
0.292883
0.282635
-5.36375
-0.199545
0.059455
0.0329426
-0.068721
0.12817
0.140765
0.160591
0.198498
0.161317
0.0919978
-0.115185
-0.0985667
0.0377144
-0.053102
-0.109571
0.093615
-0.151839
0.0563894
-15.7717
0.570236
-0.112866
-0.00705028
-0.0475433
-0.0314787
0.0514392
-0.112943
-0.0179755
0.0839714
-0.209897
0.133278
0.462295
0.0236431
-0.0402064
0.0256651
-0.0330419
-0.295883
-0.054536
0.134053
-0.0500535
0.0228485
-0.109088
-0.207515
0.0453042
0.0514965
0.080822
0.178537
1.67831
0.398704
-0.16408
-0.11231
-0.0966863
-0.144062
0.237609
-0.120989
-0.0174435
-0.260282
0.701675
-0.295076
0.0517195
-3.36863
0.0193547
-0.0951106
0.0834801
0.0911787
0.0583631
0.0352397
0.0872797
0.0718122
-0.236646
-0.184512
0.277188
-0.0023744
-0.0236483
0.0443724
0.138963
-0.0721519
0.129042
0.128057
-14.7454
0.11543
-0.0203591
0.038644
0.0922948
0.0218889
0.0827586
0.0629787
0.0487227
0.16476
0.0564859
0.121255
-0.14373
0.00961197
0.0410429
-0.0201957
0.0748829
0.117098
0.0111271
0.237097
0.0708856
-0.0776294
-0.0360742
-0.102366
0.0399201
0.0916834
0.0360783
0.199219
0.440302
0.944665
0.578346
-0.116606
-0.0843149
0.297357
0.039078
-0.000635092
0.0347112
0.0746282
-0.19589
0.320688
0.130604
0.108428
-6.00713
0.0945339
0.0129913
0.00602441
-0.00963915
-0.0563513
-0.0434613
0.173887
0.257122
0.102123
-0.183292
-0.0825127
0.0389501
0.103873
-0.100869
-0.0251834
-0.0816859
-0.052
0.132855
-32.8591
0.547945
0.127697
0.0462031
0.0507976
0.0758113
-0.00305955
0.0578481
0.0771511
-0.010155
0.0156069
0.287534
-0.0191098
0.035844
0.143873
0.0396929
0.0329437
0.0295604
-0.00405936
0.0806892
0.162954
-0.0431114
0.0526054
0.154812
0.0501428
0.181527
0.156996
0.0201296
0.133187
-0.180617
0.959376
0.563236
-0.216529
0.00548471
0.140054
0.0461821
0.0148216
-0.00139919
0.00281517
-0.0417123
0.107362
-0.936516
0.167974
7.95292
0.096045
0.0613365
-0.0611333
0.0568693
-0.0505486
0.0329815
-0.507767
-0.00846882
-0.052133
0.0823546
0.334414
0.165724
0.0856625
0.0234105
0.00862891
-0.0329909
0.0183116
-0.0112194
-26.8821
-1.53232
-0.032389
0.00312515
0.128142
0.0176011
-0.0107529
0.0447868
0.105344
0.0407986
0.0258486
-0.00641301
0.00654363
0.126247
0.0405161
0.0689571
-0.0106368
0.143813
-0.0593305
-0.140522
-0.0553956
0.235602
-0.0952737
0.121274
0.0721487
0.139912
-0.0767357
0.0654079
0.0210147
-0.150129
-0.437975
1.01329
0.479488
-0.378427
0.0222506
0.159602
0.0745979
0.060723
-0.081263
0.0831817
-0.220779
-0.192714
-0.0215046
-0.106416
-11.5195
0.0312473
-0.0574919
0.045913
-0.0515303
-0.098984
-0.126781
0.625259
0.289667
0.292901
0.160122
0.0456413
0.168581
-0.0974376
0.108997
-0.215499
-0.0684321
-0.316027
0.000939675
-13.7197
0.0610398
0.10323
0.0450979
0.0842154
0.000863001
0.0921108
-0.0412687
0.00199638
0.170904
0.139865
-0.126521
0.172628
0.139326
0.165026
0.142805
0.121525
0.00498489
-0.125754
0.0466919
-0.0938202
0.100056
0.576128
0.274278
0.105805
0.1156
0.0277379
0.236361
0.213693
-0.24996
-0.0977665
-0.543952
1.12379
1.25146
0.109173
0.119385
0.125545
0.0891323
-0.0945127
0.0741032
0.0409353
-0.281546
-0.60973
0.447822
0.347347
3.7053
-0.379714
0.00544179
0.0685411
-0.262178
-0.145804
0.612202
1.84102
0.271106
0.332806
-0.0993348
0.325571
0.0795153
-0.0247651
-0.15049
0.421325
-0.344913
-0.0145855
-0.109278
13.2101
-5.94052
0.407291
0.0656487
0.315591
0.042817
-0.0485252
-0.128876
0.000442609
0.179087
0.0553204
-2.34272
-0.277842
0.257311
-0.0473596
0.317955
-0.115862
-0.0273262
-0.156807
0.0450499
-0.0150666
0.288753
0.0437753
-0.0414692
-0.172038
-0.0169444
0.0571309
-2.21003
0.0464393
0.850704
0.361261
-0.0574273
-0.163087
0.941278
0.248928
0.971178
-0.0912646
-0.226576
-1.90801
-0.00191596
-1.04023
-0.226898
-0.177929
-0.830262
0.168952
-0.138232
-2.01101
-0.19514
-0.057044
0.0262811
-0.0154641
0.00313141
0.159912
0.0796885
0.25995
-0.628034
-0.0191442
0.00696058
0.00100242
-0.0192514
-0.0810282
-0.0288459
0.0963612
0.00225811
0.0874982
-22.5566
0.581198
0.0191896
0.00632036
-0.0150214
-0.0239449
-0.0727048
-0.0252118
0.0632605
0.169397
0.0645964
0.016684
0.0767335
-0.00802879
0.205628
0.0474862
0.0516274
0.0549903
-0.0941893
0.0790283
-0.00529736
0.130428
0.0325446
0.145404
0.247443
0.072215
-0.0146746
-0.253204
0.121771
-0.103214
0.139802
0.157995
0.0923776
0.00297922
0.903247
-0.443493
-0.315002
-0.0928245
0.511475
-0.112247
0.0630988
0.0863163
0.0785844
0.0287111
1.25422
0.70789
0.25781
1.75586
0.123783
0.0389143
-0.0159292
-0.0267896
0.0656682
-0.0346137
0.56788
0.0179894
-1.08508
0.341091
-0.131582
-0.0470934
0.0868193
0.0228294
-0.190363
0.0481218
0.0876946
0.121898
-21.2574
0.438626
0.110581
-0.0567122
-0.0382905
0.0408083
0.0408295
0.0439305
0.0109839
0.0866608
0.105699
0.489376
0.0498084
0.0622711
0.147835
0.0635022
-0.0907141
0.0409137
0.167848
0.0968855
0.12345
0.0627585
0.472763
0.0974483
-0.0264759
0.0656976
0.0926133
-0.0456598
0.427567
0.0493854
0.125413
0.139494
0.0920417
0.332789
-0.0290152
0.89392
-0.171423
-0.29179
-0.0347256
-0.0162573
-0.0154279
0.0784976
0.0644594
-0.0932063
3.49057
-0.406582
0.302159
0.618892
-4.70068
0.116622
0.00202495
-0.0104799
0.036965
0.111494
0.0654464
-0.262819
-0.099833
-0.285489
0.286877
0.0112956
0.00660676
0.0463726
0.0250521
0.0104991
0.0221486
-0.0491302
0.0755446
14.6007
1.50997
0.0249012
0.0251725
-0.0683372
0.0715301
0.0299731
0.0459004
0.10479
0.0506872
0.0409323
0.299194
0.126971
0.0459492
0.104157
-0.0423323
0.0213231
0.0944763
0.00454053
0.167444
0.125755
0.00153808
-0.143569
0.125613
-0.107962
0.0579676
0.229308
0.423911
0.164782
-0.0952269
0.0216251
0.0932804
0.0595633
0.147782
-0.221564
-0.0880433
0.939712
0.0622181
-0.0720644
-0.259092
0.0537949
0.00695144
0.0274936
0.125921
0.305503
-0.390183
-0.315035
-0.102762
-0.151881
8.15881
0.0685842
-0.063424
-0.0411709
-0.00141058
0.0795867
0.102945
0.151242
0.097441
0.77808
-0.172705
0.029541
0.057395
0.0424874
-0.0394038
0.0504865
0.075359
-0.00642879
0.112615
5.75361
0.17023
0.129745
0.166505
0.0573664
-0.0108645
-0.0973108
0.00120904
0.0295989
0.0503535
-0.0801873
0.0706213
-0.0690836
0.02911
0.0994586
0.104582
-0.00350665
-0.0658121
0.0412007
0.0545526
-0.0737353
0.13317
0.140355
0.0883982
0.0395809
0.0509541
0.118923
-0.0378259
0.00457673
0.0510861
0.0811142
0.00858054
0.0697208
-0.0674324
0.263408
-0.14751
0.108264
1.02629
0.516475
0.137565
0.0224738
0.0566862
0.106223
-0.0193525
1.68532
-0.140435
-0.297398
-0.0211278
0.18828
0.344654
22.2158
0.213497
0.0494337
0.103896
0.0363195
0.0372124
-0.00520364
0.65492
0.129821
0.314994
-0.0702175
0.0806215
-0.202036
0.100366
-0.107922
-0.0439914
-0.00226371
-0.0297582
0.124017
0.748341
-0.777213
-0.0783709
0.00790089
-0.0290302
0.0924362
-0.0559974
-0.0264754
0.0604797
0.0550138
0.0612306
-0.0191484
-0.11764
0.0531266
0.0272448
-0.136058
-0.124348
0.082649
0.126457
-0.0907171
-0.0323253
-0.0941446
0.000569127
0.0702871
0.0121217
0.0533987
-0.133954
-0.406157
-0.272137
0.0634764
0.0331371
-0.0962464
0.0347146
-0.100512
-0.0541353
0.121019
0.09244
0.117857
1.00611
0.554769
-0.0482627
-0.0195455
0.0995727
0.0542272
-5.9734
0.0506802
-0.0714956
0.0628666
0.395119
0.0252216
-0.00467866
9.01546
-0.0303353
0.00591519
-0.00077855
0.0307521
0.0119795
0.0427545
0.259548
0.0392139
-0.496675
0.248369
-0.282331
0.0484584
0.0356464
-0.00988198
0.114212
0.0266395
0.0635398
0.150788
-4.541
1.00383
0.101282
0.00401139
0.0688432
0.0176185
-0.0276836
0.0247776
-0.00343026
0.117619
-0.0365023
-0.0444683
0.116618
0.0142259
0.116017
0.0464184
0.0612498
0.0272663
0.153783
-0.0230839
0.142329
0.0728256
0.205068
-0.115596
-0.0732446
-0.00825527
0.182263
0.116226
0.00580846
0.0945639
0.0409922
0.0465425
0.0698256
0.151182
0.109946
0.0609534
0.0450816
0.0715476
0.176129
0.991859
0.49804
0.0182689
0.106643
0.0147333
-0.177219
0.00318394
0.0331752
0.0707609
-0.0958052
0.398073
0.315385
-0.195561
4.58226
0.0909768
0.0993533
-0.0172716
0.00433497
0.0112764
0.0905959
-0.56918
-0.176196
0.693149
0.199385
0.0476045
0.0845774
-0.0337441
0.170506
-0.0321898
0.0348926
0.0743651
-0.00951116
39.524
-0.748361
0.0776384
0.0649855
0.0537999
0.0643235
0.0727918
0.0417296
-0.00584118
0.0514313
0.0603765
-0.16499
0.0637711
0.10953
-0.065998
0.194012
0.146325
0.00361725
0.195299
0.0714189
-0.0236816
0.172054
0.197188
-0.0889418
-0.021405
0.0269245
-0.0500106
-0.145178
-0.278878
0.217614
0.211225
-0.0156056
-0.0165871
-0.135398
-0.0680967
0.0914671
0.0328146
0.0497855
0.225929
0.0609297
0.996193
0.614468
0.0671091
0.0708369
-0.280782
0.00535796
-0.076555
-0.0181174
0.00847351
-0.0421068
0.291629
0.195871
0.386063
2.46629
0.127689
0.0537685
0.0212962
0.062928
-0.0447044
-0.124887
-0.099747
0.0547591
0.44396
0.385433
0.0910263
0.0511813
0.0853377
0.0254103
-0.0115175
0.0537882
-0.115057
-0.018832
2.81551
1.1774
0.101581
0.145938
0.00377643
0.0302895
0.146515
0.0105058
-0.000748919
-0.0864868
0.0980878
-0.157107
0.099203
0.0413073
0.136235
0.183457
0.0655738
-0.0671622
0.30749
0.0219183
-0.0157468
-0.00879007
0.131428
0.0812871
0.0990572
0.221267
0.10577
0.00685172
0.217181
-0.148283
0.0880284
0.344906
0.0734921
0.186091
0.0940199
0.0312678
-0.128485
-0.024909
0.0215214
-0.0494719
-0.342571
0.851913
0.770779
-0.136618
-3.61571
0.0838822
0.0412823
0.110151
0.0463194
0.0768223
-0.206665
0.138908
-0.441561
-0.152107
-29.6372
-0.0629042
0.0937999
0.0870735
-0.0178746
-0.0125306
-0.113351
-0.583425
0.10619
0.770287
0.258
-0.0358497
-0.0109704
0.0442723
0.0159481
0.130898
-0.0187423
0.0204088
-0.119859
-9.80787
0.975718
0.104047
0.158683
-0.072978
0.117642
0.0222177
0.0214616
0.0591066
0.0308949
-0.086345
-0.0321403
0.285327
0.0724819
0.207709
0.0912112
-0.0519677
0.135038
0.10841
0.00903883
0.111912
0.0369152
-0.0713643
0.116543
0.111794
-0.00469546
0.0827126
-0.15207
-0.220957
0.0738804
-0.103998
-0.00741229
0.371692
-0.127792
0.122535
0.188649
0.0769406
0.16362
-0.141878
-0.0392498
-0.0751087
-0.441346
1.0848
0.851655
-2.60437
0.23161
0.0281025
0.0122066
0.0524961
0.0530686
-0.0663501
-0.243225
-0.330966
0.099191
-0.540768
15.5235
0.314262
0.000357095
-0.0227854
-0.0159349
-0.109899
-0.263345
-0.81
0.0340482
0.273159
0.0650927
-0.07053
0.188928
0.128021
-0.0167168
0.0115683
-0.0200734
-0.0124008
0.157002
-43.9535
0.593776
0.197335
0.150808
0.173161
-0.0159632
0.12978
-0.000733491
-0.0570248
-0.18785
-0.108461
-0.163306
0.0945216
-0.0161019
0.165898
-0.068861
0.128079
-0.1717
0.0988036
0.11721
0.247353
0.133927
-0.222323
0.0567703
0.0602784
0.190945
-0.0604501
-0.123006
0.402361
-0.231344
-0.0136181
-0.0906695
-0.113627
0.675523
0.0949765
0.0708937
-0.0168506
0.0971586
0.374554
-0.133607
-0.224185
-0.238858
-0.382256
1.26872
9.31556
0.16761
0.229714
0.0635093
0.101861
0.0740434
-0.00300836
-0.28211
-0.33631
-0.674485
0.470404
0.359041
1.73078
0.585211
-0.258361
0.0489267
0.0324319
-1.89575
-1.70198
2.00035
0.280768
0.3535
0.346549
-0.252749
-0.538619
-0.351973
0.181058
0.400443
0.0805574
-0.542595
-2.37635
13.821
-1.56945
0.156281
0.361356
0.11532
-0.00512484
0.300242
-0.839332
-0.518734
0.620817
-0.194877
-0.194031
-0.108742
2.27094
0.714676
-0.479142
-0.383602
0.487496
0.633943
-0.261887
-0.328988
-0.158609
0.268804
0.681044
2.06883
0.157932
-1.87726
-0.245629
0.0217039
-0.195883
-0.375725
-0.0105914
0.58997
-0.72305
-0.369104
2.68753
0.738978
0.374799
-0.98542
-0.252033
0.439785
-0.197689
-0.199274
-0.144683
8.84653
0.733954
-0.145204
-0.311081
0.239861
0.424367
0.241282
0.0941804
0.26979
-0.360231
0.407518
0.241238
0.201359
-15.7752
0.0782278
-0.0665691
0.0408354
-0.0057108
0.0260048
-0.0334342
0.00844915
0.407927
-0.0276369
-0.164546
0.155266
-0.336938
0.148908
0.064165
0.0804709
0.0611259
0.0168511
0.0572809
11.4253
-0.199659
0.0139981
-0.0855085
-0.112159
0.084642
0.121584
-0.0685447
0.0823702
0.0264618
0.00615616
0.12493
-0.16715
0.00252964
0.00499143
-0.104245
-0.0360637
-0.115085
0.0508052
0.0814139
-0.0185053
0.1432
0.0796523
-0.00951196
0.033597
0.0305157
0.0671983
0.178711
0.459128
0.171565
0.118674
0.241109
0.123646
-0.118868
0.0917596
0.149264
-0.0162139
-0.249069
-0.355196
-0.0330176
-0.0313116
-0.0362054
0.0825163
0.00101897
-1.2849
0.902088
-0.54864
-0.183602
0.074164
-0.0213397
0.0569716
0.0831813
0.0062851
-0.138042
0.0532947
-0.909536
0.324042
-0.286274
12.538
0.0421873
-0.0453871
0.0218991
0.0708661
0.0316062
0.110916
-0.527955
0.0535198
0.81725
-0.234007
0.0705298
-0.0834576
-0.00969191
0.0166572
0.17653
0.0526515
0.0835608
0.0399723
30.8707
-0.488796
0.0174393
0.00193106
-0.00409524
-0.0382279
0.0886325
0.0605602
0.100318
0.11418
0.155721
-0.0840127
-0.36548
0.0383971
-0.0383539
0.052805
0.104976
-0.0234435
0.0926865
-0.0017932
0.110156
0.0352572
0.264691
-0.168786
0.0101737
0.0714267
0.0345081
0.0532601
0.19681
0.10508
0.00684674
0.173047
0.0444886
-0.0626821
0.302612
-0.0383918
-0.00595117
-0.195166
0.0705303
-0.0206282
0.0568737
-0.0148427
-0.012629
0.155631
1.27895
0.548966
0.818692
-0.469518
-0.182127
0.113254
0.0589438
0.0484951
0.027671
0.071092
0.0306421
-0.460973
-0.0335135
0.204287
0.122112
2.6841
0.15378
0.0269776
0.0227258
0.0372413
-0.00836684
0.0219509
0.0320285
-0.243682
-1.23879
0.123486
0.0743703
-0.108614
0.0278684
0.0708662
0.00709905
0.0926874
0.137565
0.125054
0.811722
-0.0473967
0.013146
0.107552
-0.0208057
0.0477986
-0.0136985
-0.060731
0.0942508
0.0553058
0.0825555
0.0303845
-0.13389
-0.0361463
-0.0186476
-0.0281772
-0.0159793
0.0500929
-0.138165
0.058499
0.0561194
-0.0668433
0.0906112
-0.00247927
-0.0188915
0.0228911
0.0525384
0.250355
-0.028026
-0.0391255
-0.0393613
0.0187073
0.0258701
-0.052087
0.107044
0.0532818
-0.0679331
0.0216781
-0.114926
0.157133
-0.0233524
0.0638106
0.102741
0.10167
1.9156
-0.0969386
0.279185
0.707665
-0.280318
-0.113287
0.0293935
0.0377155
0.00492046
0.0770143
0.0963587
2.73907
-0.29722
0.139338
-0.617114
0.509023
-1.0638
0.135388
0.0831162
0.0841426
0.0573964
0.0176803
0.103559
-0.0259907
0.365973
-0.0490267
-0.0820412
0.0142565
0.00382094
0.00331804
0.00537868
0.0884846
0.170735
0.117915
-0.00873215
11.4304
-1.36306
0.0232033
0.0422352
-0.0114516
0.0239723
0.0651672
0.166084
0.11593
0.0649073
0.205178
0.0456539
0.10359
0.0300588
0.0108181
0.0955513
0.0211837
0.0989842
0.148418
0.0579126
0.00493596
0.0238287
0.154606
-0.0186493
0.0704965
-0.0224343
0.0361816
0.292868
-0.395111
-0.0257588
-0.0393242
0.0598185
0.0315497
0.0476428
0.0469156
0.0443811
-0.0462137
-0.0656962
-0.0583103
-0.104794
-0.0264763
0.0591048
0.0612857
0.0494025
-0.190972
-0.00353425
-0.129876
0.261939
0.778401
0.195568
-0.0083284
0.0357114
-0.0278319
0.0687255
0.110339
1.571
0.0559677
-0.161315
0.32707
-0.12075
-0.404498
5.78719
-0.0352076
0.0698318
0.013696
0.0105395
0.0647397
0.0185443
-0.127984
-0.158891
0.56759
0.498075
-0.0958891
0.0318781
0.084294
0.108755
-0.0381049
0.0704564
0.089727
-0.0287785
-1.14056
0.168931
0.0679214
0.00892043
0.0212306
0.0364374
0.0481414
0.101576
0.0881559
0.00466762
0.041599
-0.0640981
-0.027202
0.0477669
0.0668331
-0.00485876
0.0387382
-0.00628889
0.164444
0.0559559
0.123376
0.0295626
0.0313965
0.123138
0.0698866
0.077343
-0.0611305
-0.070564
0.196879
-0.0555569
0.0267457
-0.0403069
0.0190949
-0.0333231
-0.0724387
0.0121869
-0.0307473
0.125134
0.387849
-0.00584954
0.0896534
0.0696701
0.0196427
-0.00546411
0.547898
0.0424442
0.000724125
-0.0525518
0.19088
0.828519
0.452165
-0.0687801
0.10177
0.0593944
-0.0518357
-1.49478
-0.018976
0.0823104
-0.137438
0.487638
-0.443119
-0.486555
4.20616
-0.00117567
0.0391414
0.117377
0.0671043
0.0927117
0.0948028
0.92305
-0.292723
-0.481123
-0.147419
0.190956
-0.00161422
0.0559203
-0.0204091
0.0366457
0.0405563
0.0209471
0.0438611
-5.95404
0.0988577
-0.0589795
0.130849
0.00326043
0.00255233
0.139452
-0.0496514
0.070516
0.0198566
0.0562664
0.153728
0.185286
-0.0176333
0.0266508
0.165576
0.100758
0.0646461
-0.17703
-0.0338461
-0.0194509
0.0651297
0.0663199
0.0652885
0.110225
0.0185302
0.173865
0.0663201
0.0467123
0.0641486
0.0707827
0.0459172
0.0883561
-0.035728
0.0290351
0.049964
-0.000182686
0.142954
0.0211811
0.247238
0.0814362
-0.0116927
-0.00851853
-0.0954291
-1.06401
0.0296825
0.0681006
0.0954369
0.00927704
0.134783
0.669196
0.440519
-0.0342247
0.0257079
0.151736
0.0610977
0.0794723
-0.0726581
-0.0533117
-0.09106
0.401599
-0.273305
0.259609
6.82077
0.197897
0.0571276
0.0503588
0.0741692
0.0656968
0.0069305
0.607727
0.0624472
0.460049
-0.0863892
0.0655825
-0.0499995
0.185681
0.115718
0.0735087
0.0304081
0.120832
0.107977
6.09572
-0.0916845
0.0335764
-0.0386312
0.124811
0.0574934
-0.0324073
0.11957
-0.00132241
-0.0883205
0.0309285
0.199836
0.0253256
0.140484
0.0964299
0.105564
0.0492713
0.0488978
0.0747692
0.0791406
0.000302634
-0.039617
-0.0821787
0.0715656
0.0926209
-0.0539492
0.160547
0.158986
-0.0548911
0.0476931
-0.0617823
-0.120025
-0.142542
-0.121417
0.0778414
0.00352237
0.0950099
0.0260657
0.148579
0.0727089
-0.166979
0.182573
-0.061182
0.140047
0.759898
0.0352771
-0.0750375
0.0637173
0.0302988
-0.0745276
-0.179523
0.659732
0.684074
0.00434225
0.0600183
-1.43745
-0.0785964
0.0376582
0.0238771
0.0279026
-0.060156
0.279843
0.526671
0.452382
26.2537
0.0292515
0.0598285
0.0850988
0.0061863
0.0876461
0.0541417
-0.0540971
0.0616627
0.516709
-0.0854145
-0.00323658
0.142715
-0.0574586
-0.0509591
0.0803012
-0.0400878
-0.0953964
-0.0801529
-10.293
0.896944
0.0760553
0.0475199
0.160395
0.0341831
0.158841
0.0517718
-0.0496702
0.053012
-0.0497652
-0.0586053
0.148947
0.0704495
0.131269
0.0232973
0.18342
-0.0265454
-0.0630642
0.143622
-0.127129
-0.0118617
-0.0487155
0.0301831
0.0672517
0.0588813
-0.012434
0.0245599
-0.0712305
0.03214
-0.00792497
0.0170736
0.021294
-0.0441272
0.0206922
-0.0452723
0.0897294
0.00913109
0.287647
0.237162
-0.152715
-0.059379
0.254825
-0.0245066
0.550996
0.143438
-0.0182677
0.0870633
0.0471692
0.120235
0.0155308
-0.353416
0.781065
0.894004
-0.256312
1.2619
0.0940823
-0.013145
0.0164679
-0.0323884
0.0664301
-0.207712
0.114961
-0.112416
-0.1082
23.2802
0.221823
0.172417
-0.0131361
0.0263574
-0.0350217
0.15309
-0.110344
-0.122919
-1.45433
0.207324
0.216942
-0.00904854
0.0494438
0.105254
-0.0755603
0.00782187
-0.0999044
-0.154129
0.313589
0.236483
0.0498328
0.137724
0.182777
0.0648167
0.0460495
0.0937586
-0.0419843
0.0165615
-0.0578106
-0.35045
0.155802
0.150857
-0.0341482
0.0807701
-0.0373617
-0.133264
0.184071
0.204149
0.0185652
-0.0335847
-0.142508
-0.00404049
0.0692028
0.0624002
0.0697981
-0.175635
0.181771
-0.0336249
-0.0766143
0.203427
0.0215111
0.00730809
0.100297
-0.0741717
-0.0876564
0.0964906
0.0155917
-0.115666
-0.015531
-0.177258
-0.177316
0.438725
-2.13405
0.0335158
0.0718374
0.113821
0.130544
0.0903106
-0.00869061
-0.0176257
-0.47239
0.82509
0.878104
0.0922414
0.119291
0.113907
0.14659
-0.0454308
-0.0265317
0.0516676
-0.254544
-0.141564
0.213298
0.024579
-7.36578
-0.0812561
0.0736411
0.0294288
0.00917274
-0.0939288
-0.0240914
0.588143
0.176669
0.483746
0.432069
0.323237
-0.00985394
-0.156338
-0.0193682
-0.0470441
0.013569
-0.0193674
-0.143798
-7.97204
-0.0430443
-0.125111
0.00530216
0.0127231
0.0453539
0.0723181
-0.0448682
0.0721769
-0.027927
0.032388
-2.26292
0.0642039
0.0376004
0.064327
-0.0606948
-0.204899
0.225773
0.115914
-0.0159161
-0.0359527
0.00217654
0.134404
0.300277
0.111732
0.0490152
-0.0390707
-3.6365
-3.08975
0.610853
0.215757
0.325602
0.171889
-0.049804
-0.0904539
0.077173
0.139917
0.586436
-0.139223
0.215199
-0.133392
0.286675
-0.172438
-0.413373
3.65876
0.188387
-0.0763538
0.0388621
-0.0482216
0.0397858
0.115478
-0.13627
-0.17848
-0.624291
1.69714
5.3011
0.143372
0.0475952
-0.0157916
0.0743795
-0.0273395
-0.00904554
0.15692
-0.146974
-0.0415711
0.490997
0.666348
9.07058
-0.389855
1.92473
-0.377201
0.341752
-1.08231
0.684855
2.00501
0.281676
-0.204504
-0.811117
-0.750894
0.103535
0.0499053
0.116854
-0.145767
0.346796
-2.51462
0.0749266
15.8963
-4.4936
0.338833
-0.0315517
0.412333
-0.321345
0.636828
1.18565
-0.537809
-0.611466
-1.60035
3.63267
0.3672
1.91819
0.618905
0.367361
-1.75748
-1.43927
0.463669
0.441872
0.0129416
0.211404
1.59104
0.793632
1.46757
-0.167299
-0.106575
0.131155
3.08889
2.21416
-0.222788
-0.184486
-0.602941
-0.750011
-3.11421
1.6571
0.153843
-2.46958
2.47655
2.67071
-0.601971
0.852675
0.371938
0.898416
8.73618
1.12755
1.66467
1.0575
-2.1927
-2.53967
-2.0239
-2.25056
-0.406823
0.653029
-1.0502
2.32856
0.88369
0.0551912
2.2107
0.38
0.403392
-2.85369
-0.0173923
-1.02368
-0.254544
-0.170548
0.318889
0.270695
0.210803
-0.239637
-0.215397
0.158868
0.0155306
-0.0416021
0.104306
-0.00471771
0.089386
0.167691
0.621543
-0.119821
0.197183
-0.0502406
0.0162868
-0.119089
-0.00371675
0.435893
0.112492
-24.1555
-1.2365
-0.211052
-0.130438
-0.157162
-0.0226174
0.0660508
0.213242
-0.0507306
0.208956
0.332395
-0.106531
0.228265
0.0158405
-0.0917408
0.125826
-0.110806
0.0832051
0.176153
0.192247
0.271448
0.176211
-0.0809708
-0.312166
-0.0409789
-0.00110804
-0.119816
0.278341
-0.0329856
0.232715
-0.0517567
0.0204762
-0.0474966
0.0809377
0.207877
0.238167
0.0356668
0.24359
0.325816
0.143001
-0.0145324
0.19932
0.0173478
0.0371848
-4.21622
0.218522
0.118968
-0.0482093
-0.352628
0.1031
0.0209022
-0.0107201
0.135085
0.11603
0.155465
0.69284
0.649525
-0.654661
-0.295772
-0.0560107
-0.0350551
-0.163223
0.0148533
-0.0574716
0.0512591
0.33624
0.287109
-0.268363
-0.103336
15.4208
0.124332
0.020885
0.0824365
-0.020549
0.11069
0.126236
0.633767
0.13656
-0.800184
0.210142
0.0645205
0.063463
-0.0656453
0.107262
-0.0256797
0.104787
0.172685
0.176413
13.9616
-0.599394
-0.0330742
-0.0168816
-0.0790806
-0.043544
0.0433792
0.0874243
0.165634
0.0769157
0.195378
0.274291
-0.113322
-0.0648239
0.0590326
0.0380938
-0.0505204
0.00357866
0.137333
0.0547851
0.0235916
0.0734827
0.0691532
-0.28319
0.0704913
0.15478
0.150788
0.325267
-0.426732
0.00822406
0.113839
-0.0327675
0.118457
0.0539199
0.0701044
0.0657616
-0.0912534
0.166406
0.0873677
0.0765295
0.0242957
0.0705891
0.230989
0.169993
1.03549
0.245718
-0.177699
-0.156447
-0.170814
0.0426705
0.015109
0.0238576
0.14223
-0.0533512
0.00517611
-1.81735
0.698184
0.798395
-0.620991
-0.121737
-0.0240606
-0.111891
0.0646095
0.00590033
0.128892
-0.442931
0.375474
0.848831
-0.276774
0.0909932
-3.74671
0.0835853
0.16578
-0.0218206
0.067001
0.171587
0.119531
0.456681
0.0485238
-0.332302
0.160516
-0.0934907
0.00678568
0.0795897
-0.0398268
0.109091
0.247193
0.172568
0.0770514
14.3719
0.0961666
-0.0393889
0.0019041
0.0244412
0.0411284
0.0476743
0.16179
0.115363
0.112164
0.137153
0.218439
0.086116
-0.145727
-0.0754028
-0.020509
0.100873
0.0775049
-0.0149026
0.0590891
0.0295775
0.220654
0.18092
-0.0235922
-0.0187801
0.0199907
-0.0568041
-0.195757
-0.0947819
0.0444187
0.0607671
0.0235629
0.0171553
-0.0242482
0.0122087
-0.0546825
0.0510039
-0.0208772
-0.0486551
0.303047
0.0318176
0.00825708
0.0595143
0.0156088
-3.05994
0.00631888
0.135634
-0.0992126
-0.186411
0.0509641
0.0700526
-0.0134319
0.0150021
0.0441681
0.115872
1.59793
-0.0694303
0.43368
0.591227
-0.513276
-0.00025951
0.0220858
0.00308595
0.0529339
0.0456779
-0.0195493
0.0972542
-0.177303
0.277165
0.361789
0.0122379
-10.1757
0.0327538
0.056218
0.106202
0.0731151
0.0640146
0.0708217
0.283951
0.0312701
-0.0314799
0.172771
-0.00299098
-0.0260346
0.0904952
0.0885635
0.0858369
0.122691
0.0729866
0.128688
-6.56387
0.148297
-0.0271912
-0.0029354
-0.0339981
0.0369354
0.0502767
0.138011
0.186242
0.0983501
0.08587
0.267618
-0.0270845
0.0719753
0.0262737
0.0176263
0.0292646
-0.152297
-0.023472
-0.0775578
0.0219696
0.0540849
-0.0827433
-0.0662998
0.0371647
0.0164625
0.0680614
0.404867
-0.121787
0.105741
0.137544
-0.0379697
0.0427324
0.0966589
-0.0870243
-0.0562512
-0.0990471
-0.00177502
0.121874
-0.102619
-0.0343268
0.0528118
-0.033972
0.045981
0.666017
-0.0543114
-0.0474185
0.0757555
-0.115825
-0.151357
-0.0513184
0.0107827
0.0661295
-0.00369087
-0.0152301
-0.462285
0.00326981
-0.200837
0.269895
0.432856
-0.00180681
0.0289548
0.00539134
-0.0106646
-0.0765019
-0.0164224
0.34481
0.0493375
-0.160325
0.323473
-0.962377
0.113115
11.8908
-0.126823
0.0888289
0.0454219
-0.0118602
0.158597
0.219448
-0.159608
0.00419064
0.333393
0.0373371
0.041077
0.165726
-0.017294
0.0988596
0.129856
-0.0321464
0.0186427
0.074874
24.7458
0.241363
0.125186
0.0108974
0.0683722
0.0705783
0.0894579
0.0294493
0.00134798
0.0521084
0.0693366
0.0700649
0.0457856
0.0670794
-0.0261199
-0.0154096
-0.0346083
0.0225016
0.058053
0.0886422
-0.0200336
-0.0326328
0.0886178
0.00946303
0.0398986
0.0535185
-0.0398866
0.0392636
-0.0152573
0.0478585
0.00159648
0.0284832
0.0884103
-0.0109343
-0.0361058
0.01376
0.041729
-0.0591834
-0.0996907
0.115101
0.201124
0.0236527
-0.0435757
0.0576272
-1.48127
0.107504
0.0185214
0.00215978
0.00858847
-0.224732
-0.00273184
-0.00967652
0.0633757
0.0385684
-0.0540793
0.699459
-0.105206
0.0694782
-0.0506734
0.155029
0.271593
0.279373
-0.0275755
-0.0894187
0.0699253
0.079273
-0.0331516
-0.141093
-0.0153504
-0.070258
0.453444
-0.0231763
0.211738
-9.79111
0.21334
0.15425
0.0377343
0.135006
0.155007
0.174202
0.663381
-0.0130398
0.190604
0.48398
0.18683
0.139057
0.0096585
0.0396257
0.0294236
0.0990552
0.117194
-0.137359
-27.804
-0.211749
-0.0512933
0.096655
0.00075778
0.180488
0.156361
0.0893751
0.0604255
0.0981692
0.0342057
-0.01595
0.216982
-0.00982425
0.0751132
-0.0852234
-0.0295797
-0.149051
0.0123267
0.00544791
0.0540677
-0.0350325
0.012893
0.00755986
-0.0252382
0.0646788
-0.0216463
-0.185619
0.0346659
-0.0275684
0.0837095
-0.0188447
0.00706346
0.0529714
0.122894
0.0316192
0.0621763
0.104278
0.233334
-0.149886
-0.0406861
-0.0386154
0.0170488
-0.0438742
-0.133641
-0.0129642
-0.0285839
-0.00779329
0.102879
-0.000359572
-0.0794057
0.120897
-0.0794278
-0.0664104
0.0632294
-1.25383
-0.0376025
0.0682756
-0.00402171
-0.0444587
-0.101534
0.369455
0.555672
0.043169
-0.00546706
-0.0578516
-0.209595
-0.093555
-0.0369675
-0.127838
-0.0972727
0.53832
0.308704
0.227683
5.09918
0.225406
0.0899592
0.16229
0.0648347
0.0681575
0.103805
0.124763
0.0528546
1.40547
0.174823
-0.0225065
0.0812203
0.143814
0.128555
0.0246802
0.0245146
0.0653986
0.0692855
1.40766
-0.873586
0.0676653
0.134509
0.17689
0.0394791
0.118021
0.0322899
0.0602204
-0.0477658
-0.0349286
0.0200982
-0.101706
0.180948
0.0613212
-0.0214563
-0.0749905
0.246915
0.234742
-0.14421
0.00909603
-0.0433487
-0.0808501
0.0894413
-0.102919
0.0129912
0.0327644
-0.0353881
0.257083
-0.096955
0.0676489
0.116743
-0.0916728
-0.152473
0.0492548
0.0483522
0.0423621
0.104112
-0.216174
0.0846736
0.0527284
0.0684101
-0.0772338
0.0467575
1.59321
-0.103215
0.075891
-0.00231012
-0.0480312
-0.108385
-0.0680709
-0.172397
0.153575
0.0132512
-0.107694
0.219885
-0.0116727
0.0230531
0.0232739
-0.00289767
-0.0296996
-0.163703
0.401251
0.755971
0.0189726
0.0811346
-0.173909
0.0669808
0.0473495
0.0220838
-0.0451679
-0.127633
0.413499
0.178153
-0.143694
-29.6817
0.160432
0.123535
0.025935
0.0564453
0.176142
0.151607
0.331927
-0.173819
1.06466
0.195756
0.0699797
0.168171
0.103621
0.0751182
0.091728
0.0239406
0.0183736
-0.0472479
-10.8468
1.67022
0.073935
0.0439376
0.0671668
0.062046
0.0452437
0.0268483
0.0632214
-0.195584
0.0198266
0.139314
0.321687
-0.00284363
0.0146874
0.0687584
0.199337
0.359135
0.0818099
0.0213329
-0.00667818
-0.0840269
0.0511897
0.181947
0.0531983
0.0532204
0.00301487
0.157703
0.0554819
0.165839
0.0351096
-0.129417
-0.0291566
0.00995006
0.0983423
0.0216075
0.0398954
0.0416755
0.256375
-0.0772063
0.0335751
0.059482
0.169083
-0.0575022
-0.412418
0.00450758
0.0540597
0.0648778
-0.0471404
-0.108083
0.00881586
-0.107303
-0.248403
0.208741
0.115558
3.44119
0.0368748
0.106907
-0.0817933
0.0183916
-0.0114253
-0.133751
-0.462098
0.518164
0.763534
0.00352556
-0.783185
-0.0297026
-0.0105609
-0.0648359
-0.00142358
-0.0380319
-0.0617927
0.213511
0.0926437
0.120719
14.9326
0.130998
0.0371185
0.0467631
0.040245
0.0945414
0.273937
-3.40552
0.0947848
0.668252
0.29541
0.062623
0.220628
0.0460153
0.00514586
0.0588386
0.194458
-0.0324308
-0.0959251
36.535
0.248225
0.0334985
0.0602102
0.0131019
0.236225
0.0390349
0.0485442
-0.0215861
-0.0494566
-0.074284
0.50634
0.118043
0.168518
-0.0672476
0.105203
0.0310192
-0.0258348
0.0856552
0.00104372
-0.0451394
-0.123445
-0.0605769
0.0265621
0.162443
0.119393
0.296265
-0.657911
-0.706475
-0.410699
0.153214
0.0130808
-0.104803
-0.271127
0.0753978
0.0709388
-0.00678864
-0.0821814
-0.144276
0.327365
0.169987
0.0282561
-0.0347865
0.239947
-2.90507
0.0572187
0.0236538
0.0289042
0.021226
-0.0159511
-0.210312
0.182554
-0.263923
-0.0683703
0.42581
2.0242
-0.100907
-0.00481695
-0.0715988
-0.132629
-0.0249174
-0.0442472
0.00750574
-0.537216
0.678069
0.95335
0.287082
-0.0233819
-0.000127603
0.0184558
-0.000881501
0.00326963
-0.112198
-0.0353081
0.21028
0.34665
0.679595
17.19
0.304571
0.195902
-0.0471118
-0.049181
-0.0528968
0.458595
-3.31816
0.246071
0.56574
0.0530832
0.0221927
-0.00923062
0.107943
0.560727
0.0445201
-0.114817
-0.0663687
-0.178037
10.6823
0.409618
0.108629
-0.0400138
0.0523998
0.00608221
0.168754
0.141486
-0.114869
-0.0420312
-0.336123
-0.870047
0.0873629
0.367754
0.260905
0.209418
0.389608
0.233667
0.166275
0.148492
0.0205924
0.0711327
-3.52696
-0.235859
0.322136
0.0915575
0.508619
1.33227
-1.75945
-3.8752
-0.017855
-0.00369356
-0.075049
0.533718
0.226056
0.205016
-0.32981
-0.220201
-3.70958
-3.04734
-0.237695
-0.157466
0.0853403
0.563618
-1.46084
0.0319357
0.294703
0.0910019
-0.0398023
-0.0579979
0.0768012
-0.484278
-0.240863
-0.513595
-0.680676
2.94325
-0.0164179
0.0787637
0.35275
0.0993955
0.0763352
0.0779121
-0.462915
-0.157874
-0.87932
1.61143
1.87117
0.366016
-0.324857
0.26849
0.111235
0.231069
0.204887
-0.129458
0.204035
0.322909
0.524974
0.368327
7.31543
1.5822
1.78633
1.97961
5.47007
3.70427
2.75725
2.27449
0.28833
0.364734
0.0401726
1.72623
-0.0346573
-0.987354
-1.55972
-0.601522
-1.4323
-0.297366
1.28414
16.8346
2.67442
1.02957
0.752592
-1.12616
0.78327
-1.35204
2.18681
0.327197
-0.942168
-0.0688053
4.28834
0.729003
0.24383
-0.151915
1.08409
2.45675
1.87797
0.415139
0.295648
-2.24983
0.33696
5.20055
0.633536
-2.46416
-0.305805
1.24329
0.959459
4.17059
3.29732
1.62145
-2.52096
-0.26646
2.61322
0.643772
-7.19549
0.333203
2.81387
7.59127
3.26779
2.55097
-4.5159
-0.376893
0.51481
3.65626
0.477637
-4.78668
-1.65886
3.1
4.46273
4.00776
0.392129
0.0384327
1.48651
1.61737
1.25368
5.16718
-1.05193
-0.765409
0.0892944
2.26433
3.85463
0.179707
-3.0012
0.54817
2.82686
0.376549
6.95866
1.36969
-1.00431
-2.5141
-1.25809
-2.13156
-1.35747
-0.492166
1.02775
42.5546
0.455393
0.353817
6.47395
-1.08133
-2.18683
0.0601247
0.0160218
-0.0698467
0.055293
-3.13952
0.268208
0.311414
-1.11394
0.0127624
0.0126586
-0.17492
0.217195
0.096127
0.933646
0.502904
0.195986
-16.1556
2.16759
0.718534
-0.159479
0.0975403
-0.238979
-0.218157
-0.0888298
0.220368
0.0285664
-0.000658999
0.27712
-0.287687
-0.314539
-0.0695033
-0.0302907
0.0145925
0.0793744
-0.0112154
0.286565
-0.111951
0.302305
0.262638
-0.795953
0.0531462
-0.0913347
0.0517028
0.197459
0.724243
-0.304274
0.0315585
0.00451078
-0.0565367
0.819853
-0.433644
-0.261503
-0.234186
-0.162473
-2.97634
-0.31317
0.270378
0.209225
0.218301
0.00575199
3.39099
-0.0865607
-0.0833264
-0.135782
-0.0555114
0.154047
0.040002
-0.275545
-0.0577125
0.010061
0.362677
1.17851
-0.00488254
0.1803
-0.0832351
-0.142344
-0.0339803
-0.0701579
-0.124444
0.160305
-0.0996802
-3.33646
0.36388
0.707465
-0.734201
-0.263671
-0.172557
-0.154545
0.0826932
0.0421134
0.140185
0.223094
24.7397
0.276081
0.111849
0.166578
-11.3038
0.123981
0.296929
-0.0688525
0.0106376
0.152712
0.122015
0.0182252
0.536475
0.0389772
-0.258076
-0.131025
0.00104525
0.0465461
0.0836792
0.0517444
0.21983
-0.0836198
0.148385
-4.99953
-1.23095
0.00596318
0.0162207
-0.0445542
0.026789
-0.0386285
0.000374578
0.1466
-0.0259144
0.127338
0.0246864
-0.238242
-0.0165626
-0.0154613
0.0980631
0.063522
0.152496
0.102408
-0.0927072
0.0485962
0.0279991
0.0458604
-0.0375164
-0.139198
0.0438444
0.0960316
-0.0150204
-0.035522
0.0213279
0.00449559
0.0717305
0.167587
0.222933
-0.305859
0.015329
0.128799
0.0798596
-0.263093
-0.0279555
0.017465
-0.045196
0.0721885
-0.0403471
-3.94818
-0.200562
0.190507
-0.0634812
-0.103976
-0.163497
-0.0822678
-0.040906
-0.0503156
0.110915
0.242556
0.423043
0.0633011
-0.179702
-0.231806
-0.170898
-0.0348494
0.126106
0.0996139
0.131472
-0.0172027
-0.351924
0.217213
0.70943
0.513837
-0.685529
0.0363698
0.0163521
-0.0617033
-0.0957294
-0.0517912
-0.287975
95.4161
0.18371
1.7714
-0.451257
-0.185684
9.50905
-0.0818095
0.102175
0.100804
0.15826
0.0773951
0.199477
0.310256
0.223627
0.477511
-0.0850677
-0.0255096
-0.027646
-0.00993768
0.201901
0.0557877
0.0359587
0.119633
0.025674
-11.4931
0.500011
-0.056545
0.0457259
0.0365665
0.0974228
0.130645
0.00550944
0.00347522
0.117938
0.0926338
0.241407
0.0134427
0.00927479
-0.011848
-0.0487405
0.0787896
0.0513298
0.134314
-0.0135966
0.103759
0.0851649
0.0132274
0.0348988
-0.01976
-0.086342
0.0578595
-0.025757
0.247627
0.0470116
0.0364482
0.0643052
0.0105126
0.0413437
-0.146549
-0.0944706
0.126735
-0.0515782
-0.112117
0.171567
0.0312939
0.00139189
-0.00495718
0.0218036
0.207173
-0.056577
-0.0215135
0.0011245
0.00553747
-0.190633
-0.0301618
0.0204309
0.0135751
0.111265
0.0839977
-0.762762
0.0282195
0.107413
-0.240402
-0.225503
0.0386867
0.0512601
-0.0254309
0.0408924
0.0498017
0.0584623
-0.504818
-0.0831124
0.600415
0.224379
-0.381848
0.009079
-0.0465351
-0.0400647
-0.0417256
-0.112527
-12.8793
0.0348917
-0.285988
0.684101
-0.234605
0.767478
12.9184
0.037932
-0.0380586
0.166471
0.131368
0.217777
0.133858
-0.133401
-0.416742
0.0539773
-0.0118348
0.0790446
0.0419913
0.0454972
0.0859608
0.0787648
0.193549
0.0759345
0.114578
18.0857
-0.0220684
0.0929976
0.0698382
0.0246166
0.0903987
0.0166599
0.0306949
0.0323118
0.0280673
-0.0618423
-0.0827961
-0.101304
-0.00600382
0.0337103
-0.0600921
-0.0141234
0.0969265
0.0747165
0.103401
0.104242
-0.00348168
-0.0537181
-0.0186955
-0.0382104
-0.0105907
0.0161092
0.0824424
-0.308783
0.161225
0.017354
-0.0490724
0.0775217
-0.142962
-0.00518741
0.00823419
-0.0258146
0.148976
0.285951
-0.111691
0.0314365
0.107119
0.0785168
0.101321
2.77292
-0.0880751
0.00291676
-0.000552524
-0.0603989
0.0312646
0.0185604
0.00220681
0.00624803
0.107777
0.0273774
-0.0223821
-0.131031
-0.020567
-0.0173878
-0.2247
-0.19486
-0.00248292
-0.0269823
-0.0515486
-0.00736929
0.171802
0.0806164
-0.182788
-0.0688097
0.329826
0.0472092
-0.219262
-0.0139125
-0.0311783
-0.0459954
0.04057
47.3127
-0.0560454
-0.0854453
-0.157494
0.802262
0.302292
-0.0536075
15.5628
0.211579
0.183938
0.273621
0.127476
0.150245
0.0706929
-0.100175
0.0789141
-0.0630864
0.213958
0.120959
0.0871211
0.179698
0.206712
0.132686
0.11472
0.194749
0.104563
3.34308
-0.720747
-0.0206534
0.0211863
0.038744
0.0522365
0.00145434
-0.00630619
0.135461
0.168323
0.119574
0.0275465
0.101884
-0.0296358
-0.00216612
0.115053
0.0145948
-0.0256482
0.110697
0.0461436
-0.00678955
0.0465357
0.16907
0.110288
0.0332501
0.00959818
-4.53837e-05
0.112995
0.388916
-0.0111758
0.00936924
-0.0379196
-0.0896178
-0.0185428
-0.0157024
-0.0210325
-0.0652667
0.00540796
0.261029
-0.137727
-0.0165694
0.0929161
0.0533181
0.038391
0.251837
-0.0503712
0.00343927
0.0376573
-0.0747025
-0.113047
-0.0387888
-0.145525
-0.000981987
-0.0971236
0.0775596
-1.58593
-0.100324
-0.11852
-0.0360486
-0.0957651
-0.219655
-0.1837
0.0453012
0.0425601
-0.0969373
-0.194557
0.546214
-0.237428
-0.0486439
-0.0816688
0.088815
0.0848327
0.218524
-0.0610207
-0.0422547
-0.00184178
50.7515
-0.0817832
-0.276194
-0.173975
-0.178491
0.702672
0.379856
0.219867
22.0327
-0.0212831
0.167032
0.148915
0.135929
0.106312
0.0178305
-0.10193
0.189283
-0.499326
0.142037
0.11134
0.156551
0.0916437
0.0546177
0.112811
0.171876
0.0394583
-0.0046959
17.6114
0.784401
0.222186
0.0991834
0.0676331
0.0438631
-0.0108366
0.0778382
0.04615
-0.0317262
-0.0261582
-0.0230779
-0.0157194
-0.0447319
0.0582431
0.173576
0.0466678
-0.00203396
-0.105721
0.0310085
0.0878335
0.02739
0.0997146
-0.0979012
0.0917723
0.133817
-0.0174297
0.222591
0.0592398
0.0465855
-0.0424958
-0.0534737
-0.112742
-0.0244476
0.0226306
0.0739864
-0.0629848
0.18091
0.0663679
0.110332
-0.0422116
0.0665129
0.0584477
0.0866095
-4.34033
-0.0436908
-0.017458
0.0258534
0.0676352
0.0839329
-0.0999962
-0.0321556
-0.00400874
-0.0543659
-0.140505
1.3759
0.00535564
0.0134727
-0.0324313
-0.0201061
-0.132763
-0.301797
-0.0812515
-0.0554935
0.0587532
-0.0496343
-0.329615
-0.235957
-0.0664606
-0.0078939
-0.081831
-0.175844
0.103128
0.539164
0.00520259
-0.117554
-6.05356
-0.0449459
-0.403504
-0.141838
-0.112816
-0.243743
0.634499
0.91355
0.0398558
18.8365
0.195479
0.111357
0.0974124
0.107764
0.0757968
-0.0969423
0.0145798
-0.101452
0.576076
0.209044
0.154016
0.02385
0.0826582
0.23343
0.0915459
0.0923314
0.0687717
0.0234775
-8.54664
-0.156769
-0.0719584
0.121502
-0.0410867
0.0216542
0.0309912
0.114579
0.0809817
0.0570737
-0.0196407
-0.0766886
0.177985
0.179889
0.0562756
0.017099
0.0541679
-0.158649
0.105197
0.0405232
0.0163539
-0.00927324
-0.129719
-0.0375073
0.0689403
0.0720427
0.13121
0.154925
0.151532
0.0142199
0.0261401
0.0689663
-0.0101114
0.0351163
-0.0855393
0.0987348
0.0726357
-0.00498961
0.00807061
-0.276158
-0.0352798
-0.00782643
-0.100049
-0.112094
1.78916
0.0613625
-0.0561529
-0.00739998
-0.0167211
-0.170542
0.0938246
-0.193195
0.0317646
-0.0101884
-0.119197
0.56296
-0.166424
-0.0303875
0.0117411
-0.0358082
-0.117019
-0.160175
-0.0976886
0.11208
-0.0930333
-0.316631
-0.876142
0.038851
-0.0177026
-0.0102749
-0.0171607
0.0462281
-0.339097
0.0658501
0.644257
0.0485428
-48.6615
0.0491947
0.518153
-0.0256723
-0.0655506
-0.107798
-0.240711
0.59106
0.00584285
0.141945
11.2004
0.0938339
0.153459
0.127894
0.0448982
0.022746
-0.0883045
1.36654
0.0955377
1.21526
0.139079
0.0956547
0.176472
0.255292
0.137247
0.0185141
-0.0362477
0.122768
0.0937096
-18.9039
0.635971
0.244189
0.141019
-0.00255754
0.0497067
0.123439
0.0501614
0.128085
-0.0618376
-0.0460134
-0.533143
0.0533492
0.105653
0.19434
0.064769
0.0989349
0.241565
-0.0575186
0.0270399
0.0678964
-0.126719
-0.263834
0.0682873
-0.0922872
0.0144023
-0.194383
-0.42632
0.585826
0.0745634
0.0291265
0.0323223
0.0108709
-0.0517962
0.153056
-0.0107146
-0.0528197
-0.0708872
0.233627
0.0148138
0.146641
0.00960153
0.0828279
-0.172491
-5.32856
-0.0563986
-0.0399168
0.023945
-0.0712503
-0.00909155
-0.239266
-0.0768298
0.00585861
0.0969971
-0.134721
0.598756
0.160848
0.0547624
0.00564479
-0.00665923
-0.091501
-0.11467
-0.186511
-0.260511
0.179923
0.0464204
-0.0276467
-0.378939
-0.0173913
0.0494886
-0.00144619
-0.00441793
-0.00858527
-0.516401
0.241464
0.77099
30.1172
0.14863
0.708058
-0.0887834
-0.0635617
-0.13171
-0.00414419
-0.157511
0.501372
0.316513
0.678928
-1.61394
0.0333921
0.0847039
0.00230488
-0.0701058
0.200093
-0.728546
-0.783583
0.223851
0.20439
0.00557151
0.0992089
0.0422581
0.413436
0.0445992
0.406363
-0.181403
-0.116804
0.189896
5.28356
0.213264
0.0537865
-0.00520069
0.451792
-0.0809618
0.0301075
0.0353712
0.039684
0.10541
0.186395
-1.33806
0.406022
0.0754745
-0.00347495
0.0963661
-0.0308575
-0.00757922
-0.327053
0.0171815
-0.27676
-0.130968
-0.893324
0.0596044
-0.0298133
0.0186146
-0.0609315
1.34443
0.836211
0.17169
-0.0647
0.0635414
-0.0181558
-1.24531
-0.00330068
-0.0723443
0.192264
-0.155583
-0.386099
-0.131142
-0.315908
-0.235591
0.148922
-0.14875
-0.298986
0.111822
0.0910406
-0.00754741
0.068689
-0.138186
-0.0819777
0.196671
0.0894372
0.129756
0.164224
-0.210182
-0.0714715
0.00365225
-0.0584494
0.0488035
-0.155237
-0.260777
-0.227484
-0.0710924
-0.355937
0.28287
0.717737
0.575092
0.0469627
-0.0127272
0.0493049
-0.00465326
0.0382291
-0.0292411
-0.734398
0.755839
124.315
0.222515
-2.07001
-0.0433277
-0.0192144
-0.106871
-0.0454742
-0.0059046
-0.144972
0.803826
0.427039
0.656419
16.2502
-0.371223
-0.631639
0.182994
-0.0424513
0.198841
-2.15914
2.10762
0.26763
0.622238
0.682908
0.562645
0.00764163
0.175645
-0.558769
0.147583
0.0829444
-0.437862
-2.94909
14.3825
2.02888
-0.261619
0.572001
0.0986964
0.335223
0.433689
-0.211633
0.300763
-0.370679
-0.431432
-0.846838
0.0287672
-0.0304973
0.229448
0.192942
0.706944
-0.823289
0.123277
0.11637
-0.486246
-0.235165
1.84615
0.180934
-0.107131
0.474769
0.0525354
0.0792709
0.472962
0.0142353
0.322371
0.941111
-0.840148
-1.31378
0.207776
-0.40614
0.463949
1.37107
0.847314
-0.165429
-0.185739
-0.0540008
0.474671
0.330049
-12.9219
-0.348226
0.048567
-0.245299
-0.0684958
-0.345405
0.245593
-1.15982
0.103647
0.0442805
-0.0159096
2.08488
-2.83023
0.048805
0.000825566
-0.448232
0.0651446
-0.17874
0.203795
-0.217013
0.0443625
-0.406846
1.1882
-3.29962
-0.0676114
-0.476168
-0.202897
-0.488729
0.346412
-0.224942
-0.633007
-0.661456
143.46
0.254334
-0.079421
-2.44506
0.521329
-0.48817
0.0354021
-0.398223
0.316357
-0.316179
1.01611
0.523407
0.368248
7.31134
1.4246
1.50423
-0.363256
-1.88066
-0.689573
1.79166
2.27306
0.288175
0.364665
0.0311008
1.21335
-0.516631
1.79401
1.08859
0.355632
-0.036526
3.31934
1.25655
16.8191
2.59704
0.97078
-1.60182
0.396467
0.9121
1.65966
-1.96674
1.6332
0.342529
-0.910151
1.7994
0.662422
-0.959514
0.112824
1.70167
-1.82308
1.64393
0.329036
-1.24962
0.711784
-1.83597
-1.14031
-0.472788
1.01807
0.609162
0.0277359
0.948964
-0.638012
0.0573266
-2.74384
-1.69213
-0.480446
2.50007
2.69997
1.66087
-2.01836
-0.838788
-1.955
-0.431282
-0.331586
0.82122
0.151318
-0.015356
3.65517
3.09716
1.08052
-1.68323
-0.0659029
0.611456
-1.06218
4.40357
0.0571831
-2.76186
1.20392
1.25339
0.650329
-0.590889
-3.0708
-0.230875
-0.909426
-2.03736
0.331533
1.74751
-0.113747
1.78701
0.376458
3.41062
2.32899
1.25944
-3.05706
-1.93689
0.976077
1.15987
-0.745745
0.903935
42.3667
0.289811
2.78834
0.0548512
2.31293
-1.40372
-2.69547
2.44489
-1.76939
0.86481
0.421641
7.25939
0.521928
0.366491
7.1893
0.748787
-0.408623
-1.60015
-0.291111
-0.82422
-0.373964
1.92244
0.287274
0.362852
-0.033107
0.0951031
-1.25548
0.0863117
-0.388121
1.633
1.27683
2.12984
-0.859889
15.9148
2.40941
-0.284948
-1.29734
-0.0254328
0.142872
2.98934
-0.838555
-0.851395
-0.618895
-0.209054
-1.84604
0.24694
-1.24361
-0.194527
0.288504
-0.270931
-0.187679
-1.39845
-3.0262
0.190628
-0.138253
-1.33834
0.304057
0.15698
-0.110483
-0.307256
1.38587
-1.26659
-1.88795
-0.11598
2.22413
-0.107356
-1.20396
-1.17857
0.00215381
-0.594682
0.304025
0.941675
-2.03621
-0.305603
2.21466
0.0531912
-1.14876
3.64298
-2.01014
0.844394
0.86531
0.174683
-2.47154
0.389121
3.0713
-0.178768
-2.73869
0.0236401
1.24887
-2.88336
0.31581
-0.534549
-0.475459
-0.00555966
5.3242
0.174728
0.682694
-0.471115
2.00643
0.375687
-0.465157
0.291789
0.398787
0.145673
2.01138
-0.210433
-3.81252
-0.936295
0.0986638
41.9436
0.288583
2.04337
0.231356
0.0933746
0.0397209
-0.215042
-3.97545
-0.529063
-0.475019
0.356276
0.965564
0.396108
0.454184
0.351662
6.46755
-1.22422
-1.95992
0.116867
0.126037
0.0854539
0.122714
-0.797762
0.27249
0.343632
-0.47146
0.0190844
0.13561
0.111479
0.191664
0.499882
2.94621
0.773445
0.0736839
13.5943
1.70038
-0.234466
-0.017536
0.0473896
0.220016
0.0408975
0.0630158
0.159036
0.267994
0.889075
0.379231
-1.37602
-0.199521
-0.248035
0.000648117
0.0957529
0.102391
0.145523
0.226246
-0.0272874
-0.0964641
0.197991
-2.22736
0.00583043
-0.127637
-0.00978488
-0.561602
-1.01506
0.131407
0.000544468
0.287697
0.108735
-0.0758696
0.110839
-0.168402
0.220767
-0.0615101
-0.0935009
0.0162722
-0.04949
0.111798
0.0597532
0.00591056
3.4294
-0.457662
-0.200823
-0.0367286
-0.235116
-0.30054
0.232139
-0.120924
-0.141328
0.0995986
-2.64915
1.19328
-0.038948
-0.178004
0.0409481
-0.0920792
0.0548413
-0.235655
-0.0833952
-0.211018
0.46215
-2.09585
0.362906
0.0585384
-0.349469
-0.304022
0.20506
0.00281267
-0.0573963
0.0618784
-0.610332
-1.8733
-55.2503
0.272551
0.589433
0.945529
-0.201197
-0.0460734
-0.147066
-0.501518
-2.26277
-2.34665
-0.646224
0.67959
0.352057
5.64411
0.295644
0.290162
-0.94523
-0.3243
-0.38628
-0.104683
-0.0545311
-0.00559516
-0.0253999
0.30394
0.2147
0.29937
-1.79373
0.0880146
-0.0158179
0.0133608
0.00294924
0.405835
0.890995
0.2808
0.11641
-10.801
0.557583
0.0488451
0.0888122
0.22116
0.0217373
0.198245
0.141751
0.00163652
0.0485226
0.0391158
0.0799541
-2.92303
-0.00912476
0.0417935
-0.148125
0.0787027
0.143527
0.107858
-0.075036
0.105578
0.113467
0.202614
-0.0519353
0.0363902
0.0836738
-0.0549234
-0.0172957
0.570388
-0.0899382
0.119436
0.0801695
-0.034912
0.204947
-0.0264309
-0.103021
-0.169914
-0.15802
-0.00023853
-0.38236
0.0172723
0.167245
0.0471011
-0.0941316
-1.80191
-0.169303
-0.12954
0.223465
-0.080615
-0.0749864
0.066219
0.107044
0.045648
-0.0109854
-0.162474
0.943732
-0.150431
0.0214276
0.00710698
-0.120884
-0.0854303
-0.0511898
-0.0846316
-0.00695851
-0.108833
0.754823
0.319443
-0.148323
-1.13965e-05
-0.268886
-0.239288
0.149772
-0.0462299
-0.148397
-0.12475
0.107895
104.652
0.245646
-0.527279
0.493118
0.352456
0.104924
0.0668012
-0.120186
-0.0885816
-0.306035
-2.89754
-0.668733
0.196617
-1.40903
0.448703
0.0241064
0.219198
14.9417
-0.352445
-0.0276072
-0.109188
-0.0578346
0.00723897
-0.0500889
-0.140894
0.175382
0.166431
-0.165274
0.0381819
0.0449358
0.132153
0.198048
0.214693
0.200372
0.186999
0.0737108
7.6399
-3.99642
0.253747
0.102976
-0.0142247
0.0909043
0.134379
0.02462
0.0352176
0.0801092
0.0263699
0.0177994
0.136169
0.00328071
0.148728
0.117165
-0.0143973
0.144673
-0.116376
-0.0297451
0.107175
-0.000993825
-0.0427167
-0.130699
-0.0133983
0.0626244
0.0194445
0.194383
-0.512358
-0.120132
0.101073
0.155357
0.112335
-0.0403022
0.052436
-0.000819573
0.0507788
0.0497413
-0.335254
0.171434
0.0851249
-0.0109059
-0.0506447
0.0465536
-0.478652
-0.119336
-0.121934
-0.108499
0.0401471
-0.104933
0.0098902
-0.0118152
0.0351404
-0.060618
-0.269528
0.863805
-0.224794
-0.0370714
0.0957601
0.00573442
-0.102121
-0.0148992
0.0160094
0.0322645
0.0676579
0.348822
0.21233
-0.245241
-0.114508
-0.0390431
-0.283941
-0.18801
0.098075
-0.0295558
0.143914
0.0016142
-107.329
0.220629
0.217213
0.0576343
0.448077
0.109851
0.211668
-0.0205243
-0.0851036
-0.111971
0.309716
-3.88495
0.0239009
-0.560935
-0.340722
0.220451
-0.220644
0.146536
-10.307
-0.181026
-0.175325
-0.0467701
-0.0459762
-0.0610123
-0.164375
0.289906
0.161664
1.22942
0.402512
0.0528699
0.0818259
0.167125
0.355884
0.185709
0.0743159
0.0283435
0.0891484
-23.6459
-0.473441
0.0579283
-0.0638783
0.0267543
0.0797236
0.114571
0.0153422
0.0469407
0.160507
0.156549
0.225922
0.179465
0.0736398
0.0784453
-0.0178089
0.0662187
0.0258763
-0.108351
-0.0506905
0.0189437
0.0470844
0.0242727
0.0307592
0.0282614
0.0235916
-0.0519288
0.192045
-0.572072
0.043468
0.0966825
0.0278635
0.0223743
0.0435177
0.0151801
0.0166314
-0.0669859
-0.00836832
0.284041
0.10401
0.0461477
0.0283682
0.0456568
-0.123478
0.261809
-0.0115681
0.0361088
0.041776
-0.0131499
-0.0795355
-0.0349478
0.0499041
0.0344642
0.000115379
0.149825
-0.651008
-0.217844
-0.0812708
-0.014063
0.00273394
-0.102035
-0.137723
0.031121
0.00883243
-0.0495924
-0.148617
0.492626
-0.0894189
-0.100769
-0.0288202
-0.100232
-0.262923
-0.0653174
-0.00997104
-0.0937417
-0.0856252
-11.5458
0.203273
-0.599979
-0.164152
0.0180731
0.23435
-0.0987788
0.331188
0.00189912
-0.14238
-0.930044
1.29898
-0.0090638
0.352231
-0.0157544
-0.19093
0.217122
-0.14437
0.183256
-3.06008
-0.218883
-0.0463324
-0.0519656
-0.032303
-0.0912902
-0.225203
-2.19908
0.208424
1.27845
0.439058
0.109697
0.199362
0.229278
0.14984
0.0918831
0.0828987
-0.0138177
0.0143604
-11.593
-0.390879
0.0619996
0.11429
0.122704
0.103996
0.0462251
0.155771
-0.0413666
0.00800873
-0.00255169
0.038407
-0.0359988
0.0483355
-0.0841782
-0.0519135
0.0807443
0.177635
-0.041651
0.103671
0.0539823
-0.00780146
0.09909
-0.0408026
0.179906
0.0371464
0.00144624
-0.403318
0.281334
0.0027471
-0.0375782
0.117196
0.0714309
-0.175441
0.0307871
-0.0368907
0.0175579
0.0214138
0.105199
-0.106821
0.125053
-0.0574648
-0.00688986
-0.0389374
0.390303
-0.0998543
0.0236724
0.0346843
0.0739029
-0.0698312
-0.268185
0.151946
0.150045
-0.0335672
-0.0614097
-0.84919
-0.118037
0.0630611
-0.061555
-0.00479565
-0.0350229
-0.0174159
-0.0746857
-0.00274622
-0.0246823
-0.0117628
0.462164
-0.00666334
-0.0533684
-0.00801301
-0.0027364
-0.139445
-0.260621
-0.193268
-0.0995263
-0.168205
-14.8997
0.234461
0.466429
-0.000272964
-0.146779
-0.0357504
0.0414598
0.0735735
0.436152
0.0442453
-0.0488563
-0.392789
0.189469
0.797255
-2.67407
0.126473
-0.0684138
0.167466
0.296315
0.231217
-2.08851
-0.133441
-0.112531
-0.0464515
-0.0770233
-0.0414864
-2.09499
0.940528
0.248731
-0.525298
0.143449
0.0677171
0.451473
0.229569
0.0475915
0.0874008
0.151086
0.00659533
-0.163931
7.67351
-0.252522
-0.0222452
0.178542
0.0332416
-0.0830243
0.3471
0.135497
-0.0129287
-0.0447682
0.057195
0.457278
0.0518668
0.0786398
-0.0233485
-0.077484
-0.0822709
-0.325741
0.132707
0.0859972
0.042568
0.0404506
-0.750963
0.109492
0.0998519
0.0635817
-0.0128441
-0.542973
0.0485542
0.0735456
0.0548341
0.100276
0.0507242
-0.274537
-0.127207
-0.0729373
0.114764
0.010292
-0.432447
-0.0846114
-0.271662
0.0689674
-0.0628899
-0.376825
2.9065
-0.0216135
0.010549
-0.0572188
0.0872311
-0.0388343
-0.600993
-0.0962079
0.108235
0.0492634
-0.0317068
0.363164
-0.188978
-0.0608602
0.0185327
-0.129836
-0.0674976
-0.0843812
-0.0391612
0.0258361
-0.0515941
-0.115714
0.00888277
-2.77679
0.0219825
-0.190864
-0.0773906
-0.00580463
-0.16211
-0.109458
-0.118084
0.00241674
39.0017
0.25902
-1.80784
-0.36768
-0.0970119
-0.105224
-0.000882207
-0.0579348
0.0120504
0.504268
0.0782443
-5.21672
0.315898
0.842249
0.129933
-4.25646
-0.45703
-0.284479
0.209707
0.431242
0.143038
-15.8938
0.0414164
-0.183752
-0.0313594
-0.11962
0.158198
-1.17659
1.65095
0.267374
0.485623
-0.185196
-0.227122
0.480167
0.36985
0.335602
-0.337256
0.060891
0.072443
-2.74825
12.3289
-0.0213899
0.363775
-0.215609
0.0783384
0.24602
0.0706185
0.396146
0.0917899
-0.429884
0.0731787
-0.810254
0.22571
0.000426357
0.0372164
0.159144
0.109529
-0.0319237
0.568222
0.208797
0.00280721
-0.0117245
-1.17108
-0.0652187
0.108773
0.18348
0.0890804
1.73288
-2.14404
0.204094
-0.134855
-0.259422
-0.0844244
-1.81137
-0.0423124
0.241824
-0.0369798
0.938993
-2.41871
0.101798
-0.591286
0.393027
0.149493
-0.383049
-1.19849
0.00294387
0.255469
0.039874
-0.113021
0.356483
0.0737082
-0.291767
-0.387441
0.220333
-0.613831
0.95568
0.34158
-0.101011
0.182632
-0.0137618
-0.0326496
-0.0265967
-0.19397
-0.181844
0.279755
-0.142101
-0.297424
-1.65842
-0.235469
-0.230836
-0.225665
-0.136513
0.178797
0.0981564
-0.0468289
0.130403
-77.7374
0.261873
-2.63525
0.300961
-0.0602597
0.0574546
-0.0599834
-0.24352
-0.337486
0.963653
0.529774
-1.957
0.339859
0.945444
0.945717
-2.22786
-0.436501
0.352169
-0.143489
0.278573
0.486236
0.165656
-3.34553
0.104312
-0.230828
-0.219335
-0.0767601
-0.993931
1.14757
2.1649
0.278496
0.614104
1.74868
-0.792657
-0.103971
1.29794
1.49681
-0.820702
0.490163
-0.191226
-0.152258
14.9502
-3.00657
0.380257
0.953426
0.423468
1.21195
0.0562664
0.223059
-0.726145
0.205337
-0.0769546
3.90573
-0.242009
-0.290514
0.135993
0.166686
-0.969268
-1.25699
1.02136
0.333606
-0.439706
-0.104364
0.438731
0.0838453
1.86153
-0.13291
-0.155549
0.186897
-1.70906
-1.29567
0.660039
0.596634
0.710168
0.580194
-0.259788
2.22261
-0.455923
-2.87854
-0.617572
-0.51445
-0.623475
0.269056
0.382326
-0.534857
0.299816
0.340256
-0.592825
0.293256
-0.0970693
-2.79419
-1.96018
-1.71845
-0.206594
-0.19681
1.18149
0.576025
-3.61122
-0.450589
-0.120827
0.174862
0.22625
-2.82957
-2.59288
0.0743059
3.18296
0.709861
-0.110535
-1.27321
-1.84453
-0.542665
0.113524
0.198559
-0.279644
-0.538562
-0.483059
-1.06925
-62.5634
0.271328
2.20471
-0.788314
-1.74426
-0.0822972
-0.105991
0.55109
0.10095
-0.63784
4.02096
5.93725
0.370568
1.02021
1.39189
4.63054
-1.04062
-2.008
-1.97128
-2.65544
0.7662
0.525006
0.368054
7.31246
1.10933
-1.1989
-1.66366
-1.74189
-0.585128
0.0694463
2.27409
0.288282
0.364665
0.0249353
-1.47645
1.03441
-0.455416
0.480909
-0.123345
-0.334313
1.3073
-2.28087
16.8219
2.43537
-1.64319
0.988971
1.67741
-2.22213
-1.51152
-1.50605
1.85178
-0.199476
2.36539
-0.73481
0.667677
1.91574
0.161952
-1.12711
0.221973
-0.57389
0.368062
-0.581313
1.26108
0.729667
-0.876926
-0.868691
0.203394
1.1536
0.826968
0.691711
-0.403105
0.190887
-1.55355
0.151786
1.6968
1.11296
-1.52355
0.240267
1.87683
0.563192
-0.529114
-0.00894924
0.755905
2.08641
-0.336234
-2.72626
3.6543
-0.721989
0.325848
0.793752
-0.147203
0.294757
-0.0268129
-1.95456
0.158853
2.95298
1.08061
1.25289
-0.309663
1.68843
1.16414
-1.99842
-1.05882
-1.77707
1.36411
-0.0205157
-1.45292
2.06305
0.376346
-0.961198
-1.38553
0.150992
0.77627
1.41642
0.638059
0.675516
2.62891
0.455157
42.5329
0.289818
2.74737
0.270617
-1.33246
1.97954
0.279314
1.31785
-1.87548
-0.214996
0.480092
1.00077
0.400407
1.0909
1.59907
-0.987006
-0.663077
-1.34365
-0.774641
-0.747034
2.77482
0.929782
0.524974
0.368327
7.31543
1.5822
1.78633
1.97961
5.47007
3.70427
2.75725
2.27449
0.28833
0.364734
0.0401726
1.72623
-0.0346573
-0.987354
-1.55972
-0.601522
-1.4323
-0.297366
1.28414
16.8346
2.67442
1.02957
0.752592
-1.12616
0.78327
-1.35204
2.18681
0.327197
-0.942168
-0.0688053
4.28834
0.729003
0.24383
-0.151915
1.08409
2.45675
1.87797
0.415139
0.295648
-2.24983
0.33696
5.20055
0.633536
-2.46416
-0.305805
1.24329
0.959459
4.17059
3.29732
1.62145
-2.52096
-0.26646
2.61322
0.643772
-7.19549
0.333203
2.81387
7.59127
3.26779
2.55097
-4.5159
-0.376893
0.51481
3.65626
0.477637
-4.78668
-1.65886
3.1
4.46273
4.00776
0.392129
0.0384327
1.48651
1.61737
1.25368
5.16718
-1.05193
-0.765409
0.0892944
2.26433
3.85463
0.179707
-3.0012
0.54817
2.82686
0.376549
6.95866
1.36969
-1.00431
-2.5141
-1.25809
-2.13156
-1.35747
-0.492166
1.02775
42.5546
0.289865
2.80181
0.510279
0.700714
0.0258849
-0.739849
-2.67751
1.80584
2.02601
0.529771
1.00306
0.400466
1.09046
1.89427
9.36455
4.83882
6.03745
6.28374
14.6501
2.82475
0.929975
0.556536
