0000000000000001000011000010001100011100011000110001100011110010000000111100000000011000000001100000000011000000001100000
0000000000000000110000000011001000001100110000111001100011111110000011111110000000011100000000100000000001000000000010000
0000000000000001100000000010000000000100000000010001000000100010000001111100000000001000000000010000000001100000000001000
0000000000000000001000000100010000011000100000110001000001110010000010111100001100011000000000010000000000100000000000000
0000000000000001100000000011000000000111100000001111000000011110000000111000000000010000000000100000000001000000000010000
0000000000000000001000000000010000000001100000100011000001000101000010001100000011110000000000100000000001000000000010000
0000000000000000011000000001111000001110110000111011000001111110000001111100000000111100000011100000001110000000010000000
0000000000000000001100000001111000000110100000011001000001100010000111111111001110001110000000011000000000110000000001100
0000000001000000000110000010001000000111110000001001000000110111000011111100000110110000001001100000000010000000000100000
0000000000000000000000000011000000001100010000010001000000100010000000111100000000010000000000100000000001000000000100000
0000000000000000001000000100010000011000100000110001000001110010000010111100001100011000000000010000000000100000000000000
0000000010000000001110000000011000000100110000011011000000100110000011111110001111111000000011000000000110000000001000000
0000000000000000001000000000110000001001100000010011000000100100000001111100000011110000000000100000000001000000000010000
0000000000000000001000000100010000010001000000100010000001000100000011111110000000110000000001100000000011000000000100000
0000000000000000000010000010000100001000010000010000100001100001000111100100001000111000000000110000000001000000000010000
0000000000000001000000000110010000001100100000010001000001101111100111111111000110011000000000100000000001000000000010000
0000000000000000000000000001100000000111001100011000110001100011000011001100000011110000000001000000000110000000001000000
0000000000000000000000000110010000001100110000110111100001111111000110000110000000001100000000011000000000100000000001000
0000000000000000000011000000000100000100010000001001100000010010000001111000001110110000000001000000000100000000000000000
0000000000000000100000000011000000001100011000011011110000111111000000111100000000110000000011000000000100000000010000000
0000000000000100000000011000000000110000011011000000110011111111100011111111000011110110000000001100000000000000000000000
0000000000000001100000000110011000011001100000100010000011001100000011111110000011111100000000110000000000100000000001100
0000000000000000000000000100011000001000100000010011000000110100000000111100000000110000000001000000000010000000000110000
0000000000000000000100000011001000000110110000011001100000110110000011111100000110110000000001100000000010000000000000000
0000000000000100000000001100100000011001100000010011000000111110000001111100000000001000000000011000000000011000000000010
0000000000000001000011000010001100011100011000110001100011110010000000111100000000011000000001100000000011000000001100000
0000000000000110000000000100001000011000011000110000110011111111100111111111000000000110000000001100000000011000000000110
0000000000000000000000000001100000000111001100011000110001100011000011001100000011110000000001000000000110000000001000000
0000000000000000000000000110010000001100110000110111100001111111000110000110000000001100000000011000000000100000000001000
0000000000000000000100000000010000011000100000100011000001100110000001111100000000010000000001100000000010000000000100000
0000000000000000001000000000110000001001100000110011100001111111000001111100000001111000000000110000000001100000000000000
0000000000000000000000000110001000011000110000100001100011000011100011111111000001111000000000110000000001100000000011000
0000000000000010000000000110110000001101110000010011000001111111000001111100000000011000000000110000000001100000000011000
0000000000000100001000001000110000010000100000100001000001100110000001111100000000101100000000011000000000010000000000100
0000000000000000000010000010000100001000010000010000100001100001000111100100001000111000000000110000000001000000000010000
0000000000000000000010000001101100000110011000011001100001110111000011111100000000110000000011100000000110000000011000000
0000000000000000011000000001110000000110100000011001000001110110010111111111101100111100000000110000000001100000000000000
0000000000000001001100000111011000001100110000111001100001111111000011111110000000011000000001110000000011100000000011000
0000000000000000001000000000110000001001100000010011000000100100000001111100000011110000000000100000000001000000000010000
0000000000000000000000000100010000001000100000110001000001111110000011111100000000001000000000010000000000100000000001000
0000000000000001000000000110010000001100100000010001000001101111100111111111000110011000000000100000000001000000000010000
0000000000000000010000000010100000000101000000001001000000011100000001101000000000010000000000100000000001000000000010000
0000000000000000000100000011001000000110110000011001100000110110000011111100000110110000000001100000000010000000000000000
0000000000000011001000000100010000001000100000010001000001110011000011111110001100001110000000011000000000110000000001100
0000000000000000110000000011001000001100110000111001100011111110000011111110000000011100000000100000000001000000000010000
0000000000000010000000000100001000001000110000010001000000110110000000111000000000110000000001000000000110000000001000000
0000000000000000000011000000000100000100011000011000100011111011000110111100000000011000000001100000000110000000001000000
0000000000000000000000000011000100001000011000110000100001101111000011111100000000001000000000100000000001000000000110000
0000000000000110000000000100001000011000011000110000110011111111100111111111000000000110000000001100000000011000000000110
0000000000000000010000010000100000110001100001100011000010000010000100001110001111100100000000001100000000001000000000010
0000000000000000000000000110010000001100110000110111100001111111000110000110000000001100000000011000000000100000000001000
0000000000000000010000000001100000000111000000001010000000100100100011011111000111111000000000100000000001000000000000000
0000000000000000000000000000011000001000110000110001000001000010000011111100000011011000000000010000000000100000000001000
0000000000000100000000011000000000110000011011000000110011111111100011111111000011110110000000001100000000000000000000000
0000000000000010001100000100010000010000100000100001000001000010000001000110000011111000000000011000000000100000000000000
0000000000000001000100000010001000001100010000011001100001111111000011111110000000011000000000110000000011000000000110000
0000000000000100000000001100100000011001100000010011000000111110000001111100000000001000000000011000000000011000000000010
0000000000000000001000000000010000000001100000100011000001000101000010001100000011110000000000100000000001000000000010000
0000000000000000011000000001111000001110110000111011000001111110000001111100000000111100000011100000001110000000010000000
0000000000000000100000000011010000001100100000010001000001100010000011111100000000011000000000110000000000100000000001000
0000000000000001100000000110011000011001100000100010000011001100000011111110000011111100000000110000000000100000000001100
0000000000000000100000000011010000001100100000010001000001100010000011111100000000011000000000110000000000100000000001000
0000000000000000010000001000100000011001000000111010000000111110000000011000000000010000000000100000000001100000000011000
0000000000000100000000011000000000110000011011000000110011111111100011111111000011110110000000001100000000000000000000000
0000000000000000000100000001011000000110110000011011000000111110000001111100000000110000000001100000000110000000001100000
0000000000000010001100000100010000010000100000100001000001000010000001000110000011111000000000011000000000100000000000000
0000000000000110000000000100001000011000011000110000110011111111100111111111000000000110000000001100000000011000000000110
0000000000000000000010000010000100001000010000010000100001100001000111100100001000111000000000110000000001000000000010000
0000000000000000000000000000010000001001100000010010000000111100000001111000000000100000000001000000000010000000000100000
0000000000000001000010000110000110001000001000110000010011000000101111111110001100001100000000010000000000100000000000000
0000000000000000000000000100011000001000100000010011000000110100000000111100000000110000000001000000000010000000000110000
0000000000000010000000000100010000001000100000010011000000111110000000000100000000001000000000010000000000100000000011000
0000000000000100000000001100100000011001100000010011000000111110000001111100000000001000000000011000000000011000000000010
0000000000000000011000000001110000000111100000011011000001100110110110111110001111011000000000110000000001100000000011000
0000000000000000000000000001100000000110100000111001000000111110000000111100000000011000000000100000000001000000000010000
0000000000000000000000000011000100001000011000110000100001101111000011111100000000001000000000100000000001000000000110000
0000000000000000001000000000110000000001100001100011000001111110000000111100000000001000000000010000000000100000000001100
0000000000000010000000000100010000001000100000010011000000111110000000000100000000001000000000010000000000100000000011000
0000000000000000000100000001011000000110110000011011000000111110000001111100000000110000000001100000000110000000001100000
0000000000000100001000001000110000010000100000100001000001100110000001111100000000101100000000011000000000010000000000100
0000000000001000001100011000011100110000111001110000110011100001100111100111000111111110001111111100000000011000000000000
0000000000000000001000000010010000000100100000011001000000111110000011111110000000110000000001100000000010000000001100000
0000000000000000011000000001110000000110100000011001000001110110010111111111101100111100000000110000000001100000000000000
0000000000000000001000000000110000001001100000010011000000100100000001111100000011110000000000100000000001000000000010000
0000000000000011000000000110000000001101000000110010000001101111000011111111000111011100000000110000000001100000000000000
0000000000000000010000001000100000011001000000111010000000111110000000011000000000010000000000100000000001100000000011000
0000000000000000001000000000110000000001100001100011000001111110000000111100000000001000000000010000000000100000000001100
0000000000000000000000000001000100000110011000111101100011111110000000001000000000110000000011000000001100000000010000000
0000000000000000000000000000010000001001100000010010000000111100000001111000000000100000000001000000000010000000000100000
0000000010000000000100000100011000001100110000110001000001111110000011111100000000011000000000110000000011000000000000000
0000000000000000110011000011001100001100010000110001100011100110000001111000000001111000000011000000001100000000011000000
0000000000000001100000000011000000000111100000001111000000011110000000111000000000010000000000100000000001000000000010000
0000000000000000000100000010011000001100110000011001000000111110000000011100000000010000000001100000000011000000001100000
0000000000000010000000000100011000011000110000110001100000100111000001111100000001111000000000100000000001000000000010000
0000000000000000000100000001001000000110110000001001000000100010000011111100000011111000000000110000000001000000000010000
0000000000000011000000000110000000001101000000110010000001101111000011111111000111011100000000110000000001100000000000000
0000000000000010000000000100010000001000100000010011000000111110000000000100000000001000000000010000000000100000000011000
0000000000000000010000000010100000000101000000001001000000011100000001101000000000010000000000100000000001000000000010000
0000000000000000000000000110010000001100110000110111100001111111000110000110000000001100000000011000000000100000000001000
0000000000000000000000000000000000000000000000000000000000000000000000000000000000000000000000000000000000000000000000000
1111111111111111111111111111111111111111111111111111111111111111111111111111111111111111111111111111111111111111111111111
