0000000000000000000000000000011100000000110000000110000000011110000000000010010000000100010000001000011111100000000000000
0000001000000000111000000111110000001101100000000110000000011110000000111100000000011000000100110000001111000000001000000
0000000000000000010000011111100000110011000000001111100000000001100000000001000000000011001100000100001100110000001111000
0000000000000000000000000000011100000000110000000110000000011110000000000010010000000100010000001000011111100000000000000
0000011000000011101000000000010000000001100000000110000000001110000000000100000100001100001100011000001111100000000100000
0000000000011111110000100000100000000001000000000110000000111100000011000110000000000110000000000100001000011000001111100
0000000000000001111110000000111100000000110000000011000000011100000000110000000000110000000001100000001110000011110000000
0000000000000011110000000000110000000001100000000110000000111110000000000110000000000100000000011000001001100000011110000
0000011000000001111100000000011000000001100000000111000000000110000000001100000000011000110000100001111111000000001000000
0001000000000001110000000000110000000011000000001100000000001100000000000100000000001100000000110000011111000000010000000
0000011100000001111100000000001000000001110000001111000000001110000000000110000000001100000000111000111111000000000000000
0001100000000111110000000110110000000011100000001110000000111000000000111000000000011000001000111000001111100000000110000
0000000000000000001000000000110000000011000000000110000000000100000000001000000000010000000001100000001110000000010000000
0000111100000000101100000000001100000000110000000111000000111111000000000110000000001100111111110000111110000000000000000
0000000000000000000100000011111000000000100000000110000000001100000000001000000000000000000000100000000010000001001000000
0000011000000001111000000111011000000000110000001111000000011110000000000100000000001000011001110000011111000000011000000
0000011000000001111000000111011000000000110000001111000000011110000000000100000000001000011001110000011111000000011000000
0000000000001111100000011111110000000001100000000111000001111100000001111100000000011000000010011000000111110000000111100
0000000000000011110000000000110000000001100000000110000000111110000000000110000000000100000000011000001001100000011110000
0001110000000111111100000000001100000000011000000111100000011111000000000011000000000110000000011001111111000000000000000
0000000000000000011100000011111000000000110000000011000000001100000000011000000000010000000001100000111111000001111000000
0000000000000001111000000000001000000000100000000100000000010000000000110000000000100000000000100000000001000000011100000
0000000000000001111000000111110000001111000000000111000000011111000000100010000000001100000100110000001111100000011100000
0000100000000111110000001111100000011111100000001111000000111111000001111110000000011100000111111000001111100000011100000
0000000000000111111100001111111000000001110000000111000000000111000000000110000000001100001000111000011111000000011100000
0000000000000000010000011111100000110011000000001111100000000001100000000001000000000011001100000100001100110000001111000
0000000000000000011100000011111000000000110000000011000000001100000000011000000000010000000001100000111111000001111000000
0000011100000001111100000000001000000001110000001111000000001110000000000110000000001100000000111000111111000000000000000
0000000000000011111000011111111000011101111000000111100000000111100000000011011000000111011000011100111111110000011111000
0000000000000001100000001111100000111111100000000110000000011100000000111100000000011100000000011000000001110000000111000
0000000000000111111100011000001100000000011000000011100000001111000100000011011000000010110000000100110000011000111111000
0000000000000000110000111111111101111000011000000001110000011111000011111111000100001100000000110000011111000000111000000
0000000000001111100000011111110000000001100000000111000001111100000001111100000000011000000010011000000111110000000111100
0000001000000001111100000100011000000001100000001111000000111111000000000111000000001110111001111000111111100000001000000
0000000000000001100000000011100000000011000000011111110000111001100000000011000000001100000011110000111000000000000000000
0000000000000001111000011111110000000001100000000111000001111111000011000110000000000110000000011000100111110001111110000
0000000000000011110000000000110000000001100000000110000000111110000000000110000000000100000000011000001001100000011110000
0000000000000111100000011001100000000001000000000010000000011110000000000100000000001000000000110000000011000000011110000
0000000000000001111000000111110000000101110000000111000000111110000001111100000000011000000011100000001110000000111000000
0000111000000011111000000100010000000001100000011110000000111110000000000110001000000110011000011100011111110000000000000
0000000000000001111000000000111000000000100000000110000000011000000000001000000000010000000001000000001100000011110000000
0000000000000111100000011001100000000001000000000010000000011110000000000100000000001000000000110000000011000000011110000
0000011000000001111100000000011000000001100000000111000000000110000000001100000000011000110000100001111111000000001000000
0001100000000111110000000110110000000011100000001110000000111000000000111000000000011000001000111000001111100000000110000
0000000000001111110000001001100000000011000000001100000000011110000000000110000000000110000000001100001001110000011110000
0000110000000110010000001000100000010001100000001111100000111100100001100001000000000010001000001100001111100000001100000
0000000000000111111100000000011000000011100000011100000000111110000000000111000000000110000000011101111111110000001000000
0001000000000011110000000001110000000011100000011110000000111100000000011100000000011000000000011000001111110000000110000
0000001110000001111110000111001100000000111000000011100000111110000000000100001000001100011000110000111111000000001100000
0000000000000000110000111111111101111000011000000001110000011111000011111111000100001100000000110000011111000000111000000
0000000000000000111000001110001000000000110000000011000000111110000000000110000000000010000000011000001111100011100000000
0000000000000011111000000111111100000000001000000111100000011111000000000011001000000100011100001000011111100000000100000
0001000000000001110000000000110000000011000000001100000000001100000000000100000000001100000000110000011111000000010000000
0000000000011000000000011111000000000011000000000110000001111100000000001110000000000110000000001100001111110000000000000
0000000000000001110000000111100000001001000000000010000000001100000000111100000000001000000010010000000101100000001110000
0000000000000000011100000111111000011000110000000011100000011110000000101100000000011000011000110000111011000000011100000
0000000000000000011100000011101000000000110000000111000000000110000000000100001100011000011001100000011110000000000000000
0000000000000000110000000000110000000011000000000100000000001100000000001100000000011000000000100000001111000000001000000
0000000000000011110000000000100000000011000000001110000000000110000000000100000000000100000000001000001011100000001100000
0000000000000011100000000001100000000001000000000110000000011110000001000110000000000100000000010000000001100000011110000
0000000000011111110000100000100000000001000000000110000000111100000011000110000000000110000000000100001000011000001111100
0000000000000000111100000111011000001000110000000111100000111001100000000010000000001100000000110000110111000001111000000
0000000110000011111110000100001100000000110000011111000000011110000000000100000000001000011111110000011111000000001100000
0000000000000000111100000110010000010010000000001000000001101111000111100001000000000010000000000100000000010000011111000
0000001110000001111110000111001100000000111000000011100000111110000000000100001000001100011000110000111111000000001100000
0000000000001111100000011111110000000001100000000111000001111100000001111100000000011000000010011000000111110000000111100
0000000000000111100000001111100000000001000000001110000000011110000000000110000000000100000000011000001011100000001110000
0000111100000000101100000000001100000000110000000111000000111111000000000110000000001100111111110000111110000000000000000
0000111100000000101100000000001100000000110000000111000000111111000000000110000000001100111111110000111110000000000000000
0000000000000001111000000000001000000000100000000100000000010000000000110000000000100000000000100000000001000000011100000
0000000000000010000000000100000000001111100000001101000000000110000000011000000001110000000000010000000000100000000001000
0000000000000000001000000000110000000011000000000110000000000100000000001000000000010000000001100000001110000000010000000
0000000000000001000000011111110000000001110000000111000001111100000000001100000000001100000000011000000000110000010111000
0000000000000000110000000001100000000111100000000010000000000100000000000100000000001000000000110000001111000000001100000
0000000000001111110000001001100000000011000000001100000000011110000000000110000000000110000000001100001001110000011110000
0000000000000000001000000000110000000011000000000110000000000100000000001000000000010000000001100000001110000000010000000
0000000000000001111000011111110000000001100000000111000001111111000011000110000000000110000000011000100111110001111110000
0000111100000000101100000000001100000000110000000111000000111111000000000110000000001100111111110000111110000000000000000
0000100000000111110000001111100000011111100000001111000000111111000001111110000000011100000111111000001111100000011100000
0000000000000001111000011111110000000001100000000111000001111111000011000110000000000110000000011000100111110001111110000
0000000000000001111000000100010000000001000000001100000000111110000000000110000000000100001000010000100001100000111100000
0000100000000011100000000111110000000111110000001111100000011111000000000110000110001100001111111000011111100000000000000
0000000000000011111000000000011000000000100000001111010000111110000000000100000000001000001000110100011111000000011100000
0001000000000011110000000001110000000011100000011110000000111100000000011100000000011000000000011000001111110000000110000
0000000000000011110000000000100000000011000000001110000000000110000000000100000000000100000000001000001011100000001100000
0000111000000011111000000000010000000001100000001110000000010110000000000100000000001000001000110000011111000000011000000
0000000000000001000000011111110000000001110000000111000001111100000000001100000000001100000000011000000000110000010111000
0000000000000001111000000011110000000001100000000110000000001110000000000110000100001100001000110000011111000000001000000
0000000000000001111000000100010000000001000000001100000000111110000000000110000000000100001000010000100001100000111100000
0000000000000011111100001111011000000000010000000001100000001111000000111000000001110000001001100000111111000000111100000
0000000000000000110000001111110000011111110000100111100000111110000001111111000001001110000000111100000111110000001110000
0000000111000000011110000000001000000000010000001111100000000011000110000010011111001100011111110000001110000000000000000
0000011000000001111100000000011000000001100000000111000000000110000000001100000000011000110000100001111111000000001000000
0000000000000000111000001110001000000000110000000011000000111110000000000110000000000010000000011000001111100011100000000
0000000000000001110000000010010000000000100000000011000000011100000000110000000000010000000000110000000111000000111100000
0000011000000001111100000000011000000001100000000111000000000110000000001100000000011000110000100001111111000000001000000
0000000000000111100000001111100000000001000000001110000000011110000000000110000000000100000000011000001011100000001110000
0000000000000011111000000000011000000000100000001111010000111110000000000100000000001000001000110100011111000000011100000
0000000000000000110000111111111101111000011000000001110000011111000011111111000100001100000000110000011111000000111000000
0000000000000000000000000000000000000000000000000000000000000000000000000000000000000000000000000000000000000000000000000
1111111111111111111111111111111111111111111111111111111111111111111111111111111111111111111111111111111111111111111111111
