0000000000000000000000000111110000001111000000011000000000011100000000001100000000001000000000110000000011000000011100000
0000001100000000011100000001000000000110000000001111100000010001000000000010000000001100010001110000111110000000000000000
0000000001000000001110000000111000000111000000011111000000100010000000000100000000011000010001100000111110000000110000000
0000000000000000101110000011111100000111100000001000000000111100000000111100000000011000001101110000011111000000011000000
0000000000000000000000000000011110000011100000001100000000111000000011111000001100011000001111100000000000000000000000000
0000000000000000000000000011111110000111100000011000000000110000000001111000000000110000000001000000111110000000000000000
0000000000000000000011000111111110001110000000011000000001111000000000011000000000010000011000110000111111000000000000000
0000000000000000011110000011000000001000000000100000000001000000000001111000000000001000000000010000000100100000001110000
0000000000000000000000000000000000000010011100001111100000110000000000111000001111110000000000000000000000000000000000000
0000000010000001111100000010000000001111100000011111100001100001000000000010000000001100000000110000111110000001100000000
0000000000000000000111000000111100001111100000111100000001111000000001111100000000111000000000110000000111100000011100000
0000011000000001111100000010000000001100000000011110000000011110000000000110000000001100000000110000011111000000001000000
0000001100000000011100000001000000000110000000001111100000010001000000000010000000001100010001110000111110000000000000000
0000000000000001101111000111111110011111000001110000000001111000000000111100000000011100000100001100001111110000011111000
0000000000000000111110000010000000000100000000010000000001111000000010001000000000001000000000010000010001100000011100000
0000000000000000100000000111111100011001111000111000000001111100000011000100000110001000000000010000000000110000001111000
0000000000000001111000000010011110001100000000010000000000100000000011100000000011110000000000110000010111000000011000000
0000000000000000111110000011100000001100000000011000000001100000000001111000000001111000000010011000000011110000000011000
0000000000000000000000000011111110000110111100011100000000111100000001111100000000001100011000111000111111100000000000000
0000000000000000111110000011100000001100000000011000000001100000000001111000000001111000000010011000000011110000000011000
0000100000000001000000000010000000001111111000011000000000110000000000110000000000110000000010110000000111100000000010000
0000000000000000111001000011111110000110000000011000000000111110000001100100000000001100000000010000110011100000111100000
0000000000000000001110000011111110000100000000011000000000110000000011111100000100001000000000010000011111100000001100000
0000001100000000011100000001000000000110000000001111100000010001000000000010000000001100010001110000111110000000000000000
0000000000000000000010000000111000001111000000010000000000100000000001100000000001100000000000000000000001000000001100000
0000000000000000000011000001111110000111000000001100000000111100000000011000000000110000011111100000011110000000110000000
0000111100000011110000000100000000001000000000010000000000111111000000000010000000001100000000111000001111100000011100000
0000000000000000111001000011111110000110000000011000000000111110000001100100000000001100000000010000110011100000111100000
0000001100000001111110001110001100011110000000111111000000001111000000000111001100000110011000011100111111110000000000000
0000100000000001000000000010000000001111111000011000000000110000000000110000000000110000000010110000000111100000000010000
0000000000000000000000000000111110000111100000001000000000011000000000011000000100100000001011000000011100000000000000000
0000000000000011110000000111111100001000000000111111000001110111000000000011000000001110000011110000011110000001100000000
0000000000000000000011000111111110001110000000011000000001111000000000011000000000010000011000110000111111000000000000000
0000000000000000110000001111111100111111111000110000000001111100000011111111000001111110000000001100000011111000001111100
0000000000000000111110000010000000000100000000010000000001111000000010001000000000001000000000010000010001100000011100000
0000000000000000000000000011110000000111111100011000000000111110000000000100000000011000000001100000011100000000110000000
0000000000000000000000000000000000000000011100000011000000001000000000010000001001000000001110000000000000000000000000000
0000000010000001111100000010000000001111100000011111100001100001000000000010000000001100000000110000111110000001100000000
0000000000000001101111000111111110011111000001110000000001111000000000111100000000011100000100001100001111110000011111000
0000000000000000111110000010000000000100000000010000000001111000000010001000000000001000000000010000010001100000011100000
0000111100000011110000000100000000001000000000010000000000111111000000000010000000001100000000111000001111100000011100000
0000000000000000000001000000111110000001000000001000000001110000000011111000000000011000001100110000011111000000000000000
0000000000000000000000000000000000000010111100001001110000111100000000001000000000100000011011000000011100000000000000000
0000000000000000000000000011111110000100000000010000000001111100000000000100000000001000001001100000011110000000000000000
0000000000000000001111000011111110011110000000110000000001110000000000111000000000011000000000011000011111100000111110000
0000000010000001111100000010000000001111100000011111100001100001000000000010000000001100000000110000111110000001100000000
0000000000000000001110000111111110000111000000001100000000011000000000110000000000111000000000110000011111100000000000000
0000000000000000000000000000111110000011111000001100000000011100000000001100001110111000001111100000000000000000000000000
0000000110000001111100000111100000011100000000111111100000111111100000000011000000001100000011110001111110000001100000000
0000000000000000011111000111111110001100000000110010000001111110000000001110000000001100001000111000111011100000111110000
0000000000000000001111000011111000000110000000001000000000110000000000111000000000011000011000110000011111000000001100000
0000000000000000011000011111100000011000000000011000000000011100000000011100000000001100000000011000000001100000001110000
0000000000000000000000000011000110011001110000110000000000011100000000000100000000001000000100110000010011000000111000000
0000000000000000110000000111100000001100000000011100000000011000000000001000000000011000000000110000000001100000001100000
0000000000000001111000000010011110001100000000010000000000100000000011100000000011110000000000110000010111000000011000000
0000000000000000111110000010110000001000000000011111000000000001000000000010001000000100011000001000011111110000000100000
0000000000000001111111000111111100001000000000010000000001111110000011111100000000000100001000001000011111110000011110000
0000100000000001000000000010000000001111111000011000000000110000000000110000000000110000000010110000000111100000000010000
0000000000000000111110000010000000000100000000010000000001111000000010001000000000001000000000010000010001100000011100000
0000000000000000000011000001111000000110000000011110000001110110000100000110001100001000001100110000000111000000000000000
0000000000000011111110001100000100011000000000111111000011110111000000000010000000000110000000001100011011110000001111000
0000000100000001111000000111000000011110000000111111000001100011000001000011000010000010000110000100000111111000000000000
0000000001000000001110000000111000000111000000011111000000100010000000000100000000011000010001100000111110000000110000000
0000000000000000110000000111100000001100000000011100000000011000000000001000000000011000000000110000000001100000001100000
0000000000000000100000000111111100011001111000111000000001111100000011000100000110001000000000010000000000110000001111000
0000000000000000011000011111100000011000000000011000000000011100000000011100000000001100000000011000000001100000001110000
0000000000000011111000000111110000001111000000011111000000110111000000000110000000001100000000010000011111100000011110000
0000000000000000001110000111111110000111000000001100000000011000000000110000000000111000000000110000011111100000000000000
0000000000000000001111000011110000000110000000011000000000100000000001110000000000010000000000100000000111000000111000000
0000000000000000011110000001110000000100000000001100000000001100000000001000001000011000011111100000000000000000000000000
0000000000000000111110000010110000001000000000011111000000000001000000000010001000000100011000001000011111110000000100000
0000000000000000001111000011111110011110000000110000000001110000000000111000000000011000000000011000011111100000111110000
0000000000000000000000001111111100011111110000010000000000111000000000111000000000011000000000110000000111100000011100000
0000100000000001000000000010000000001111111000011000000000110000000000110000000000110000000010110000000111100000000010000
0000000000000111111000001110100000011100000000011100000000111111100000100011000000001111000001111000011111000000011100000
0000001000000000111100000001000000000110000000001111000000000110000000000100000000011000000111100000011110000000000000000
0000000000000000001111000011110000000110000000011000000000100000000001110000000000010000000000100000000111000000111000000
0000000000000000111110000011111110001100000000110100000011111110000000000110000000000100000000001000001111110000001110000
0000000000000000110000000111111110001111111100011111000001111000000111111000000101110000001111100000011110000000011000000
0000000000000000000011000001111100000110000000011100000000001100000000001000001000010000011000100000011111000000001000000
0000000001000000111110000011110000001110000000011111000000000010000000000110000000001000011000110000111111000000001000000
0000000000000000000000000000111110011111111000100000000001111100000000001100000000001000000000110000000011000000111100000
0000000000000000101110000011111100000111100000001000000000111100000000111100000000011000001101110000011111000000011000000
0000000000000000111110000011111110001100000000110100000011111110000000000110000000000100000000001000001111110000001110000
0000111100000011110000000100000000001000000000010000000000111111000000000010000000001100000000111000001111100000011100000
0000000000000001101111000111111110011111000001110000000001111000000000111100000000011100000100001100001111110000011111000
0000000000000000111100001111111100011100000000111000000001111110000011111110000000001100001000111000011111100000011110000
0000000000000001111000000110110000001110000000000110000000000011000000000010000000000100000100011000001111100000001110000
0000000000000001111000000111110000001111000000011111000000010111000000000110000000001100000000111000001111100000011110000
0000000000000000000010000000111000001111000000010000000000100000000001100000000001100000000000000000000001000000001100000
0000000000000001110000000010000000000100000000001110000000010010000000000100000000001000000000010000000001100000001100000
0000111100000011110000000100000000001000000000010000000000111111000000000010000000001100000000111000001111100000011100000
0000000000000001100000000011110000001100000000011011100000111001000000100010000000000100000000001000000000100000011110000
0000000000000000000000000000000000000010011100001111100000110000000000111000001111110000000000000000000000000000000000000
0000000000000000011110000011111100001111000000111000000001100000000011111000000011111000000000111000000111100000001110000
0000000000000000000001000011001110000110111000001100000000011000000000110000000000100000001111000000011110000000011000000
0000000000000000111110000010110000001000000000011111000000000001000000000010001000000100011000001000011111110000000100000
0000000000000000000011000001111110000111000000001100000000111100000000011000000000110000011111100000011110000000110000000
0000000000000000000000000000011110000011000000010000000001100000000000110000000000100000000001000000001100000000100000000
0000000000000000000000000000000000000000000000000000000000000000000000000000000000000000000000000000000000000000000000000
1111111111111111111111111111111111111111111111111111111111111111111111111111111111111111111111111111111111111111111111111
