0000000010000000001100000000111100000011111000001110110000110001100011000110000110011100011011110000111110000000010000000
0000000000000000001110000001111100000111011000011100110001110011000011001110001111111000011111100000001110000000010000000
0000000000000111000000001001111000100000001001000000011010000000010110000000100100000001000110000100000111110000000000000
0000000000000001110000000111110000001100110000110001100001100011000011000110000110011100000100110000001111100000001110000
0000001100000000111100000011101000000110010000011000100000100001000011000010000110001100001111110000001111100000000000000
0000000000000001111100000111111100011011001101100110001011000000010100000000101100000011011000011100111111110000111100000
0000000000000011111000000111111000011100111000111001110001100001100011000011000111001110000111011100001111110000001111000
0000000010000000011100000001111000000111010000001100100000110011000011000110000110011000011011100000111110000000110000000
0000000000000000000000000000111100000111101100011110011001110000110011000001101110000110011111111000110010000000000000000
0000000000000000001111000000111110000111001100011100110000110011000011001110000110011000001011100000111110000000110000000
0000000000000011100000000111110000001000110000010000110000100000100001000001000010000010000100000100001100010000001111000
0000001100000000111100000011101000001100010000111000110001100001100110000010001100001100011000110000011111000000011000000
0000000000000001111000000011111000000111111000011110110001110001100011100011000110001100001100111000011111100000011100000
0000000000000001111000000111110000001101110000110001100001100001100011000011000110000110001100011000001100110000001110000
0000010000000001111100000010111100001100011000010000010001100001100010000011000100001100001000110000011111000000010000000
0000011000000001111000000110011000001000010000110000110001100001100011000011000110000100000110011000000111100000000000000
0000000000000000000100000001111100000111001100011000001001100000110110000011001100001100011111100000011100000000000000000
0000000100000001111100000110011000011000010000100000110011000000100100000001001000000110010000111000111111100000011000000
0000000000000011111000000111111000011000011100110000011011000000110110000001101100000110011100111000011111100000011100000
0000010000000000111000000000011000001000011000110000010001000000100110000011001000001100010000110000011110000000000000000
0000010000000001111000000111111000011000111000100001110011000001110110000011101110000010001111111000011111100000000000000
0000001100000000111000000111000100011000001101100000011010000000111100000001001000000110011111111000011111000000000000000
0000001000000000011000000001111000000110010000001000110000110001000001000110000110001100001101110000011111000000011000000
0000000000000000000100000011111100001111111100111000011011100000110110000111001100111100011111110000011100000000000000000
0000011000000001111000000111111100011101101100110010011011100000110110000001101100001110011001111000011111000000000000000
0000000000000000000000000011111100001111111100111100011011110000110110000011101100011110011111111000001111000000000000000
0000010000000011110000000111111000001111110000111000110001100000100011000011000110001110001111111000001111100000001110000
0000000000000000000000000011111000010111111001100000010010000000110100000011001111111100000111000000000000000000000000000
0000010000000000110000000011111000001111111000011111110001110001110111000111001100011100011111110000111111000000011100000
0000000000000000011111000001111110000110011000011000110001110011100011001100001110110000011111000000111100000000100000000
0000001000000000111000000011111000000111011000011000110001110001100011000011001100011100011011110000111111000000010000000
0000000000000000011000000001111000000010010000001000100000100001000001000100000100001000001000100000011110000000010000000
0000000000000000110000000111110000011111110000111001110001110001100011000011000110000110001100011000001111110000011110000
0000000000000000001110000000111100000111111000011110110001110011000111001110001100011000010011100000111110000001110000000
0000000000000000001100000000110110000111001100011000011001100000100110000011001000001100110111110000111110000000000000000
0001100000000111110000011111110000111000100000100000100001100001100011000001000011000010000111111100000111111000000010000
0000000000000000011100000000111100000011011000001100110000110001000001000110000110011000001001100000011110000000010000000
0000000000000001111000000111111100011111001000111000011011100000110110000011101100011111001111111100001111100000000000000
0000000000000001111000000111111000001100011000110000010001000000100010000001000100000110001100111000011111100000000000000
0000000000000000110000000011110000000111100000001001000000110010000001000100000010011000000100100000001111000000001000000
0000000000000000011100000011111100001111111000111001110011100001100110000011001100000110011000011000111111100001111100000
0000001100000001111100000110001100001000001000010000010000100000100011000011000100000100001000111000011111100000011100000
0000000000000000100000000111100000011000110001100000110011000000110110000001100110000011000111111100000000000000000000000
0000000000000000111100000011111100001110011100111000011011100000100110000011001100000110011100011000111111110000011110000
0000000000000000011100000001111000000111010000001101100000110010000001001100000110110000001011100000011110000000010000000
0000000000000011111000000111110000001100110000010001100000100001000001000010000010000100000100011000001111100000001110000
0000000000000001110000000011110000001110110000110000110001100001100011000001000110000010001100001000001111110000001110000
0000100000000010110000001000110000010000110000100000100001000000100010000001000010000110000100001000000110100000000110000
0000000000000000111100000011111100001110001000110100011011100000110110000001101100000011011111111100011111110000000000000
0000000000000000000000001000111100110000001101000000001010000000010110000011001111001100000111100000000000000000000000000
0000000000000001000000000111110000011111110000110001110001100001100011000011000110000100000110011000001111100000001110000
0000000000000000110000000111111000011111111101100000110011000001100110000011001100000110001111111100001111100000000000000
0001100000000011000000001101100000011011100000110011100001100011000001100011000011001110000111111000000011100000000000000
0000000000000000111110000011100110000111001100011000011001100000110110000011001100001110011001111000111111000000111000000
0000000000000001111100000110011100011000001001100000011011000000110100000001101000000111001100011100001111100000000000000
0000000000000001110000000100011000001000011000010000010000100000100001000001000010000100000100010000001001000000011100000
0000000000000000111000000011111000001110110000011000100000110001000011000010000110001100000100111000001111000000011100000
0000000000000000111100000011111100001111111000011101110001110011100011001110000110011000011111110000011111000000111000000
0000000000000000111000000011111000000110011000011000110000100001100011000011000110001100001101110000011111000000000000000
0000100000000001111000000110111000001100110000010000110001100001000011000011000110001100001111111000011111100000001000000
0000000000000000111000000011110000000111100000011011000000110010000001000100000010011000000110110000000111000000000100000
0000000000000001111000000111111000011110010000111000110001110000100011100001000110000010000100001100001100111000000111000
0000000000000000011110000011111100001110001000111000110001110001000011100110000110011000001101100000011111000000111000000
0000000000000011110000001111111000011100001001100000011011000000010100000001101000000111011111111000011111000000000000000
0000000000000000101110000111100110001110000100111000001001000000010110000000101100000011011000000100010000110000011110000
0000000000000010110000000111010000010000010000100000010001000000100011000000000010000001000100000100000100010000000111000
0000000000000000110000000011111000001110110000011001100001100011000011000110000110011000001111110000001110000000000000000
0000001000000011111000001100001000010000011001100000010010000000100100000001001000000110011000011000011111100000000100000
0000000100000000001100000011111000001110011000111000010001100001100110000011001000001100010001110000111110000000110000000
0000000000000001110000000111110000001101100000110001100001100001000011000010000110000110000110011000000111110000000110000
0000000000000000111100000001101100000110001000111000010001100000100110000011011000001100011111110000011110000000000000000
0000000000000000001100000001111100000110001100011000010001100000100110000011001000011100010111100000011100000000000000000
0000000000000111110000001110111000011000011000110000011001000000010010000000100110000001000111000110000111111000000000000
0000000000000000111000000110011000011000010000100000110011000000100110000001100100000010001100001100001111110000000100000
0000000000000000000010000001100100000110001000011000010001100000100110000010001000011000011111000000000000000000000000000
0000000000000000111000000011101100001100001100110000001011000000010100000001101000000110010000011000100001100000111100000
0000000000000001111000000110001000011000010000100000100011000001100100000011001000000100011000011000011111100000001100000
0000000100000000111100000011111100001101011000011000010001100001100011000011000110011100001111110000011111000000010000000
0000000000000000001100000000111000000011110000001101100000010011000001100100000010011000001101100000001110000000011000000
0000000000000000001100000001111100000111011000001000110000110001100001000010000110001000001100110000011111000000011100000
0000000100000000011100000011111000001111011000110000110001100001000010000110001100011000011011100000011110000000010000000
0000000000000000001110000000110110001111000100110000001011000000110100000001001000001110011111110000011110000000000000000
0000010000000010111000001100011000010000010000100000010001000000100010000001000010000010000100001000000111110000000110000
0000000000000000111100000001111100000110001000011000110000110001100011000110000110011100001101110000011111000000000000000
0000110000000111111100001000001100010000001001100000001011000000010110000000100100000011001100001100001111110000000100000
0000000000000001111000000110010000001000010000010000100000100001000011000110000110001100000100110000001111000000001100000
0000000000000011111000001110001100011000001000100000011011000000110110000000101100000011001100000110001111111000000111100
0000000011000000001010000000100100000010001000001100010000110001100011000110000100011000011011100000011100000000000000000
0000000000000000100000001111110000111111111001111000111011100000110110000011101110111110001111111000000111000000000000000
0000011000000001110000000100110000011000100000100000100011000001000010000010000100000100000100001000000110110000000111000
0000010000000000111000000010010000000100110000011000100000100001000001000110000010001000000110110000001111000000001100000
0000000110000000111110000011100100001110001100111000011011100001100110000011001100011100011111110000011111000000000000000
0000000000000000001100000000111100000011110000001101100000110011000001100100000110011000001101100000011110000000010000000
0000000001000000000110000000111100000011111000001111110000111011000011101110001110111000011111110000111110000000110000000
0000011000000001111100000010001000001100010000011000010001110001100011100010000111000100000010010000000111100000000100000
0000000010000000011100000001100000000100000000010000010001000000000010000010001000000100011000010000011110000000000000000
0000000010000000001110000000100100000011011000001100100000110001000011100110000100001000001000100000011110000000010000000
0000000100000000011100000000001100000010011000001000110000100001100011000110000100001000001001100000011110000000010000000
0000000110000000011000000000100000000010010000001000100000110001000011000100000100011000001001011000011100000000000000000
