0000000000000000000000000111110000001000100000110001000000111110000000111100000000011000000000110000000001100000000010000
0000000000000000000000000011111100001111111000111000000001100111000011111110000011111100000000110000000011000000001100000
0000000000000000010000000011110000001101011000110001100011000011000110001100000111111000000000110000000001100000000011000
0000000000000000000000000000110000001111110000111111100001100110000001111100000000110000000001000000000100000000011000000
0000000000000000000100000001111000000111110000011101100000110110000001111100000011110000000001100000000110000000001100000
0000000000000000000000001111100000110111100001000001100011000001100011111110000000001100000000010000000001100000000110000
0000000000000000001000000001111000001110110000010001100001000110000011111100000011110000000001100000000010000000001100000
0000000000000000000000000011100000001000110000010001000000110110000000111100000000010000000000100000000001000000000010000
0000000000000000000000000001110000000111000000011010000000111100000000111000000000110000000001000000000010000000000100000
0000000000000000000000000011110000001101110000011111100000011011000000001100000000011000000001100000000110000000011000000
0000000000000000000000000001110000001111100000011011000000111110000000111000000000010000000000100000000001000000000010000
0000000000000000010000000011011000001100110000110001100001000011000010000100000011110000000000100000000001000000000001000
0000000000000000000000000110010000110000000001000000010010000000100100000010000111111100000000001000000000010000000001000
0000000000000000000000000011110000001101110000011111100000011011000000001100000000011000000001100000000110000000011000000
0000000000000000000000000011111100001111111000111000000001100111000011111110000011111100000000110000000011000000001100000
0000000000000000000000000011100000001001000000010010000000100110000001111100000001111000000000010000000000100000000001000
0000000000000000000000000011111000001100001000010001100001100110000001111100000000010000000001100000000010000000001000000
0000000000000001000000000100000000001000100000000011000000001100000000001000000000010000000000100000000001000000000000000
0000000000000000110000000011010000000100100000001110000000001110000000001000000000110000000011000000000110000000011000000
0000000000000000010000000011110000001101011000110001100011000011000110001100000111111000000000110000000001100000000011000
0000000000000000010000000011110000001100110000010001100000111110000000111100000000110000000001100000000110000000001100000
0000000000000000011000000001001000000100010000010001000000111100000000001000000000100000000001000000000100000000010000000
0000000000000000010000000011110000001100110000110011100001101110000011111100000000010000000001100000000011000000001100000
0000000000000000000100000001111100000110011000001001100000011100000000011000000001100000000110000000001000000000110000000
0000000000000001000000001111100000011111110001111111100011101111000011111110000011111100000000011000000001110000000001100
0000000000000000001000000001111000000110010000011001100001100111000001111100000000110000000001100000000110000000001100000
0000000000000000011000000011110000001100110000011011100001100110000011001100000111110000000111100000000001000000000110000
0000000000000000100000000111110000001001100000100011000001111100000001111000000000010000000000100000000001000000000011100
0000000000000000000000000001110000000111000000011010000000111100000000111000000000110000000001000000000010000000000100000
0000000000000000001100000001111000001100111000110011100000111110000000011000000000110000000011000000001100000000110000000
0000000000000000000000000011110000011100100001000010000110000001100111111111100010000011000000000100000000011000000000100
0000000000000000100000000011110000001100100000010001000000100010000001001100000011110000000010100000000001000000000010000
0000000000000000000000000001110000000111110000011011000000111110000001101100000000010000000000100000000011000000000110000
0000000000000000010000000011110000000100110000011001000000101110000001111000000010110000000001000000000110000000011000000
0000000000000000010000000001110000000111000000011011000000111110000001111100000000010000000000100000000001000000000110000
0000000000000000011000000011111000001100000000010001000000111110000000011000000000010000000001100000000010000000001100000
0000000000000000111000000111001100011000011000111000100000011110000000001100000000110000000011000000001100000000110000000
0000000000000001000000000111100000001001100000110011000000111110000000111100000000001000000000110000000001100000000011000
0000000000000000000000000011110000000100010000011000110000100011000001111100000000110000000011000000000100000000001000000
0000000000000000001000000000111000000010110000001011100000100111000001011100000011110000000001000000000110000000001000000
0000000000000000000000000001100000000100000000001011000000100100000001111000000000010000000000100000000001000000000000000
0000000000000000000000000000111100001111001100110000111011111111000000001100000000110000000011000000001100000000110000000
0000000000000000001110000001111000000111100000011111000000111110000011111100000000110000000011000000001110000000011000000
0000000000000000100000000010100000001000100000010001000000100010000001001100000001111000000000010000000000100000000001000
0000000000000000000000000011110000001101100000010110000000111100000000001000000000010000000000100000000001000000000010000
0000000000000000010000000011100000001101100000010011000000110110000000111000000000010000000000100000000001100000000011000
0000000000000000000000000011000000001101000000010011000000111100000001111000000000011000000000110000000001100000000011000
0000000000000000000000000001110000000100000000010001000000101110000000100100000000011000000000100000000001000000000110000
0000000000000000010000000011110000000111100000011010000000111100000001111000000000110000000001100000000011000000000011000
0000000000000000111000000111001100011000011000111000100000011110000000001100000000110000000011000000001100000000110000000
0000000000000000110000000111100000011100000000110001100001100111000011111110000001001100000000110000000001100000000011000
0000000000000000100000000111110000011000100000111011000000111110000001110110000000001100000000110000000011000000001100000
0000000000000000000000000001010000000100100000010001000000100110000000101000000000010000000001100000000010000000001000000
0000000000000000000000000111100000011111110000110011100001111111000001111100000000011000000001110000000011000000000110000
0000000000000000011000000011110000001100100000110011000001101110000001111100000000010000000001100000000011000000000100000
0000000000000000000000000111000000001001100000010001100000100110000001111100000011001000000000010000000000100000000001000
0000000000000000110000000111100000011100000000110001100001100111000011111110000001001100000000110000000001100000000011000
0000000000000001000000000100000000001000100000000011000000001100000000001000000000010000000000100000000001000000000000000
0000000000000000000100000001111100000110011000001001100000011100000000011000000001100000000110000000001000000000110000000
0000000000000001111000001111110000111101110001100001100011111111000011111011000000000110000000011000001111110000011111000
0000000000000000000000000111000000011001000000100111000001111010000000000100000000001000000000010000000000100000000001000
0000000000000000011000000011110000001100100000110011000001101110000001111100000000010000000001100000000011000000000100000
0000000000000000000000000001010000000100100000010001000000100110000000101000000000010000000001100000000010000000001000000
0000000000000000011000000011111000001100000000010001000000111110000000011000000000010000000001100000000010000000001100000
0000000000000000110000000111110000011100110000110000100001100011000011111110000111011000000000110000000011000000000110000
0000000000000000000000000001110000000100000000010110000000111100000000001000000000110000000001000000000010000000000100000
0000000000000000100000000111110000011000110000100001100011000011000110011110000111101100000000010000000000100000000001000
0000000000000000000000000000111100001111001100110000111011111111000000001100000000110000000011000000001100000000110000000
0000000000000000110000000111111000011100110000110001100001100110000001111100000000011000000000100000000011000000000110000
0000000000000000100000000011100000001101100000010011000000110100000000111000000000110000000001100000000010000000001100000
0000000000000000110000000111110000011100110000110000100001100011000011111110000111011000000000110000000011000000000110000
0000000000000000100000000111110000011000100000111011000000111110000001110110000000001100000000110000000011000000001100000
0000000000000000000000000011110000001110100000011111000000111110000000001100000000011000000000100000000001000000000110000
0000000000000000000000000001100000000100000000001011000000100100000001111000000000010000000000100000000001000000000000000
0000000000000000000100000011111100001111011000111011000001111110000011111100000000111000000001100000000111000000001100000
0000000000000000010000000011110000001100110000010001100000111110000000111100000000110000000001100000000110000000001100000
0000000000000000110000001111110000111000110001000001100010001111000111111110000000000100000000011000000000010000000000100
0000000000000000000000000111010000001011100000011011000000011110000000011000000000010000000000100000000001000000000011000
0000000000000001000000000111100000001001100000110011000000111110000000111100000000001000000000110000000001100000000011000
0000000000000000000000000001110000001111100000011011000000111110000000111000000000010000000000100000000001000000000010000
0000000000000000100000000011100000001101100000010011000000110110000000111100000000010000000000100000000011000000000100000
0000000000000000001000000011111100001110001000010000100001100011000011001100000111111000000001100000000010000000001100000
0000000000000000000000000011111000001100001000010001100001100110000001111100000000010000000001100000000010000000001000000
0000000000000000000100000000111000000111000000011011000000111110000001100100000000010000000001100000000011000000001100000
0000000000000000000000000011110000001110100000011111000000111110000000001100000000011000000000100000000001000000000110000
0000000000000001111000001111110000111101110001100001100011111111000011111011000000000110000000011000001111110000011111000
0000000000000000000000000001010000000100100000010001000000100110000000101000000000010000000001100000000010000000001000000
0000000000000000000000000011100000001001000000010010000000100110000001111100000001111000000000010000000000100000000001000
0000000000000000000100000001111100000110011000001001100000011100000000011000000001100000000110000000001000000000110000000
0000000000000000000000000001110000000111110000011011000000111110000001101100000000010000000000100000000011000000000110000
0000000000000000000000000011110000011100111001100001110011111111000011100110000000001000000000110000000001000000000010000
0000000000000000000000000011110000001101100000010110000000111100000000001000000000010000000000100000000001000000000010000
0000000000000000000000000011111000001100001000010001100001100110000001111100000000010000000001100000000010000000001000000
0000000000000001000000000100000000001000100000000011000000001100000000001000000000010000000000100000000001000000000000000
0000000000000000100000000111100000011001100000100011000001001110000001111100000000011000000000110000000001100000000011000
0000000000000000100000000111110000011000100000111011000000111110000001110110000000001100000000110000000011000000001100000
0000000000000000000000000011110000000101100000010011000001111110000001101000000000010000000000100000000001000000000110000
0000000000000000110000000111111000011100110000110001100001100110000001111100000000011000000000100000000011000000000110000
0000000000000000100000000010100000001000100000010001000000100010000001001100000001111000000000010000000000100000000001000
0000000000000000000000000000000000000000000000000000000000000000000000000000000000000000000000000000000000000000000000000
1111111111111111111111111111111111111111111111111111111111111111111111111111111111111111111111111111111111111111111111111
