0011110000000111110000001111110000000001100000000111000000011110000000111000000111111110001111111100001111111000000000000
0000111100000001101000000000010000000001100000000010000000001100000000110000000011000000000110011110001111100000000000000
0000111000000000001000000000010000000000100000000001000000000110000000011000000011111000001110011000010000000000000000000
0000000000000000011100000011111000000111110000000011000000000100000001111001100111111110011110000000111000000000000000000
0000000000000111110000001111110000000001100000000111000000011100000001110000000011000011000111111110000111110000000000000
0000110000000000111000000000011100000000011000000001110000001110000001110000000110000000001111111000011110000000000000000
0000001000000001111000000100010000000000100000000001000000000010000000111110000011111110001001000000011100000000000000000
0000001000000011111000001100011000000000110000000011000000001100000000111000000001100000000110000000011111111100011100000
0000000000000000000000011111000000000011000000000110000000001100000000110000000011101111000111111100000000000000000000000
0000000000000001110000000010100000000001000000000010000000001000000000110000000001000000000010000000000111110000000100000
0000000000000011100000000001000000000010000000001000000000100000000001100000000001110011000001111110000000000000000000000
0000010000000011111000001000110000000001100000000010000000001100100000110011000001101100000111100000001110000000010000000
0000001000000001111100000011001100000000001000000000110000000011000001111100001111110000111100100100000001111000000000000
0001110110000001100110000000001100000000010000000000100000000010000001111110000111111100001111101000011100000000000000000
0000000000000111100000011001100000100001100000000001000000000010000000001100000001111000000111111110001100000000000000000
0011100000000000100000000001000000000001000000000010000000000100000000001000000001111110000101000000000100000000000000000
0000001000000011111000001100011000000000110000000011000000001100000000111000000001100000000110000000011111111100011100000
0000111000000000001000000000010000000000100000000001000000000110000000011000000011111000001110011000010000000000000000000
0001111000000111111000000000110000000001000000000110000000011000000001100000000010000001001111111110001111100000000000000
0000000100000000111100000011111000001110010000000001100000000110000000011100000011111100001111011100111000000000100000000
0000000000000111111000001100010000000000100000000001000000000010000001111100000011111100001100111000011111000000001000000
0000000010000000011100000011111100001110011000000000110000000001000000000110000110011000110111000001111111000000000000000
0000110000000111111000001000010000000000100000000011000000001100000000110000000111001111001111111110000000000000000000000
0011110000000100110000000000100000000001100000000001000000010010000011001100000100001110000100110100001110000000000000000
0000000000000111100000000001111000000000110000000001000000001100000000010000000001000000000110000000001100000000001111000
0001100000000000100000000000100000000000000000000000000000000000000000001000000011110000000000110000001001000000000000000
0000000000000011110000011111100000110001000000000010000000001100000000111001000001111011000111111110001100111000000000000
0001100000000011110000000000010000000000110000000011000000001100000000110000000011000000000100000000001111111000000000000
0000011000000001111000000000110000000001000000000010000000001100000000010000000001100000000111110000001111110000000000000
0000000000000001100000001111100000011111100000000011000000000110000011011000000011110000000011111110000000111000000000000
0000011000000011111000001000010000010001100000000011000000000110000000011000000001100000000111100000011111110000010001000
0000011000000001111000000111110000001100100000000001000000110010000011111100001000111100011111011100111100001100000000000
0000100000000011111000000100110000000101100000000011000000001110000000011000000001100000000111111100011111100000000000000
0000000010000000001100000000111100000011010000000001100001111111000110001100011000111100110111011000111000010000000000000
0000000000000011100000001111100000010001100000000001000000000011000000000110000001111110000111100000011110000000000000000
0000000000000011100000001111100000010001100000000001000000000011000000000110000001111110000111100000011110000000000000000
0011100000001111110000000000110000000001100000000011000000001110000000111000000011100000000111111110001111111000000000000
0001111000000111111000000000110000000001000000000110000000011000000001100000000010000001001111111110001111100000000000000
0000100000000011111000000100110000000101100000000011000000001110000000011000000001100000000111111100011111100000000000000
0000000000000111111000001100010000000000100000000001000000000010000001111100000011111100001100111000011111000000001000000
0000001110000001111100000011011000000000110000000001000000000110000000011000001111100000011111110000110011100000000000000
0011110000000111110000001111110000000001100000000111000000011110000000111000000111111110001111111100001111111000000000000
0000000000000011100000000001000000000010000000001000000000100000000001100000000001110011000001111110000000000000000000000
0000111100000001101000000000010000000001100000000010000000001100000000110000000011000000000110011110001111100000000000000
0000011000000001101000000010011000000000010000000000100000010001000001010110000110011000001111110000000000010000000000000
0011100000001111110000000000110000000001100000000011000000001110000000111000000011100000000111111110001111111000000000000
0011110000000111110000001111110000000001100000000111000000011110000000111000000111111110001111111100001111111000000000000
0011100000001111110000000000110000000001100000000011000000001110000000111000000011100000000111111110001111111000000000000
0000010000000011111000000011110000000000110000000001100000011111010001111111100110110000011111000000111100000000000000000
0001111000000111111000000000110000000001000000000110000000011000000001100000000010000001001111111110001111100000000000000
0000111000000001001000000000010000000000110000000001100000000010000001111100001100111110010111000000111000000000000000000
0000000000000111100000001111100000010011000000000110000000001000000000010000000001100000000011111100000111111000000100000
0000000000000011100000001111100000010001100000000001000000000011000000000110000001111110000111100000011110000000000000000
0000000000000011110000001110110000011101100000010011000000000100000000011000000001101100000110011000001111100000000010000
0000100000000011111000000100110000000101100000000011000000001110000000011000000001100000000111111100011111100000000000000
0000111000000001111000000000111000000000110000000001100000011111000001111110000111110100001111001000011000010000000000000
0000001110000001111100000011011000000000110000000001000000000110000000011000001111100000011111110000110011100000000000000
0000110000000111111000011000011000000000011000000000110000111001100111111110001100011100011111101100001100011000000000000
0000000000000000000000000011111000000111110000001011000000001110000111111111001111111111000000000000000000000000000000000
0000000000000000000000000011111000000111110000001011000000001110000111111111001111111111000000000000000000000000000000000
0000011000000001111000000111110000001100100000000001000000110010000011111100001000111100011111011100111100001100000000000
0011100000000001100000000001000000000011000000000010000000000100000011111000000111110000000000011100000000011000000000000
0001110110000001100110000000001100000000010000000000100000000010000001111110000111111100001111101000011100000000000000000
0001100000000000100000000000100000000000000000000000000000000000000000001000000011110000000000110000001001000000000000000
0000000000000111100000001111100000010011000000000110000000001000000000010000000001100000000011111100000111111000000100000
0011100000001111110000000000110000000001100000000011000000001110000000111000000011100000000111111110001111111000000000000
0000000000000000000000000000111000000111110000011101100001111111110111111111101111000000000000000000000000000000000000000
0000000000000000000000000011111000000111110000001011000000001110000111111111001111111111000000000000000000000000000000000
0000111100000001101000000000010000000001100000000010000000001100000000110000000011000000000110011110001111100000000000000
0000111000000001111000000000111000000000110000000001100000011111000001111110000111110100001111001000011000010000000000000
0000100000000011110000000100100000000001100000000010000000111100000011011000000010111000000111010000000110100000000000000
0000000000000000011000000111111000011110110000111001100000000011000000011111100011111111001111000000111100000000110000000
0000000010000000001100000000111100000011010000000001100001111111000110001100011000111100110111011000111000010000000000000
0000011000000011111000000111110000000001100000000111000000001100000000111000000011100000001111111100011111100000011100000
0000011000000001101000000010011000000000010000000000100000010001000001010110000110011000001111110000000000010000000000000
0000001000000001111100000011001100000000001000000000110000000011000001111100001111110000111100100100000001111000000000000
0000110000000000110000000000110000000000100000000001000000000100000000011000000011000000001100110000001111000000000000000
0000000000000000111000000111011000011100110001100001100011000110000000011000000000111000000011111100001110001000011000000
0000011000000001101000000001010000000000100000000010000000000100000000111000000111111110001110000110011000000000000000000
0000000000000111100000001111100000010011000000000110000000001000000000010000000001100000000011111100000111111000000100000
0000000010000000011100000011111100001110011000000000110000000001000000000110000110011000110111000001111111000000000000000
0000000000000000111000000111011000011100110001100001100011000110000000011000000000111000000011111100001110001000011000000
0011110000000100110000000000100000000001100000000001000000010010000011001100000100001110000100110100001110000000000000000
0000010000000011111000000000001000000000010000000001100000000010000000001000000011111000001010010000011000110000000000000
0011110000000100110000000000100000000001100000000001000000010010000011001100000100001110000100110100001110000000000000000
0000010000000001110000000110110000000001100000000011000000000100000000011000000011110000000111100000001100100000000000000
0000011000000111111000001100010000000000100000000011000000001110000000011000000001100000000111111100011111100000011000000
0000000000000000110000000011100000001111000000000110000000001000000000111101100111111111001110000000011000000000000000000
0000000010000000001100000000111100000011010000000001100001111111000110001100011000111100110111011000111000010000000000000
0000111100000001101000000000010000000001100000000010000000001100000000110000000011000000000110011110001111100000000000000
0000000000000000000000011111100000000001100000000011000000000100000000011000000001100000000111111100000000000000000000000
0000000000000000011110000000111100000000011000000001100000000110000011111100001111101100111100001001110000000000000000000
0000001000000001111000000011010000000000100000000001000000000010000011111100001111111111011111000000011100000000000000000
0000011000000011111000001000010000010001100000000011000000000110000000011000000001100000000111100000011111110000010001000
0000000100000000111100000011111000001110010000000001100000000110000000011100000011111100001111011100111000000000100000000
0000000000000111111000001100010000000000100000000001000000000010000001111100000011111100001100111000011111000000001000000
0000000000000111000000011111100000000001100000000001100000000111100000011011000001100100000010011000000111100000000100000
0000000000000111000000011111100000000011000000000110000000001100000000011000000001100000000011111000000000111100000000000
0000010000000001111000000000010000000001100000000011000000001100000000110000000011000000000100000000001111100000000000000
0000000000000000000000000000000000000000000000000000000000000000000000000000000000000000000000000000000000000000000000000
1111111111111111111111111111111111111111111111111111111111111111111111111111111111111111111111111111111111111111111111111
