0000000000000000000100000001100100000111010000001100100000001010000000011000000000100000000011000000000110000000011100000
0000000000000000000000000001111010000111011100011001110000111111000000111000000111110000011101100000011111000000000000000
0000000000000000011100000001111000000011100000001110000000011000000000111100000011001000000110100000001111000000001000000
0000000100000000011100000000100100000001000000000111100000111110000011000100000100011000001100110000001111000000000000000
0000000000000011110000001110110000011000110000110011000000011100000000111100000001101100000110011000000111100000001110000
0000000000000001110000000011100000000101000000001110000000001100000000101100000011001000000100010000000111100000000110000
0000000000000000000000000011111000001000010000010001100000010110000000110000000001100000000000000000001000000000011100000
0000000000000000011100000011111000000100110000001111000000001100000000111100000001001000000110110000001011000000011100000
0000010000000001110000000111110000001111100000011111000000011110000000111110000001101100000011111000000111100000000110000
0000000100000000111000000001110000000110001100001001110000011110000000110000000011100000001011000000011110000000010000000
0000000000000000111000001111110000110000110001100001000001100110000000111000000001111000000010011000000111110000000110000
0000000000000011100000000110001100001100110000001111000000001110000000011100000001111000000010010000000111100000001110000
0000000000000000011100000001110000000010000000001101100000011110000000110000000011100000001101000000011110000000001000000
0000000000000000011100000001101000000010010000000100100000001110000000111000000011100000001111000000010100000000111000000
0000000000000000111100000011001000001101110000001111000000011100000000110100000011001000000100110000001011000000011100000
0000000000000011110000001111111000111100110000011111100000001110000000011100000001101000000110110000001111100000001110000
0000000000000001111000000110010000011000000000110000000000100001100001100110000001110000000001100000000110000000000100000
0000000000000000110000000011110000001100110000011001000000111110000001111000000110010000001100010000001100100000001111000
0000000000000000010010000001001000000010100000001011000000011100000000110000000001110000000110100000001001000000000100000
0000000000000000111100000010000100001000001000010000000000011111000001111100000010000100001000000000010001000000011100000
0000000000000000001100000011111110011000000100100000110001100011000000111000000001110000001100100000010001000001111100000
0000000000000001110000000110110000011011100000011100000000011100000000101100000001001000000010010000000110110000000111000
0000000000000000001000000011111100001110111000111001110000111111000000111100000001110000000011100000001110000000011100000
0000000000000111000000011011000000110011000001111010000001111111100000011100000000111100000001111000000001110000000001000
0000000000000011110000001100110000010000111000100001110001000010000001111100000011110000000001110000000010110000000101100
0000001100000001111100000011110000001101100000011111000000011100000000111000000011111000001110111000011111100000011100000
0000010000000001111000001000010000010000100000010011000000011100000000111000000001111000000010001000000111110000000110000
0000001000000001111000000110001000001111110000011111100000111101000011000001000110000110001110011000001111100000001000000
0000010000000000110000000011100000001111000000010110000001111100000001111110000001100110000011001100000111110000000110000
0000000000001111100000011111001000111011110000111111100000011111000000001111000000110110000001001100000111111000000111000
0000000000000001111000000100011100001000110000011011000000011100000000111000000001110000000010110000001101100000001110000
0000000000000000111000000011011000011100110000011111000000011110000000011100000001111000000110100000001111000000011100000
0000000000000000111100000110001100001100111000011011100000011110000000111000000011110000000100100000001011000000011110000
0000000000000000000111000011111010011100000000010000010000110011100000111100000001100000001101000000111110000000111000000
0000000000000001111000000000000010010000001100110001110000111111000000111000000010010000000100000000001001000000000100000
0000000000000001111110000111011100000010111000011011000000111100000001100000000100110000001000011000011000110000011111000
0000001000000000110000000011000000000100001100001111100000011000000000110000000011100000000101100000001110000000001000000
0000000000000011111000001100010000010001100000110111000000111111000001100010000010000100000100001000001100010000001111000
0000000000000000011100000011001100000100011000001000110000011111000000110000000110100000001001000000010010000000011100000
0000000000000011000000000100011000001001000000011110000000011100000000011100000000111100000001101000000001110000000000000
0000000000000000110000000001000010000010001000000101100000001110000000110000000010100000001001000000011100000000000000000
0000000100000000111000000011110000001100100000110011000001111110000000111100000001100100000010001000000111110000000001000
0000000000000000111100000010001100000000011000111000110000110011000000111100000001110000000110100000001111000000011000000
0000000100000011111100000100001100001000011000001001100000001110000000111100000010001000001000010000011111100000001000000
0000000010000000100100000011010000000100100000001110000000001100000000111000000011010000000100100000001110000000000000000
0000000000000001111000001111110000011001100000011110000000001100000000011000000001111000000010110000000111000000001110000
0000000000000000111110000111001110011000001000110000110000111111000000111100000011101100001100011000110011100000111100000
0000001000000011111100000100011000001101100000001111000000011010000011100100000110011100001001101000011110010000010000000
0000001100000000111000000011010000000101000000001010000000011000000000011000000001101000000001010000000011100000000010000
0000000000000000001100000001001000000010110000001001000000001100000000010000000001100000000101000000001010000000011000000
0000000000000001100000000111110000011010100000110001100000111110000001111100000011001000000110011000001111110000000111000
0000000000000000000000000011110010011111011101111011110001111111000001111100000001111000000111110000000111100000000000000
0000000000000011110000001100010000010000010001100000110001111111100001111111000010000010001100000100001111110000000110000
0000001000000001110000000110000100001110111000000111000000011110000001100100000010011000001100100000010011000000101000000
0000000000000000111100000011111100001110111000011111100000011110000001111000000111110000001111110000011111000000111100000
0000000000000001111000001111110000011001110000111111100000111110000000011110000001101100000011001000000111110000000111000
0000000000000000110000000001110000000010110000100100100001110011000000111100000000110000000011100000001101100000001110000
0000000000000000011100000011001100001100010000110001000000111100000000110000000001110000000100100000001001000000011110000
0000000000000000011100000011101000000111010000001101000000001110000000011000000011110000000110100000001101000000001110000
0000000000000000110000000011001100000110011000001101100000011110000000110000000011100000001111000000011110000000011000000
0000000000000000011100000011111000000111100000000110000000011100000000101100000010011000001100110000011011000000011100000
0000010000000001110000000011110000000110110000000101000000001110000000111000000011001000000100010000001111100000001110000
0000011110000001110010000010001000001100110000011111000000011110000001110110000110000100001111111000011110000000000000000
0000000000000000011100000111111100001111111000000111000000011110000001100100000110001100001100011000011101100000011110000
0000010000000000110000000010100000000101100000001010000000001100000000011000000001010000000010100000000011000000000100000
0000000000000001110000000111110000001111110000010111000000111100000001111100000001111100000011011000000111110000000111000
0000000000000000011110000001101100001100110000011011000000011100000000111000000011010000001101100000011110000000111000000
0000000000000001111000000011111000000110110000011011100000011110000000111000000011110000000110110000001111100000001110000
0000000000000000111100000111111100001100111100001111000000011100000000111000000011110000001101100000011111000000011100000
0000000000000011100000000110000000001000001100010001110000111110000000111100000001001100000010010000000111100000000100000
0000000000000111111000001000001000010000010000010011000000011100000000111000000011001000000100011000001000100000001111000
0000000000000000110000000011101000001000010000010001000000010110000000111000000001100000000000100000001001000000001100000
0000000000000001110000001110110000011001000000011110000000011100000000011100000000101100000011010000000111100000000110000
0000000000000000111100000110001110011000011100110011110000111100000001111000000110011000001000110000010001100000111110000
0000000000000000111100001111111000011000110000011111000000111100000000111000000001011000000110010000001100100000011111000
0000000000000000111100000011111000001100011000011011100000011110000000111000000001110000000110100000001111000000011100000
0000000000000000111000000011110000000111101101111100111000001111000000011100000001110000001111100000111111000000111100000
0000000000000001100001000110000100011000010000110001000001100110000011111100000001101100000110011000001000110000110001000
0000000000000001110000001100111000110001100001000010000011101100000001111110000000100110000000100100000001111000000001100
0000000000000000100010000111101100011001110000110011000000111100000000011000000001110000000011100000001110000000001100000
0000001000000000111000000010011000000101100000001100000000011100000000111000000010010000001100010000001111000000010000000
0000000000000001100000000111100000001001000000011110000000011100000000011100000000101100000011011000000011110000000111000
0000000000000000111000001100100000110010000000011100000000011100000001111100000011000100000110000100000111111000000000000
0000000000000001111100000110001000001000010000001001000000001110000000111100000011001000000100010000001000100000001110000
0000000000000111100000001111100000111001100000111111100001111111100011000011000110000110000100001100001111111000001111000
0000000000000001110000000111110100011000111100011111100000011110000000111100000011011000000100110000001111000000011100000
0000000000000001111100000111011000011000110000110011000000111100000000111000000001111000000110110000001111100000011100000
0000000000000011110000001100110000011001100000011111000000001110000000011100000001101100000010011000000110010000000110000
0000000000000000111100000011001000000101100000001111000000011100000001111000000110011000001000110000011111000000010000000
0000000000000000111100000001101100000110011000001101100000011100000001110000000011100000001111000000001111000000011100000
0000000000000001111000001111110000011001000000011110000000011000000000111100000011011000000110011000000110110000000111000
0000000100000000111100000010001000000100110000001011000000011100000000110000000011100000000101000000001010000000011100000
0000000000000000001000000001100000000101000000001100000000011000000000110000000001010000000000100000000001000000000000000
0000001000000001110000000110100000001000011000011000110000010111000000111000000011110000000101100000001111000000000100000
0000000000000001110000000011110000001100110000001001000000011110000000011000000000110000000011100000000111100000000110000
0000000000000000111000000011111000001100110000011011110000111110000000110000000011110000000110100000001011000000011110000
0000000000000000111000000011111100000100110000001011000000011100000000011000000001110000000111100000001110000000011000000
0000000000000000011100000011111000001110110000011011000000011100000000011000000001111000000010110000001111100000011110000
0000000000000000011100000011111000011110110000111001100001111110000000111100000011011000000100110000001011100000011100000
