0000000110000000011000000001100000000110000000011001110001101111110110011001001000111100011111100000011100000000000000000
0000011000000000110000000001000000000110000000001100000000111110000001111110000011101100000011110000000011000000000000000
0000000100000000010000000001000000000110000000001000000000111110000001110110000111101000001101110000001111000000000000000
0000011000000000100000000011000000000110000000001000000000110000000001111110000011000100000011111000000010000000000000000
0000001000000000010000000001100000000010000000001100000000011100000000100100000001001000000010110000000111000000000000000
0000011000000011100000000110000000011000000001110001100011001111110110011001101111111111001111111000000001000000000000000
0001110000000011100000001110000000011000000000110000100011111111110111111111100111111111001111111100000111000000000000000
0000110000000011000000001100000000010000000000100000000001000011100010011101000111110110000111111000000001100000000000000
0000000000000000110000000011100000000100000000011000000000101110000001100010000010000100000100011000000101100000000100000
0000000100000000011000000001100000000010000000001100000000110001000001101110000011111000000111000000001100000000000000000
0000001110000000100000000011000000000100000000011000000000100000000001011110000011100100000011111000000011100000000000000
0000011000000000100000000011000000000110000000001000000000110000000001111110000011000100000011111000000010000000000000000
0000000110000000011000000001110000000011000000001100000000110010000011000000000110011000001101110000001111000000000000000
0000010000000001100000000011000000001100000000010001110001100110100011011011000100111100001111100000001100000000000000000
0001100000000011000000001100000000010000111000100111110001001100100010010011000111111110000111111000000000000000000000000
0000011000000001100000000011000000001100000000010001100001100111100010111011000111111110000111110000000000000000000000000
0000100000000001000000000110000000001000000000010000110001100110100011001001000010001100000111110000000110000000000000000
0000110000000011000000000100000000011000110000010011100000101111000001111110000011111100000111110000000010000000000000000
0000110000000011000000001100000000010000000000100000000001000011100010011101000111110110000111111000000001100000000000000
0000111000000001100000000110000000001100000000011000000000110111100001111111000011110010000011101100000111110000000000000
0000001110000001111000000111000000011000000000100000110001000111100000011011000100100110001111111100011111100000000000000
0000110000000011000000000110000000001000000000010000000000100111000001111011000011100110000011111000000000000000000000000
0000011100000001110000000011100000001110000000011100000000111110000001111111000011100110000111011100000111110000000000000
0000001000000000110000000001000000000110000000001001100000011111100001110010000011111000000011000000000100000000000000000
0000010000000001100000000010000000000100000000001000000000011110000000100010000001000100000001011000000001000000000000000
0000011000000011100000000110000000011000000001110001100011001111110110011001101111111111001111111000000001000000000000000
0000000110000000011000000001100000000010000000001100000000110000000001111100000011101100001111110000001111000000000000000
0000010000000001100000000011000000001100000000010001110001100110100011011011000100111100001111100000001100000000000000000
0000000100000000011000000001100000000110000000001000110000110011100011001110000110111000001111000000000010000000000000000
0000000100000000010000000001000000000110000000001000000000111110000001110110000111101000001101110000001111000000000000000
0000000110000000011000000001110000000011000000001100000000110010000011000000000110011000001101110000001111000000000000000
0000001000000000100000000011000000000100000000001011110000101100100001110001000011000100000111110000000110000000000000000
0000000110000000011100000001100000000110000000011000000001111111000011111111000111000110000111011000000111100000000110000
0000001000000000010000000001100000000010000000001100000000011100000000100100000001001000000010110000000111000000000000000
0000000110000000011100000001111000001111000000111000000001110011000011011111001111100100011110011000011111100000000000000
0000011000000001110000000111000000001100000000011000000001111111100011111111000011111110000111111000000010000000000000000
0000011000000001100000000010000000001000000000010000000001100000000011001111000011110110000111111000000011000000000000000
0000001000000000110000000011000000001100010000110011111001001100010100010001101000111110011111110000001110000000000000000
0000010000000000100000000010000000001100000000010001100001100111000011011110000110011100000111110000000110000000000000000
0000011100000001110000000011100000001110000000011100000000111110000001111111000011100110000111011100000111110000000000000
0000001100000000111000000010000000001100000000010000000000101110000001111100000011001100000110001000000111100000000010000
0000001110000000100000000011000000000100000000011000000000100000000001011110000011100100000011111000000011100000000000000
0000000100000000011000000001100000000010000000001111000000111111000001100100000010011000000111100000000100000000000000000
0000000110000000010000000001100000000010000000001100000000010000000000111000000001111000000011100000000111000000000000000
0000001100000000110000000001000000000110000000011000000000110000000001011100000011111000000011110000000011000000000000000
0000001000000000010000000001100000000010000000001100000000011100000000100100000001001000000010110000000111000000000000000
0000011000000000110000000001000000000110000000001100000000111110000001111110000011101100000011110000000011000000000000000
0000100000000011000000000100000000001000000000010000100001100111100011011001100011100011000011111100000011100000000000000
0000000100000000010000000001100000000010000000001001100000110111100001011010000111101100000111110000000100000000000000000
0000001000000000100000000011000000000100000000010011100000100101000001011010000010111100000111111000000110000000000000000
0000000110000000011000000001100000000010000000001000000000110111000011011110000101001100001111110000001000000000000000000
0000011000000001100000000011000000001100000000010000000000100011000001001111000011110110000001111000000000000000000000000
0000000100000000011000000001100000000110000000001000000000110111100011010011000100101100001111110000001000000000000000000
0000011100000001111000000011100000001110000000011000000001111111100011111111000111111110001111111000000111000000000000000
0000001000000000100000000011000000000100000000010011100000100101000001011010000010111100000111111000000110000000000000000
0000110000000001000000000010000000001100000000011000000000110110000001101110000011011100000011110000000001000000000000000
0000011100000001110000000011100000001110000000011100000000111110000001111111000011100110000111011100000111110000000000000
0000001100000000111000000011000000001100000000011000000000100111000001001110000010000110000111111000000111100000000000000
0000011100000001110000000011100000001110000000011100000000111110000001111111000011100110000111011100000111110000000000000
0000011000000001110000000111000000001100000000011000000001111111100011111111000011111110000111111000000010000000000000000
0000011000000001100000000011000000001100000000010000000000100011000001001111000011110110000001111000000000000000000000000
0000011000000011100000000110000000011000000001110001100011001111110110011001101111111111001111111000000001000000000000000
0000010000000001100000000010000000001100010000010011110001111100100011110001000011000100000111110000000010000000000000000
0000001000000000100000000011000000000100000000001000000000110010000001111110000011101000000011100000000010000000000000000
0000001100000000110000000001000000000110000000011000000000110000000001011100000011111000000011110000000011000000000000000
0000000110000000011000000001100000000110000000001000000000100011100011001111000100110100001111110000001000000000000000000
0000011000000001100000000010000000001000000000010000000001100000000011001111000011110110000111111000000011000000000000000
0000000110000000011100000001100000000110000000011000000001111111000011111111000111000110000111011000000111100000000110000
0000001100000000111000000011000000001100000000011001110000100111100011001001000110000110000111111000001111000000000000000
0000001100000000010000000001000000000010000000001100000000011000000000111000000001010000000010100000000111000000000000000
0000000110000000011000000001100000000010000000001100000000110000000001111100000011101100001111110000001111000000000000000
0000001000000000110000000001000000000110000000001001100000011111100001110010000011111000000011000000000100000000000000000
0000001000000000110000000001000000000110000000001000000000110011100001001110000011111000000011110000000011000000000000000
0000000110000000011000000001100000000110000000001000000000100011100011001111000100110100001111110000001000000000000000000
0000010000000001100000000010000000001000000000110011110001001100100010010001000111101100000111100000000000000000000000000
0000000100000000011000000001100000000110000000001000000000011111000000110100000011001000000010110000000111000000000100000
0000011100000001110000000011100000001110000000011100000000111110000001111111000011100110000111011100000111110000000000000
0000011100000000110000000011000000001100000000110000000001100001000010011111000111111110001111111000000111000000000000000
0001100000000011000000001100000000010000111000100111110001001100100010010011000111111110000111111000000000000000000000000
0000000100000000011000000001100000000010000000001000000000010000000001011100000011101000000100110000000111000000000000000
0000001000000000010000000001100000000010000000001100000000011100000000100100000001001000000010110000000111000000000000000
0000001000000000100000000010000000000100000000010000000000101111000001100001000011000010000111000100000111110000000000000
0000000100000000010000000001000000000110000000001000000000111110000001110110000111101000001101110000001111000000000000000
0000011000000001100000000110000000011000000000100000000011000001100110001111101100110011001111111100001111110000000000000
0000000000000001000000000100000000011000000000100001111011000110010100001001101100110110001111110000000000000000000000000
0000000011000000001110000000110000000011000000001111000000111111000011100010000111001100011111110000011110000000000000000
0000000110000000011100000001100000000110000000011000000001111111000011111111000111000110000111011000000111100000000110000
0000000000000100000000001000000000110000011101000001000010000100000110010000100110100010000111111000000010000000000000000
0001110000000011100000001110000000011000000000110000100011111111110111111111100111111111001111111100000111000000000000000
0000011000000000100000000011000000000110000000001000000000011111000000110010000001001100000011110000000011000000000000000
0000000110000000010000000001100000000010000000001100000000010000000000111000000001111000000011100000000111000000000000000
0000001000000000110000000001000000000110000000001000000000110011100001001110000011111000000011110000000011000000000000000
0000000000000100000000001000000000110000011101000001000010000100000110010000100110100010000111111000000010000000000000000
0000001100000000110000000011000000001100000000011000000001100000000011001111000110111110000111110000000010000000000000000
0000000100000000011000000001100000000110000000001000000000110111100011010011000100101100001111110000001000000000000000000
0000001000000000100000000011000000000100000000010011100000100101000001011010000010111100000111111000000110000000000000000
0000011000000000100000000011000000000110000000001000000000011111000000110010000001001100000011110000000011000000000000000
0000001100000000110000000011000000001100000000011000000001100000000011001111000110111110000111110000000010000000000000000
0000001100000000110000000011000000000110000000011000000000100111000001011011000010100100000111111000000111000000000000000
0000000000000000000000000000000000000000000000000000000000000000000000000000000000000000000000000000000000000000000000000
1111111111111111111111111111111111111111111111111111111111111111111111111111111111111111111111111111111111111111111111111
