0000000000000000000000001111111000001111110000000001100000000110000000001100000000110000000011100000000111000000001100000
0000000000000000001000000001111000000011100000000011000000001100000000010000000001100000000010000000001100000000011000000
0000000000000000000000000000111100011111111000111000110000000011000000001100000000110000000011000000001100000000011000000
0000000000000000000000001111000001111111110000000001100000000001000000000110000000001100000000010000000001100000000011000
0000000000000000000000001111000000010011111100100000110001000001000001000100000000011000000000100000000001000000000110000
0000000000000000000000000000000000011111110011111111110100000001100000000011000000001100000000011000000000100000000001000
0000000000000000000000001111111000011110011000000000110000000011000000001100000000110000000011100000001110000000011000000
0000000000000000000000001111100000001111000000000110000000001100000000111110000011110000000001000000000010000000000100000
0000000000000000000000000011100000000111110000011001100000100110000000001000000000110000000011000000001100000000011000000
0000000000000000000000000000000001111111110000000000110000000001000000000100000000011000000000100000000011000000000110000
0000000000000010000000000111000000001011100000000001000000000010000000001100000000011000000001100000000010000000001100000
0000000000000000000000000001111000000110110000010001000001000010000000001100000000110000000001000000000100000000011000000
0000000000000000000000000011110000001111100000011111000000000110000000001100000000110000000011000000000110000000011000000
0000000000000000000000000001111100111111110000100001100000000110000000011000000000110000000001000000000110000000001100000
0000000000000000000000000000000000000000000010000011110111111111100000000110000000011000000001000000000110000000000000000
0000000000000000000000111111110001111111110000000001100000000110000000001100000000011000000000110000000001100000000011000
0000000000000000000000000111100000010011100000000011000000000110000000001100000000010000000000100000000011000000000110000
0000000000000000000000000000000000011111111001111100110110000001000000000110000000011000000000100000000011000000000100000
0000000000000000000000011111110000111111110000000001100000000111000000001100000000011000000001110000000011000000000110000
0000000000000000000000000000111000111111110000111111100000000110000000011100000000110000000011100000000110000000011000000
0000000000000000001000000011010000000000100000000001000000000110000000001000000000010000000001000000000010000000001000000
0000000000000001100000000110111000000000010000000000100000000011000000001100000000100000000011000000001000000000100000000
0000000000000000100000001111111000011111110000110001100011000011000110001110000000011000000001110000000011000000001110000
0000000000000000100000000111110000000000100000000001000000000100000000001000000000110000000001000000000110000000001000000
0000000000000000000000000111100000001001000000000010000000000100000000011000000000100000000001000000000010000000000100000
0000000000000000011000000011111000001100010000110000100011000011000000000100000000011000000001100000000010000000001100000
0000000000000000000100000111111100011111111000111011100000001110000000011000000001110000000111000000001110000000111000000
0000000000000000000000001111110000010111000000100010000001000100000000001100000011111100000000110000000001100000000011000
0000000000000000010000001111100000011001000000000010000000000100000000001000000000110000000001100000000011000000000110000
0000000000000000000000001111111000011111110000010001100000000111000000001100000000111000000001110000000111000000001110000
0000000000000011000000001111110000010011110000000001100000000011000000001110000000111000000011100000001110000000011000000
0000000000000000000000000000000000111111100000100001000000000010010000011111000011110000000000100000000001000000000010000
0000000000000000000000000011111000111111110000000001000000000110000000001000000000110000000001100000000110000000001100000
0000000000000000000000000000111100001111011001111000100011000010000000001100000000110000000001000000000110000000001000000
0000000000000000000000000111110001111111100011100001100000000011000000000110000000011000000000110000000001100000000011000
0000000000001110000000011111100000001111100001111111000010000011000001111110000011111110000011111110000001100000000011000
0000000000000000000000000000000000000000000000011111100000000111000000011000000001100000000110000000011000000000000000000
0000000000000010000000001111111000000000111000000001100000000110000000001000000000110000000011000000000110000000011100000
0000000000000000000000001111110000111111110000110011000000000110000000011100000000110000000001100000000111000000001110000
0000000000000000000000000111011101111111111001100000110000000011100000001110000000011000000001100000000110000000011000000
0000000000000000000000011111111000111111110000000011000000000110000000011100000000110000000011100000000110000000001100000
0000000000000000000100000011111100001111110000011011100000000110000000011000000001110000000011000000001100000000111000000
0000000000000000000000000110011000001111110000111101100001000011000000001100000000110000000011000000000110000000011000000
0000000000000000000000000000000001111111110000000001100000000011000000000100000000011000000000110000000001000000000011000
0000000000000000000000000000010000100011100001111001000000000010000000000100000000001000000000100000000001000000000010000
0000000000000000000000000111000000110001000000000010000000001111110001111000000000100000000001000000000010000000000100000
0000000000000001110000000100110000010000100000100000100000000011000000000111000001111000000001100000000110000000001000000
0000000000000000000000001111100000000001000000000010000000000100000000011000000000100000000001000000000010000000000100000
0000000000000000000000000111111000000000100000000011000000000100000000010000000001100000000010000000000100000000011000000
0000000000000000000000000011111100001111111000011011000001100110000000011000000000100000000011000000000100000000011000000
0000000000000000000000000000110000000110100000001001000000110000000000001000000000010000000000100000000001000000000100000
0000000000000000000000000000110000001111100000111011000001100110000000001100000000010000000001100000000011000000000100000
0000000000000000000000000000001100000111111011111001100000000110000000001000000000110000000011000000000110000000001000000
0000000000000000000000001111111000000000110000000011000000000110000000011000000000110000000011000000000110000000001100000
0000000000000000000000000000000001100001111001111111100000000011000000001100000000011000000000100000000011000000000010000
0000000000000000100000000111110000011100110000110001000000000110000000001100000000110000000001100000000110000000001100000
0000000000000000000000000001110000001101100000110010000000000100000000001000000000010000000001100000000011000000000110000
0000000000000001000000000111110000000000100000000010000000000100000000011000000000100000000001000000000110000000001100000
0000000000000000000000000000000000111111111100000000110000000011000000001100000000110000000011000000000100000000010000000
0000000000000000000000000011111000001111010000010000100000000010000000001100000000110000000011000000001100000000010000000
0000000000000000000000000111111000001111111101110000011011100000110111000001101100000111011000001100100000111000000001100
0000000000000011110000011111111000000000010000000001100000000011000000001100001111111000000000100000000011000000000100000
0000000000000000000000001110010000011111110000110001000000100010000000001100000000010000000000100000000011000000000100000
0000000000000001100000000001111000000000110000000011000000000100000000010000000001100000000110000000011000000000110000000
0000000000000000011000000011110000001000100000000001000000000100000000001000000000100000000010000000000100000000010000000
0000000000000000010000000111110000110001100000000011000000000110000000001000000000010000000000100000000011000000000110000
0000000000000000000000000111111000000000010000000001000000000110000000001000000000100000000011000000000100000000011000000
0000000000000000000000001111111100110000110001000001100000000110000000001100000000110000000001100000000110000000001100000
0000000000000000000000001110000000011111110000100001100000000010000000001100000000011000000001100000000110000000001100000
0000000000000000000000011111110000111111110000000001100000000011000000001100000000111000000001100000000110000000011000000
0000000000000000000000000000000000110000000001111111000000000010000000011111000000001000000000100000000001000000000010000
0000000000000010000000001110000000011111100000001111000000000110000001111111100111111110000000010000000000100000000001000
0000000000000000000000000111100000011111100001100011000000000110000000001100000000011000000000110000000001000000000010000
0000000000000000001000000111110000000001100000000010000000000100000000111000000001111100000000000000000110000000001100000
0000000000000000000000000011110000001100100000010001000000100010000000001100000000010000000000100000000001000000000010000
0000000000000000000000000010000000001100011100111110110011000011000000001100000000010000000001000000000110000000011000000
0000000000000000000000000000000001111111111001111111110000000011000000001100000000111000000001100000000110000000001100000
0000000000000000100000001111100000110001000000000010000000000110000001111111100111110000000001100000000011000000000100000
0000000000000000000000000011100000111111100000000011000000000110000000001100000000010000000000100000000001000000000010000
0000000000000000000000000000000110000111111000000000100000000110000111111111000111100000001100000000110000000001000000000
0000000000000000000000001111111000001000010000000001100000000010000000001000000000110000000011000000000100000000010000000
0000000000000000000000000111100000001101000000000010000000000100000000111100000001110000000001100000000010000000000100000
0000000000000000000000000011111100001100011000010000100001100011000000001100000000010000000001100000000110000000011000000
0000000000000000000000000011111000001000110000010001000001000010000000001000000000110000000001000000000110000000001000000
0000000000000000000000000011110000000111100000000011000000001110000000111110000001111000000110000000011100000000110000000
0000000000000000000000001111110000001111100000000011000000000110000000001100000000110000000001100000000011000000000110000
0000000000000000000000000011100000001101100000010011000000000110000000001000000000010000000000100000000010000000000100000
0000000000000000000000000110000000001111100000010111100001100010000000001100000000011000000001100000000010000000001100000
0000000000000000000000001111111000011100110000110001100001100110000000001100000000011000000000110000000011100000000011100
0000000000000000000000001111111100011111111000010000110000000001100000000110000000011000000001100000000110000000011000000
0000000000000000000000000001110000011111100000000111000000001100000001111110000011100000000011000000000110000000001100000
0000000000000000000000000001101000000111110000001001100000110010000000001000000000110000000011000000000100000000010000000
0000000000000000000000000100000000011110010000100001100000000010000000000010000000001000000000010000000000100000000001000
0000000000000000010000000011110000001111110000000001100000000110000000011100000000110000000011100000001110000000011000000
0000000000000000000000001111000000110001110001100000100000000011100000111100000000010000000001100000000010000000001100000
0000000000000000000000001011110000011111100000000011000000000110000000001000000000110000000001000000000010000000001100000
0000000000000000000000000111110000111111110001111101100000000011000000001110000000011100000001110000000011100000000110000
0000000000000000000000000000011100001111111001111101100011000011000000001100000000110000000001100000000110000000001100000
0000000000000000000000000000110000111111000000000010000000001100000000001000000000110000000001100000000011000000000110000
