0000111110000001101100000000011000000000110000000011000000001110000000110000000111000000011111111100111111111000000000000
0110000000000001110000000001100000000001100000000011000000000100000000011000000011111110001111111100000000000000000000000
0000000000000111111000011101111000110000110000100001100000000111000000011100000011111110011111111100111100000000000000000
0000000010000000111010000011000100000000001000000000100000000011000000001100001111111000110111000000111000000000000000000
0000000000000000110000000111110000001000110000000000100000000010000111111100001111111111001100000000000000000000000000000
0000011100000000111100000000001000000000110000000011000000001100000000110000001111111000111100011001100000011000000000000
0000001110000000111110000011111100000111011000000000110001100001100111000110011011111000111111111001111001100000000000000
0001110000000111100000001101100000000011000000000110000000001100000010111000000111111000000111111110000000111000000000000
0000110000000111111000011110110000111000110000000001100000000011000000001110000011111000001111111000001111111000000000010
0000111100000001001000000000010000000001100000000110000000011000000011100011001110001100001111110000000011000000000000000
0000000000000000000000000111100000000001000000010100000001111000000010111000100011001111000000000000000000000000000000000
0000011000000011111000000011011000000000110000000011000000011110000001111000000110000000001111111100011000001100100000000
0000000100000001111100000000011000000000110000000011000000001110000000111000000011000000001111000000011111000000000000000
0000111100000011111000000011011000000000110000000011100000001110000011111110001111101110011111111100010011100000000000000
0000111000000111111000011100011000110000010000000000100000000011000001100110000111111000001101111000011110011100001000000
0001110000001100111000000000011000000000010000000000100000000001000011100110001100111000001001111100001100001000000000000
0000000000000001111100000111111000001100010000000000100000110011000011111110000110111000011111110000011110110000000000000
0000000110000001111110000111001100000000011000000000110001111111100111101111011100111011111011100100111100000000000000000
0000010000000001111000000111111000000100011000000000110000000001000000111110000111111100011001100000111110000000001000000
0000000000000011110000001110110000011101100000010011000000000100000000011000000001101100000110011000001111100000000010000
0000000000000000000000000010000000001111000000010100000000010000010000000011000010111000000110000000000000000000000000000
0000000000000011110000001100110000000000110000000001100000000011000011111100001000011100110011101100000000000000000000000
0000000000000111110000011111110001100001110000000011100000000110000000011100000001110000000111000000001111110000000111110
0111110000001101110000000000011000000000010000000001100000000110000000111000000011100000001111111110011100000000000000000
0000000000000111000000001011100000000001000000000110000000011000000001100000000111111111000000000000000000000000000000000
0000000000000111111000001110110000000000100000000011000000001100000000111001000011100111001111111100011000100000100000000
0000001100000000111100000000001000000000110000000001000000000100000000010000000001101100000111100000011100000000000000000
0000111000000110001000000000011000000000010000000000100000011111000011000110000100011100001001101100011100000000000000000
0000000000000001110000000100100000000001000000000100000000001000000000100000000001000110000100110000001110000000010000000
0000100000000011100000001111100000010001100000000001100000000011000011111110000111111000001111111110000000000100000000000
0000000000000011110000001100110000011001100000010011000000000100000000011000000001100000000010011100001111110000001001000
0000000000000001111000000111110000000111100000000011000000001100000011111000101111100011011111111100000000100000000000000
0001111000000000001100000000011000000001100000000110000000011000000001100000000110000000000100111100001111101000000000000
0000000000000111000000011111100000000001100000000011000000000110000000001100000000010000000011100000000011111100000000000
0001111100000000011100000000001000000000010000000011100000001111000011111000011111111000111111111100000000010000000000000
0001111000000000110000000000010000000000100000000001000000011011000011111110000010001000000110110000000111000000000000000
0001100000000011110000000011110000000001100000000011000000001110000001111100000011111100001101111100001111001000000000000
0000000000000111111000000110010000000000100000000011000000111111000011011101001101110011001110000010000000000100000000000
0000000100000000111110000001001100000010001000000000010001111001100110011010001000011100010001111000111110000000100000000
0000010000000011111000000110110000001000100000000011000000000110000000011000000001100000000110000000001111110000000111000
0001110000000111010000000000110000000000100000000001000000000100000000011000000111111111001111000110011100000000000000000
0001000000000000100000000000100000000001100000000011000000000100000000011000000000100000000010000000000110000000000000000
0000000000000001100000000011110000001110100000010001000000000100000001111110100111111111001101000000001110000000000000000
0000011000000001111000000000001000000000010000000000100000011111000011000111001100110000010011000001111000000000000000000
0000000000000000011100000011111000000111110000000011000000000100000001111001100111111110011110000000111000000000000000000
0000000000000000000000000001100000011100001100000000001000000000100000011111001100010000010010000000000000000000000000000
0000000000000000011000000111110000000000100000000011000000000100000000011000000000100000000011000000000100000000001110000
0000110000000011110000000000110000000001100000000001000000000010000011110110000110111100000100110000001111100000000100000
0010000000001111111000000000110000000001100000000110000000011100000001110000000011000110001100111100011111100000001000000
0000000000000000111000000011111000001100110000000001100000000011000000000110000111111110011001100000101110000000000000000
0000001000000000010000000000100000000001000000000100000000111000000001110000000011010000000000110000000000000000000000000
0000001000000000111000000011010000000100100000000011000000000100000000001000000000100000000111000000001111100000000010000
0000011000000011111000000110001000001000010000000001100000000010000000001100000011111000001111111100011000000000100000000
0000001000000111111100000100011000000001110000000011000000001100000000110000000011111110001111100000111100000000000000000
0000110000000111110000001111110000000000110000000001100000000010000001111100000011111111000111101100001110000000010000000
0000111000001111111000010000011000000000110000000001100000000011000001111110000111111100001101111000011110011100000000000
0001111000000111111100000111111100000000011000000000011001110001110111110011001111111100011111111000011111110000000000000
0011000000001111100000000001100000000001100000000001100000000011000001110010000010011100000110111000000111110000000110000
0000110000000011110000001110010000001000100000000011000000000100000000011000000000100000000011011000001111110000001111000
0000111000000011111000000110110000000000110000000001100001110011000111111111011001111110111111111100111001100000000000000
0000111100000010001000000000001000000000000000000001000000000010000000001000000011111100001011001000011000000000000000000
0000111000000000011000000000100000000011000000000110000000011000000001100000000110000000000111111110000011100000000000000
0000000000000000011100000011101000000111010000011101000000000010010001111001100101111100011111100000111000000000000000000
0000001110000000000100000000001100000000010000000001000000000110000011111000000101110000010110000000011000000000000000000
0000000000000000110000000011100000001001100000000011000000000100000000111000000111011111001000001100000000000000000000000
0011000000000011100000000011100000000011000000000011000000000110000000011000000001110000000011001110000111100000000000000
0000000000000011111000000100001000000000010000000000100000000001000111111100011000011100100001001100111100001000000000000
0000000000000000100000000111110000000000100000000001000000000010000000011111000011110011011110000000110000000000000000000
0000011000000001101000000010010000000001100000000010000000001100000000010000000011100000000111000000001101000000000001000
0000001100000000111000000000010000000001100000000010000000001000000000110000000011111100000111111000011000000000000000000
0000000010000000011110000011100100000100010000000001100000011110000001111000000100111000011010010000111000000000000000000
0000011000000001110000000010010000000100100000000011000000000100000000111000000011110000000010010000000000110000000000000
0000001000000011111000001100010000000000100000000001000000000110000000011000000001100000000111111000011111111000010000000
0000100000000111100000000001100000000001000000000010000000000110000000111000100010111110001111001000001000000000000000000
0000000000000001111000000011110000000100110000000000100000011111000001111111000110011000001100100000011110000000000000000
0000001000000000111000000000010000000000100000000001000000000100000000111000000011110000000111000000001100000000000000000
0000010000000011111000001110110000001100110000000001100000111111110111100111101100011010011001110000011110000000000000000
0000000000001111110000011111110000000000110000000000100000000011000000001110000000111000000011100000011111100000111100000
0000011000000000101000000011010000000100110000000001100000010010000001011100000100011000001001100000011101000000000000000
0000000010000000011100000000111000000000010000010000100011111011000100111100001111111000001111110000000000010000000000000
0000010000000011111000000111111000000000110000000001100000000111000000111100011111111110111111111000000000000000000000000
0000000000000001111100000010001000000000010000000001100000000010000000011000000011000000001111000000000001000000000001100
0000111000000000010000000000100000000001000000000000000000000000000000110000000011111100000110001100000000000000000000000
0000000000000011100000011100110001100000100010000001100000000011000000000110000011111100000011111000000111100000000110000
0000000000000011110000000100010000000000100000000001100000000010000000000100000011111000001101110000011110000000000000000
0001111000000011111000000000011000000000011000000000110000110001100111111110001101111000011111110000000000100000000000000
0000000000000111110000001111100000000011100000000111000000001110000000111001100011111111000111111100001111100000001100000
0000000000000000000000000000000000011110000000000110000011101000000011110000100000011111000000000000000000000000000000000
0000000000000001100000000111110000001110100000000000100000000010000000111110000011111100000100100000001110000000001000000
0011111000000111111000001000110000000001100000000011000000000110000011111111100111111111001111111100011100000000000000000
0000010000000001100000000010000000000100000000011111000000000110000000011000000001100010000010011000001111000000001000000
0000001000000000010000000000000000000000000000000000000000000000000000111000000010110000000011110000000100100000000000000
0000000000000011100000000000100000000000100000000001000000011110000011001111000100110001001111000000000000000000000000000
0000111000000000011000000000010000000000100000000001000000000010000001111100000111111000000111110000000000100000000000000
0000110000000011110000000000110000000001100000000001000000100110110011111111000100011000001101100000001110000000000000000
0000000000000001111100001100001000011000110000000001000000111110010011011000100111111001011110011110010000111000000000000
0000000000000011110000001111110000001001100000000001100001110110000111111110001111111110000000001110000000001100000000000
0000011000000111111000001000001000000000010000000000100000000011000011111110001111111000001111011000000000010000000000000
0000000000000011110000001111110000011100110000010001100001111011000110011110001100111000001111111110001110011100000000000
0000001000000011111100001111111000011101110000110011100000001110000000111000000001110000000111111100001111111000011110000
