0000001000000011111000000100011000000001100000011111000000000001000000000011000000000100011000001000011011100000011100000
0000111100000000101100000000001100000000110000000111000000111111000000000110000000001100111111110000111110000000000000000
0000000000000111110000011111110000000011100000111110000011111110000000001110000010000110000100001100001111110000001111000
0000000000000111100000000111110000000011100000000111000000011100000001111000000000111100000001111000000111100000001110000
0000000000000011111000011110110000000011000000001100000000111111100011000001000000000010000000001100010001110000111110000
0000100000000111110000000000100000000011000000001111100000000001000000000001000000000010000100001000000111110000000000000
0000111100000001111100000000001000000000110000000111100000001110000000001100001000001100011111111000011111000000000000000
0000000000000011111000001111110000001111100000001111000000011110000000011100000001111000000111110000001111000000011100000
0000000100000001111100000000011000000000100000001111000000111110000000000110000000001100001111110000011111100000000100000
0000011000000001111100000000011000000001100000001111000000111110000000000110000000001100001100110000011111000000001000000
0000010000000011110000000100100000000001000000000110000000001100000000001110000000000100000010011000000111100000000100000
0000000000011111110000011000110000000011000000011110000001111111000000000011000000000011000000011100011111110000000000000
0000000010000000011110000001100100000000011000000011100000011110000000000100011100011000111111100000011110000000000000000
0000000000000000000000000111100000111001100000000010000000111100000001111000000000011000000000010000000000110000000001000
0000011000000001111100000000001000000000110000000111000000111100000000000100000000001000010000110000110111000000111000000
0001100000000001111000000000011000000001100000111111000001100111000000000110000000000100000000011001111111100000111000000
0000000000000000110000011111111000100000110000000011000000011100000000111100000000001100000000011000000001100000111110000
0000000000000001111100000110011000000001100000000111000000011010000000000110000000001100011000010000011111100000000110000
0000000000000001111000001110011000010001100000001110000000111100000000011110000000000100000000111000001111100000111000000
0000000000000001110000000111111000000001110000000111000000011100000000011100000000011000000000110000011111100000111110000
0000000000000001111100000001111100000000110000000011100000001111001000011110010000001100111111111000011111100000000000000
0000000000001111111000010000001000000000011000000001110000001110000000011011000000000110000000011000000111100011111000000
0000000000000001000000001111100000000001100000000011000000000100000000000100000000001000000000010000000001100000001110000
0000010000000011100000001101000000010110000000011110000001100011000000000011000001000010000100001000001101100000001100000
0000000000000111110000011111110000000001100000011111000000111111000000000110000000000100001110011000011111110000011111000
0111000000000001100000000000110000000000100000011111000000111100000000001100000000001100000000011000011111100000000000000
0000000000000011100000011101100000100011000000000111000000011011000000100010000000001100000000010000001111100000001110000
0001110000000010010000000000100000000010000000001110000000000010000000000010000000000100001100011000001111100000000000000
0000000000000001110000011111110000000001100000000010000000001100000000111100000000001000000000010000000101100000001110000
0000000000000011111000000111111000000011110000001111100000011110000000111100000000011000011101110000111111000000111100000
0000001100000001111100000110011000000001100000011111000001111111000000000110000100001100001111111000011111100000001100000
0000000000000011111000001110010000010000100000000001000000001110000000000010000000001100000000010000000000100000111110000
0000000000000011110000011111110000010001100000000110000000111110000011111110000000000110000001011000000111110000001110000
0000111000000011010000000000100000000001000000000100000000111110000110000010000000000010000000001100010000110000011011000
0000000000000011100000000001100000000010000000001100000000011111000000000100000000001000000000100000000010000000111000000
0000000000000001111000000110110000001000100000000111000000011100000001111000000000011000000000110000000011000000111100000
0000000000000000101100001111111000011111110000001111000000011110000001110100000001001000011000110000011111100000011110000
0000000000000111110000000111100000000001100000000110000000011100000000111100000000011000000000010000000011100000001110000
0000000000000001111110000011111100000001110000000111000001111011000000000110000000001000000001110000100110000001111000000
0000000000000001111100000000011000000001100000001111000000010110000000001000000000110000010011000000111100000000010000000
0000000000000000000000000011100000000001000000000100000000010000000000010000000000010000000000100000000011000000001100000
0000100000000011100000000001100000000011000000000100000000001100000000001100000000011000000001100000001111000000001000000
0000000000000011111100000000011000000011100000001110000000000011000000000011000000000100000000110000011111000011110000000
0000000000000000000000111111000000000010000000001000000000111110000000000110000010000010000111111100000000000000000000000
0000000000000000111100000011101100001100010000000001100000001110000000111110000000001000110000110001100011000001111100000
0000000000000011111100000111111100000000111000000011100000111110000001111110000000011000001001110000011111000000111000000
0000000000000001111100000011001100000000010000000011000000011100000001101100000100001000010000110000100011000000111100000
0000000000000001111000001100110000000010000000011000000000011100000000000100000000000100000100001000001000010000001111000
0000000010000000011100000111001000000000110000000011000000001100000001111000000010011000000000010000111111000001110000000
0000001000000001111100000111011000000000110000000111100000001110000000000110000000001100010001111000111111100000111000000
0000000000000000000000000000111100000001111000000001100000111100001000001100011000010000001111000000000000000000000000000
0000000000001101111110011111111100111111110000001111000000111111000001111110000000001110000111111100001111110000011111000
0001110000000000010000000000100000000010000000001100000000001100000000000100000000000100001000011000011111100000000000000
0000000000000000011100000001111000000111110000000011000000011110000001111100000100011000011000110000110111000000111100000
0000000000000011111000000000010000000001100000000110000000111100000000001100000000001000000100110000001111000000000000000
0000000000000001110000000010110000000001100000000110000000000110000000001100000000011000000001100000001110000000110000000
0001111000000011110000000011100000001111000000000011000000000011000000000010000011100100000111111000000111100000000000000
0000000000000011110000011100100000000001000000000110000000111100000001100110000000000100000000001100000000110000001110000
0000110000000011110000000000100000000011000000011100000001111100000000001110000000000110000000001100000111110000001110000
0000000000000111111000000000010000000001100000000110000000111000000000001100000000001000000000010000000001100000011110000
0000000000000011111000011100010000000001100000000110000000011110000000000110000100000100001000001100001100110000000111000
0000000000000011111100001111111100001111111000001111000000001100000000001000000000001000011100110000111111100000011111000
0000000000000001110000000011100000000111000000011111000000111110000000000110000000011100001111110000011111000000000100000
0000000000000111111000011111110000000011000000001110000000011111000000000011000000000010000100001100001111111000011111000
0000000000000011100000000111110000000111110000000111100001111110000011110110000000011100000011110000011111000000111000000
0000110000000111111000000000110000000011100000111110000000000111000000000110000000000110011000001100111111110000000111000
0000000000000000111100000011000000000000100000000011000000001110000000000100000100010000001101100000001110000000000000000
0001000000001111100000000001100000000001000000000010000000001110000000000110000000000100000110001000001111110000000111000
0001110000000111110000000000100000000111000000011110000000100110000000000100000001001000000111111000000111110000000000000
0000011000000000011000000000010000000001100000011110000000110110000000000100000000001000000100110000001111000000001000000
0000000000000011111100000000001000000001100000001111000000110011000000000010000000001100001000010000001011000000011100000
0000000000000000000000000011111100011100111000001111100000011100000000000100001000000100011100001000001111110000000111000
0000000000000000000000000001111100000111111000000001100000011100000011100100011000010000001111000000000000000000000000000
0000000000000011100000000101100000000001000000000100000000011000000000001100000000001000000000010000000100100000000110000
0000011000000001111100000000111100000001111000001111100000111111000000000110000000001100011111110001111111000001110000000
0000000000000011110000001100110000000011100000001111000000000011000000000010000000001100000100110000010011000000111000000
0000011100000000111100000000011000000000110000000111000000001110000000001100001000001000111111110000011110000000000000000
0000100000000011110000000000110000000000110000000000100000001111000000011100000100011000011100110000011111100000000000000
0000000000000001111110000001011100000000011000000011000000011100000000011000000000010000100001100001101110000001110000000
0000000000000000011111000011111100000011111000000011100000111110000011111000000000110000001001100000111111000000111100000
0000000000000111110000000001110000000001100000000111000000001110000000001110000100011000001111110000001111000000000000000
0000000000000111000000000001100000000000100000000011000000001110000000000110000000001000000000110000000111000000011000000
0000000000000000111100000110010000010010000000001000000001101111000111100001000000000010000000000100000000010000011111000
0000000000000011111000000111110000000111100000011111000000011111000000000110000000001100000101111000011111100000011100000
0000010000000001110000000011100000000111000000001111000000011111000000000110000010011100000111110000001111000000001000000
0000000000000000111100000111101000000000110000000011000000001100000001111000000010010000000001100000000110000001111000000
0000000000000001111100001110011000000001100000001100000000011000000000001100000000000100000000001000011000110000111110000
0000000000000001100000000111000000000010000000000100000000001110000000000100000000001000000000110000000001000000001100000
0000000000000011110000000100110000000001100000001100000000011110000000000110000000000100000000011000000001100000111110000
0000100000000111110000001100100000000011000000011111000000000010000000000010000000000100001100011000001111100000000000000
0000111000000001001000000000110000000001000000001100000000011000000000011100001000001100011000011000001111100000000000000
0000000000000001110000000000010000000001100000000110000000011000000000011000000000001000000000010000001001100000000100000
0000000000000111110000001111111000000000110000000111000000011100000001111000000000011000000010011000001111100000011111000
0000000000000000011100000011111000000100100000000010000000011100000001100100000000001000000000010000010001100000011110000
0000000000000000000000011111111100011111111000000011000000001100000000011000000000011000000000011000000001100000011110000
0000000000000011111100001111111100000000011000011111110001111111000111111111001100000110011111111000011111110000000100000
0000000000000001111000000100110000000001100000000100000000111100000001000100000000001100000000010000000001100000111100000
0000000000000000111100000011011000000000010000000011000000111110000000000100000000001000000000110000111011000000111000000
0000100000000011110000000101110000000111100000001110000000011110000000001100000000011000000111110000001111100000000100000
0000000000000000000000011111000000000010000000001111000000111000100000000001100100000110000111111000000000000000000000000
