0000000100000000011000000000110000000011100000000111000000001100000000111000000001110000000011000000000110000000001000000
0000000000000000001100000000111000000001100000000110000000001100000000110000000001100000000110000000001100000000011000000
0000000000000000100000000001000000000010000000000100000000001000000000010000000000110000000000100000000001000000000001000
0000000000000000110000000001100000000011000000000110000000001100000000010000000000100000000011000000000110000000000000000
0000000010000000011100000000110000000011100000000111000000001100000000111000000001110000000111000000001110000000001000000
0000000000000000001100000000111000000001110000000111000000001100000000111000000011100000000110000000001100000000010000000
0000001000000000010000000000100000000011000000000110000000001100000000011000000000110000000001100000000011000000000000000
0000000100000000001100000000110000000001100000000110000000001100000000110000000011000000000110000000011000000000000000000
0000000000000000001000000000010000000001000000000010000000001000000000010000000001000000000110000000001000000000000000000
0000000000000000100000000001000000000010000000000100000000001000000000010000000000100000000001000000000011000000000000000
0000000000000000010000000001100000000011000000000110000000001000000000010000000001100000000011000000000100000000001000000
0000000000000000001000000000110000000001100000000110000000001100000000110000000001100000000110000000011000000000000000000
0000000000000000100000000001000000000010000000000110000000001100000000011000000000110000000001100000000001000000000010000
0000000000000000000110000000001100000000110000000011000000001100000000111000000011000000001100000000110000000001100000000
0000000100000000001100000000110000000001100000000111000000001100000000111000000001100000000111000000001100000000001000000
0000000000000000100000000001000000000010000000000100000000001000000000010000000000100000000001000000000011000000000000000
0000000000000000100000000001000000000011000000000100000000001000000000010000000000100000000001000000000011000000000000000
0000000000000000110000000001100000000011000000000110000000001000000000010000000000100000000001000000000110000000000000000
0000000010000000001100000000011000000001100000000011000000001100000000111000000001100000000110000000011100000000000000000
0000000000000000001000000000110000000001000000000110000000001000000000110000000001000000000110000000001100000000001000000
0000000000000000100000000001100000000011000000000110000000001100000000010000000001100000000011000000000110000000001100000
0000000000000000011000000000100000000001000000000110000000001100000000110000000001100000000010000000001100000000000000000
0000000000000000011100000000111000000001100000000111000000001100000000011000000001100000000111000000001100000000011000000
0000000000000000000100000000011000000001100000000110000000001100000000110000000011000000000110000000001000000000000000000
0000000000000000110000000001100000000011000000000110000000001100000000011000000000110000000001100000000011000000000110000
0000000000000000110000000001100000000111000000001110000000001100000000011000000000110000000001100000000011000000000110000
0000000000000001100000000011000000000010000000000110000000001100000000011000000000110000000001100000000011000000000010000
0000000000000000001000000000010000000001100000000010000000001100000000010000000001100000000010000000001100000000010000000
0000000000000000001000000000010000000001100000000010000000001100000000011000000001100000000011000000000100000000001000000
0000000000000000001000000000110000000001100000000110000000001100000000010000000001100000000011000000000100000000001000000
0000000000000000100000000001000000000010000000000100000000001000000000010000000000100000000001000000000010000000000000000
0000000000000000010000000001100000000011000000000110000000001000000000010000000000100000000001000000000010000000000100000
0000000000000000100000000001000000000010000000000100000000001000000000010000000000100000000001000000000001000000000010000
0000000000000000001000000000100000000001000000000010000000000100000000010000000000100000000001000000000100000000000000000
0000000010000000001100000000011000000001100000000011000000001100000000110000000011100000000110000000011000000000100000000
0000000000000000010000000001100000000011000000000100000000001000000000010000000000100000000001000000000100000000001000000
0000000000000000011000000000100000000001000000000110000000001100000000011000000000110000000011000000000110000000001000000
0000000000000000010000000000100000000011000000000110000000001000000000010000000000100000000001000000000010000000000100000
0000000000000000110000000001100000000011000000000110000000001100000000011000000000110000000011000000000110000000000000000
0000000000000000010000000000100000000011000000000110000000001100000000010000000001100000000011000000000110000000001000000
0000000000000000100000000001000000000010000000000100000000001000000000010000000000100000000001000000000010000000000100000
0000000000000001000000000011000000000010000000000100000000001000000000011000000000110000000001100000000011000000000100000
0000100000000001100000000011000000000111000000001110000000001100000000011000000000110000000001110000000001100000000001000
0000000000000001100000000001000000000011000000000110000000001100000000011000000000110000000001000000000011000000000000000
0000000000000001100000000011000000000011000000000100000000001100000000011000000000110000000001100000000011000000000110000
0000000000000000000110000000011100000001110000000111000000011100000000110000000011000000000110000000001100000000011000000
0000000000000000100000000001000000000010000000000110000000001100000000011000000000110000000000100000000001000000000010000
0000000000000000100000000011000000000111000000001110000000011100000000011000000000110000000001100000000001100000000010000
0000000000000000100000000001000000000010000000000100000000001000000000011000000000110000000001100000000011000000000000000
0000000000000000111000000001110000000011100000000110000000001100000000111000000001110000000011100000000111000000001110000
1111111111111111111111111111111111111111111111111111111111111111111111111111111111111111111111111111111111111111111111111
0000000001000000000110000000001100000000110000000011000000001100000000111000000011000000001110000000011000000000100000000
0000000000000000000110000000011000000001100000000011000000001100000000110000000001100000000110000000011000000000100000000
0000000000000000001000000000110000000001100000000110000000001000000000110000000001000000000110000000001100000000010000000
0000000100000000001100000000111000000001100000000111000000001100000000111000000011110000000111000000011100000000010000000
0000000000000000100000000001000000000010000000000100000000001000000000011000000000110000000000100000000001000000000000000
0000000000000000100000000001000000000010000000000100000000001000000000011000000000010000000000100000000001000000000010000
0000000000000000011000000000100000000001000000000110000000001000000000010000000001100000000010000000000100000000010000000
0000001000000000011000000000110000000011100000000111000000011100000000111000000011100000000111000000001100000000010000000
0000000000000000000100000000011000000000110000000011000000001100000000111000000001100000000110000000011000000000010000000
0000000000000000110000000001100000000011000000000110000000011100000000111000000001110000000011100000000011000000000011000
0000010000000000110000000001100000000011000000000100000000001000000000010000000000100000000011000000000110000000001000000
0000000000000001100000000011000000000111000000000110000000011100000000011000000000110000000001100000000011100000000010000
0000000000000000011000000000110000000001000000000010000000001100000000010000000001100000000010000000001100000000010000000
0000000000000000110000000001100000000011000000000110000000001100000000011000000001110000000001100000000011000000000010000
0000000000000000100000000001000000000010000000000100000000001000000000010000000000100000000001000000000010000000000000000
0000000100000000011000000000110000000001000000000110000000011100000000110000000011100000000110000000001100000000000000000
0000001000000000110000000011100000111001000000000010000000000100000000011000000000110011000111111100000000000000000000000
0000000000000000001100000000111000000001100000000111000000001100000000111000000011100000000111000000001100000000000000000
0000000000000000010000000000100000000001000000000010000000001100000000010000000000100000000001000000000110000000000100000
0000000000000000110000000001110000000011100000000111000000001100000000111000000001110000000111000000001110000000011000000
0000000010000000000100000000010000000001100000000110000000001100000000110000000011000000000100000000011000000000000000000
0000000000000000001100000000011000000001100000000011000000001100000000110000000001100000000110000000011100000000110000000
0000000000000000100000000001000000000010000000000100000000001000000000010000000000100000000001000000000011000000000010000
0000000000000000010000000000100000000001000000000110000000001100000000010000000001100000000011000000000100000000001000000
0000000010000000001100000000111000000001100000000111000000011100000000111000000011100000001110000000011100000000010000000
0000000100000000011000000000110000000011100000000110000000001100000000110000000001100000000011100000000110000000001000000
0000001000000000011000000000110000000011000000000110000000001100000000110000000001100000000011000000001110000000001000000
0000000000000000011000000000110000000001100000000010000000001100000000010000000000100000000011000000000100000000011000000
0000000100000000001000000000110000000001100000000110000000001100000000110000000001100000000011000000000110000000000000000
0000000000000000001000000000110000000001000000000010000000001100000000010000000000100000000011000000000100000000001000000
0000000000000000001100000000110000000001000000000010000000001100000000010000000001100000000011000000001100000000001000000
0000000100000000011000000000110000000001100000000110000000001100000000111000000001110000000011000000001110000000001000000
0000000000000000110000000001000000000011000000000100000000001000000000010000000000100000000001000000000011000000000100000
0000000000000000100000000001100000000011000000000110000000001100000000010000000000100000000001100000000011000000000010000
0000000000000001100000000011000000000010000000000110000000001100000000011000000000111000000001110000000011000000000000000
0000000001000000000110000000011000000001110000000111000000001100000000110000000011000000001110000000011000000000100000000
0000000000000001100000000001000000000011000000000110000000001100000000011000000000110000000001110000000001000000000011000
0000000000000000011000000000110000000001100000000110000000001100000000111000000001100000000011000000000110000000001000000
0000000000000000010000000000000000000000000000000100000000001000000000010000000000100000000001000000000010000000000000000
0000000000000000010000000000100000000011000000000100000000001000000000110000000001000000000010000000000100000000000100000
0000000000000000010000000000100000000001000000000110000000001100000000010000000000100000000011000000000110000000001000000
0000110000000001100000000011100000001111000000011010000000100100000000001000000000010000000111111000001111110000000000000
0000001000000000111000000001110000000011000000000110000000001100000000111000000001110000000011100000000111000000000100000
0000000000000000010000000001100000000011000000000100000000011000000000110000000001100000000011000000000110000000000100000
0000000000000000011000000000110000000001100000000111000000001100000000111000000001100000000111000000001100000000000000000
0000000000000000011100000000110000000001100000000110000000001100000000110000000001100000000110000000001100000000011000000
0000000000000000010000000001100000000011000000000110000000001100000000011000000000110000000001100000000010000000000100000
0000000100000000001000000000110000000001100000000110000000001000000000110000000001000000000110000000001100000000010000000
0000000000000000110000000001100000000011000000000110000000001100000000011000000000110000000001100000000011000000000110000
0000000000000000010000000000100000000011000000000110000000001000000000010000000000100000000011000000000110000000001000000
0000000000000000011000000000100000000001000000000110000000001000000000010000000001100000000010000000000100000000010000000
0000000000000001110000000011100000000111000000001110000000011100000000011000000000110000000001100000000011100000000010000
0000000000000000001000000000100000000001000000000010000000001000000000010000000000000000000010000000000000000000010000000
0000000000000000011000000000110000000001100000000111000000001100000000111000000001100000000011000000000110000000001000000
0000000000000001110000000111100000000011000000000100000000001000000000010000000000100000000011110000001111110000000000000
0000000000000000000110000000011000000001100000000011000000001100000000110000000011000000000110000000011100000000000000000
0000000000000000110000000001100000000011000000000110000000001100000000011000000000110000000001100000000011100000000000000
0000000000000000110000000001100000000011000000000110000000001000000000010000000001100000000011000000000110000000001000000
0000000000000000000110000000011000000001100000000011000000001100000000110000000001000000000110000000011000000000000000000
0000000000000000011000000000110000000011000000000110000000001100000000010000000001100000000011000000001100000000011000000
0000000000000011100000000111000000000110000000001110000000011100000000011000000000111000000001110000000011100000000010000
0000010000000001110000000111100000000011000000000110000000001000000000010000000000100000000111110000001111110000000000000
0000000000000000010000000000110000000011000000000110000000001000000000010000000001100000000011000000000100000000001000000
0000010000000000100000000001000000000011000000000110000000001100000000011000000000110000000001100000000011000000000000000
0000000010000000001100000000010000000001100000000110000000001100000000110000000001100000000110000000001100000000010000000
0000000000000000001000000000100000000001000000000110000000001000000000010000000001000000000010000000000100000000000000000
0000000000000000110000000001000000000010000000000100000000001100000000011000000000110000000001100000000001000000000010000
0000000000000000100000000001000000000010000000000100000000001000000000010000000000100000000001000000000110000000000000000
0000000000000000110000000001100000000011000000000110000000001100000000010000000000100000000011100000000110000000000000000
0000000000000000010000000000100000000001000000000110000000001100000000011000000000110000000001000000000010000000000100000
0000000000000000010000000000100000000001000000000110000000001000000000010000000000100000000001000000000010000000000100000
0000000010000000001100000000011000000000100000000011000000001100000000010000000001100000000110000000001100000000010000000
0000000000000000100000000001000000000010000000000100000000001000000000011000000000110000000001100000000001000000000010000
0000001000000000110000000001100000000011000000000110000000001000000000010000000001100000000011100000000111000000000000000
0000000000000001100000000011000000000110000000000110000000001100000000011000000000110000000000110000000001100000000010000
0000000000000000010000000001100000000011000000000110000000001100000000011000000000100000000011000000000110000000001000000
0000010000000001110000000011100000000111000000001110000000011100000000111000000001110000000011100000000111000000000100000
0000000100000000011000000000110000000011100000000110000000011100000000111000000011100000000111000000001100000000010000000
0000000000000000100000000001000000000011000000000110000000001100000000011000000000110000000001100000000010000000000100000
0000000000000000010000000000100000000001000000000010000000001100000000010000000000100000000001000000000010000000000100000
0000000000000000000011000000011100000000110000000011100000001110000000111000000011100000001110000000111000000001100000000
0000000000000000000100000000111100000111110000001011000000001110000000011000000001100000000111000000001100000000110000000
0000001000000000110000000001100000000011000000000110000000001100000000011000000000110000000011100000000111000000000100000
0000000000000000011000000001110000000011100000000110000000011100000000111000000001110000000011100000000111000000000100000
0000000000000001000000000011000000000110000000000110000000001100000000011000000000110000000001100000000011000000000010000
0000000000000000001100000000010000000001100000000011000000001100000000111000000001100000000111000000001100000000000000000
0000000000000000000100000000011000000001100000000011000000001100000000110000000001100000000110000000001100000000010000000
0000000000000000110000000011100000000111000000000110000000001100000000011000000000111000000001100000000011000000000100000
0000000100000000001000000000110000000001100000000110000000001100000000110000000001100000000110000000001110000000010000000
0000000000000000001000000000110000000001100000000111000000001100000000110000000011100000000110000000001000000000010000000
0000000000000000100000000001000000000010000000000100000000001000000000010000000000100000000001000000000010000000000100000
0000000000000000100000000001100000000011000000000110000000001100000000011000000000110000000001100000000011000000000000000
0000000000000000010000000000100000000001000000000010000000001100000000011000000000100000000001000000000010000000001100000
0000000000000000000011000000001100000000110000000011000000001100000000111000000001100000001100000000110000000001000000000
0000000000000000010000000000100000000011000000000110000000001100000000011000000001100000000011000000000110000000001000000
0000000000000000001000000000110000000001100000000111000000011100000000111000000011100000000110000000001100000000010000000
0000000000000000001100000000110000000001100000000110000000001100000000111000000001100000000011000000001111000000001100000
0000000000000001000000000000000000000010000000000100000000001000000000001000000000010000000000100000000000100000000000000
0000000000000000000100000000011000000000100000000011000000001100000000110000000001000000000110000000011000000000100000000
0000000000000000100000000001100000000011000000000110000000001100000000011000000000110000000001000000000010000000000100000
0000010000000000100000000001000000000010000000000110000000001100000000011000000000110000000001100000000011000000000000000
0000000000000000001000000000110000000001000000000010000000001000000000010000000001000000000010000000000100000000000000000
0000000000000001100000000011000000000110000000000100000000001000000000010000000000100000000001100000000011000000000011000
0000000100000000011000000000100000000011000000000100000000001000000000110000000001100000000011000000000110000000001000000
0000000000000000100000000001100000000011000000000110000000001100000000011000000000110000000001100000000011000000000100000
0000000000000000011000000000110000000001100000000011000000000100000000011000000000110000000011000000001110000000010000000
0000001000000000011000000000110000000011000000000110000000001100000000111000000001100000000011000000001100000000000000000
0000000000000000001100000000010000000001100000000110000000001100000000110000000001000000000110000000001100000000010000000
0000000000000000010000000000100000000011000000000110000000001100000000011000000000110000000001000000000010000000000100000
0000000000000100000000001100000000001100000000001100000000011100000000011000000000011000000000110000000000110000000001100
0000000000000000011000000000110000000001000000000110000000001100000000011000000000100000000011000000000110000000000000000
0000000000000000010000000001100000000011000000000110000000001000000000010000000000100000000001000000000011000000000010000
0000000000000000011000000000100000000011000000000110000000001100000000010000000001100000000011000000000110000000000000000
0000000000000000100000000001100000000011000000000110000000001100000000011000000000100000000001100000000011000000000010000
0000000000000000001000000000110000000001100000000111000000001100000000110000000011100000000110000000001000000000010000000
0000000000000000100000000011000000000010000000000100000000001100000000011000000000010000000000110000000001000000000000000
0000000010000000001100000000011000000001100000000111000000001100000000110000000011000000001110000000111000000000100000000
0000001100000011101000000000010000000000100000000001000000000010000000000100000000001000001111111100000000000000000000000
0000000000000000000110000000011000000001110000000011000000001100000000110000000001100000000110000000011000000000100000000
0000000000000000010000000000100000000011000000000110000000001100000000011000000000110000000001100000000011000000000000000
0000000000000000010000000000100000000001000000000110000000001100000000010000000000100000000001000000000010000000000000000
0000000000000001100000000001000000000010000000000110000000001100000000011000000000110000000001100000000011100000000110000
0000000000000000100000000001100000000011000000000110000000001000000000010000000000100000000001000000000010000000000100000
0000000000000000011000000000100000000011000000000110000000001100000000110000000001100000000011000000001110000000001000000
0000000000000000001000000000110000000001000000000110000000001000000000110000000001000000000010000000001100000000010000000
0000000000000000000100000000011000000000100000000011000000000100000000010000000001100000000110000000001000000000110000000
0000000000000000011000000000110000000001100000000111000000001100000000111000000001110000000011000000000110000000000000000
0000000000000000100000000001000000000010000000000100000000001100000000011000000000010000000000100000000001000000000010000
0000000000000000110000000001100000000010000000000110000000001100000000011000000000110000000001100000000010000000000100000
0000000000000000001000000000110000000001100000000110000000001100000000110000000001100000000110000000001100000000010000000
0000000000000000100000000001100000000011000000000110000000001100000000011000000000110000000001100000000011000000000010000
0000000000000000110000000001100000000011000000000110000000001100000000010000000001100000000011000000000100000000000000000
0000000000000001100000000011000000000110000000001100000000001000000000011000000000110000000001110000000001100000000010000
0000010000000000100000000001000000000010000000000110000000001100000000011000000000110000000001100000000011000000000000000
0000100000000001100000000011000000000010000000000110000000001100000000011000000000110000000001100000000011000000000010000
0000000000000001100000000011000000000110000000001100000000001000000000010000000000110000000001100000000001100000000000000
0000001000000000011000000001100000000111000000111010000000000100000000001000000000010000001111111000011000000000000000000
0000000000000000100000000001000000000010000000000110000000001100000000011000000000110000000001100000000001000000000010000
0000011000000001110000000011110000000111100000001111000000011110000000111100000001111000000011110000000111100000000100000
0000010000000000100000000001000000000010000000000100000000011000000000110000000000100000000001000000000011000000000010000
0000000000000000100000000001000000000010000000000100000000001000000000010000000000100000000001000000000010000000000100000
0000000000000000100000000001100000000011000000000110000000001100000000011000000000110000000001000000000010000000000100000
0000000000000000010000000001100000000011000000000110000000001100000000011000000000100000000011000000000110000000001000000
0000000000000000100000000001000000000010000000000110000000001100000000011000000000110000000001100000000001000000000010000
0000000000000001100000000011100000000111000000001110000000011100000000111000000001110000000011100000000110000000000100000
0000000000000000001000000000110000000001000000000110000000001000000000110000000001100000000010000000000100000000001000000
0000000000000000011000000000100000000001000000000110000000001000000000010000000000100000000011000000000110000000001000000
0000000000000000011000000000110000000001100000000111000000001100000000011000000001110000000011000000000110000000000100000
0000000000000000001000000000110000000001100000000110000000001100000000111000000001100000000011000000000100000000001000000
0000000000000000110000000001100000000011000000000110000000001100000000011000000000110000000001100000000011000000000010000
0000000000000000110000000011100000000111000000000110000000001100000000001000000000010000000001110000000111100000000100000
0000000000000000011000000000110000000001100000000110000000001100000000011000000001100000000011000000001100000000011000000
0000000000000000000000000000000000000010000000000100000000001000000000010000000000100000000001000000000000000000000000000
0000000100000000011000000000110000000011000000000110000000011100000000110000000001100000000011000000000110000000001000000
0000000000000000001100000000011000000001100000000011000000001110000000111000000011100000001110000000011000000001000000000
0000000000000000011000000000100000000001000000000110000000001000000000110000000001100000000110000100001100000000010000000
0000000000000000100000000001000000000010000000000100000000001000000000010000000000100000000001000000000010000000000100000
0000000000000000001100000000011000000001100000000011000000001100000000110000000001100000000110000000001100000000010000000
0000000000000000001100000000110000000001100000000110000000001000000000110000000001100000000010000000001100000000010000000
0000000000000000010000000001100000000011000000000110000000001100000000011000000000110000000001100000000011000000000000000
0000000000000001100000000011000000000110000000000100000000001100000000011000000000110000000000100000000001100000000011000
0000000000000000110000000011110000000111100000001110000000011100000000111000000001110000000011100000001111000000011100000
0000001000000000010000000000100000000001000000000110000000001100000000010000000001100000000010000000001100000000000000000
0000000000000000001000000000110000000001100000000111000000001100000000111000000001100000000011000000001100000000001000000
0000000000000000100000000011100000000111000000001110000000011100000000011000000000110000000001100000000011000000000011000
0000000010000000001100000000111000000001100000000110000000011100000000110000000011100000001110000000011000000000100000000
0000000000000000011000000011110000000111100000000110000000001100000000011000000001110000000011000000001100000000110000000
0000000000000000000000000000100000000001000000000110000000001000000000010000000000100000000010000000000100000000001000000
0000000000000000100000000001100000000010000000000100000000001000000000110000000001100000000001000000000010000000000010000
0000000000000000010000000001100000000011000000000110000000001100000000010000000000100000000001000000000010000000000100000
0000000000000000100000000001100000000011000000000110000000001100000000011000000000110000000001100000000011000000000000000
0000000000000000001100000000010000000001100000000010000000001100000000010000000001100000000010000000001100000000001000000
0000000000000000010000000000100000000001000000000110000000001100000000010000000001100000000011000000000110000000000100000
0000000000000000100000000001000000000010000000000100000000001000000000010000000000100000000001100000000011000000000100000
0000000000000000001100000000011000000001100000000011000000001100000000110000000001100000000110000000001100000000010000000
0000000000000000000110000000011000000000100000000011000000001100000000110000000011000000001100000000110000000000000000000
0000000000000000000100000000011000000001100000000111000000001100000000111000000011100000000110000000011100000000010000000
0000000000000000011000000001110000000111000000011010000000100100000000011000000000110000000001100000000011000000000010000
0000000000000000110000000001100000000011000000000110000000001100000000011000000000110000000001100000000011000000000000000
0000000000000001100000000011000000000110000000001110000000001100000000011000000000110000000001100000000011000000000110000
0000000000000000001000000000110000000001100000000011000000001100000000011000000001110000000011000000001100000000001000000
0000000010000000001110000000111000000001110000000111000000011110000001111000000111100000001111000000011100000000010000000
0000100000000001100000000011000000000111000000001110000000001100000000011000000000110000000001100000000001100000000001000
0000000000000000001000000000110000000001100000000110000000001100000000110000000001100000000110000000001100000000010000000
0000000000000000000110000000011000000001100000000010000000001100000000010000000001100000000111000000001100000000010000000
0000000010000000001100000000011000000001100000000011000000001100000000111000000011100000001110000000011000000000100000000
0000000000000000010000000001100000000111000000011110000000001100000000011000000000110000000001000000000010000000000110000
0000000000000000100000000001000000000010000000000110000000001100000000011000000000110000000001100000000001000000000010000
0000100000000001100000000011000000000111000000001110000000111100000000111000000000110000000001110000000001110000000000000
0000000000000000001100000000011000000001100000000111000000001100000000110000000001100000000110000000001000000000110000000
0000000000000000001000000000110000000011100000001111000000010100000000011000000000100000000010000000001100000000010000000
0000000000000000010000000000100000000010000000000100000000001000000000010000000000100000000001000000000010000000000000000
0000000000000000010000000000100000000001000000000110000000001100000000011000000000100000000011000000000100000000001000000
0000000000000000010000000000100000000001000000000110000000001000000000010000000001100000000010000000000100000000001000000
0000000000000000100000000001000000000010000000000100000000001000000000010000000000100000000001000000000010000000000100000
0000000000000000010000000000100000000011000000000100100000001001000000110000000001100000000010000000001100000000000000000
0000000000000000100000000001100000000011000000000110000000001000000000010000000000100000000001000000000110000000000000000
0000000000000000000100000000001000000000100000000010000000001100000000010000000001000000000100000000011000000000000000000
0000000000000011000000000010000000000100000000001100000000001000000000011000000000110000000000100000000001000000000000000
0000000000000000000000000000100000000001000000000010000000001000000000011000000000100000000001000000000010000000000100000
0000000000000000010000000000100000000011000000000110000000001100000000011000000000100000000001000000000110000000001100000
0000000000000000110000000001100000000011000000000110000000001100000000011000000000110000000001100000000011000000000110000
0000000100000000011000000000110000000011000000000110000000001100000000111000000001100000000011000000001100000000000000000
0000000000000000110000000001100000000011000000000110000000001100000000010000000000100000000011000000000110000000000000000
0000000100000000001100000000111000000011100000000110000000001100000000111000000001100000000111000000001110000000001000000
0000000000000000010000000000100000000001000000000010000000001100000000011000000000100000000001000000000010000000000000000
0000000000000000110000000001100000000011000000000110000000001100000000010000000000100000000001000000000110000000001000000
0000000000000000001000000000110000000011100000001111000000010100000000011000000000100000000010000000001100000000010000000
0000000000000000000110000000011000000001100000000110000000001100000000110000000001000000000110000000001100000000011000000
0000000000000000110000000001100000000011000000000110000000001100000000011000000000110000000001100000000011000000000110000
0000000000000001100000000001000000000010000000000100000000001100000000011000000000110000000001100000000011000000000000000
0000000000000000010000000000100000000011000000000010000000001100000000011000000000100000000001000000000110000000000000000
0000000000000000100000000001100000000011000000000110000000001100000000011000000000110000000001100000000011000000000010000
0000000000000000110000000001100000000011000000000110000000001100000000011000000000110000000001100000000011000000000000000
0000000000000000100000000001100000000011000000000110000000001100000000011000000000110000000001100000000011000000000000000
0000000000000001000000000010000000000110000000000100000000001100000000011000000000010000000000100000000001000000000010000
0000000000000000110000000001100000000011000000000110000000001100000000011000000000110000000001100000000011000000000110000
0000000000000000011000000000110000000001000000000110000000001100000000010000000000100000000011000000000110000000000000000
0000001000000000011000000001100000000011000000000110000000001100000000011000000001100000000111000000001100000000000000000
0000000000000000010000000000100000000001000000000110000000001000000000010000000001100000000010000000000100000000001000000
0000000000000000110000000001100000000011000000000110000000001100000000011000000000110000000001100000000011000000000100000
0000000000000000001000000000110000000001100000000110000000001100000000010000000001100000000110000000001100000000010000000
0000000000000000011000000000110000000001100000000110000000001100000000111000000001100000000011000000000110000000000100000
0000000010000000000110000000011000000001100000000110000000001000000000110000000011000000000110000000011000000000100000000
0000000100000000001000000000110000000001100000000111000000001110000000011000000001110000000111000000001110000000011000000
0000000000000000001100000000111000000111100001111001000000000100000000011000000000100000000001000000011111100000011000000
0000000000000000011000000000110000000001000000000010000000001100000000010000000001100000000010000000001100000000000000000
0000000100000000001000000000110000000001100000000110000000001100000000010000000001100000000110000000001000000000010000000
0000000000000000011000000000110000000001100000000110000000001100000000110000000001100000000110000000001000000000010000000
0000000000000000001000000000110000000001100000000110000000001000000000110000000001000000000110000000001100000000010000000
0000000000000000011000000000100000000011000000000110000000001000000000110000000001100000000010000000001100000000000000000
0000000000000000000100000000011100000001110000000111000000011100000001110000000111000000001110000000011000000000110000000
0000000000000000001100000000110000000011100000000110000000011000000000110000000001100000000110000000001100000000011000000
0000000000000000001000000000010000000001100000000110000000001100000000110000000001000000000110000000001100000000010000000
0000000000000000010000000000100000000001000000000010000000000000000000010000000000100000000010000000000100000000001000000
0000000000000000010000000000110000000001000000000110000000001100000000010000000000100000000011000000000110000000001100000
0000001000000000111000000001110000000011100000000110000000011100000000111000000001110000000111000000001110000000011000000
0000000000000000100000000001000000000010000000000100000000001000000000010000000000100000000001000000000011000000000010000
0000000000000001100000000011000000000010000000000110000000001100000000011000000000110000000001100000000011000000000000000
0000000000000000011000000000100000000001000000000110000000001000000000010000000000100000000011000000000110000000001000000
0000000000000001000000000001000000000010000000000100000000001000000000011000000000110000000000100000000001000000000000000
0000000000000000000010000000001000000000100000000010000000011000000000100000000010000000001000000000110000000000000000000
0000001000000000011000000000110000000011100000000110000000001100000000011000000001110000000011000000000110000000001100000
0000000000000000010000000000100000000001000000000010000000001100000000011000000000100000000001000000000010000000001100000
0000000000000000011000000000110000000001100000000110000000001100000000011000000001110000000011100000000110000000001000000
0000000000000011000000000011000000000110000000001110000000001100000000011000000000110000000000110000000001100000000001000
0000000000000000000110000000011000000001110000000011000000001100000000111000000011100000000110000000011000000000010000000
0000001000000000011000000000110000000001100000000110000000001100000000011000000001100000000011000000000110000000001000000
0000000000000000001000000000110000000001100000000110000000001000000000110000000001100000000010000000001100000000000000000
0000000000000000100000000001000000000010000000000100000000001000000000010000000000100000000001000000000011000000000000000
0000000100000000011100000000110000000011100000000110000000011100000000110000000011100000000110000000011100000000010000000
0000000000000000000100000000010000000001100000000010000000001000000000010000000001000000000010000000001000000000000000000
0000000000000000010000000001100000000011000000001110000000011100000000010000000000100000000001000000000010000000001100000
0000000000000000010000000001000000000010000000000100000000001000000000010000000000100000000001000000000010000000000100000
0000000000000000011000000000110000000001100000000110000000001100000000010000000001100000000010000000000100000000001000000
0000000000000000010000000000100000000001000000000110000000001100000000010000000000100000000001000000000010000000000100000
0000000000000000100000000001100000000011000000000110000000001100000000011000000000110000000001100000000001000000000000000
0000000000000000011000000001110000000011100000000110000000011100000000111000000001100000000011000000000110000000001100000
0000000000000001000000000011000000000010000000000100000000001000000000011000000000110000000000100000000001100000000000000
0000000000000000110000000001100000000011000000000110000000001100000000110000000001100000000011000000000110000000001000000
0000000000000000010000000001100000000011000000000110000000001100000000011000000000110000000001100000000011000000000000000
0000000000000000001000000000100000000001000000000010000000001000000000010000000001100000000010000000000100000000010000000
0000000000000000110000000001100000000011001000000100110000011001100000110000000001000000000110000000001100000000010000000
0000000000000000100000000001000000000010000000000100000000001000000000010000000000100000000001100000000011000000000000000
0000000000000000100000000001100000000011000000000110000000001100000000011000000000110000000001100000000010000000000110000
0000000000000000110000000000100000000001000000000110000000001100000000011000000000100000000001000000000011000000000010000
0000000000000000010000000000100000000001000000000110000000001100000000010000000001100000000011000000000100000000001000000
0000000001000000000110000000011100000001110000000111000000001100000000111000000011100000001110000000111000000001100000000
0000000000000000100000000001000000000010000000000100000000001100000000011000000000110000000001100000000011000000000010000
0000000000000000110000000011100000001111000000100110000000001000000000010000000000100000000001000000000011110000001110000
0000000000000000011000000001110000000011100000000110000000011100000000111000000011010000000000100000000001000000000010000
0000000010000000001100000000010000000001100000000010000000001100000000010000000001100000000010000000001000000000010000000
0000000000000000110000000001100000000011000000000110000000001000000000010000000001100000000011000000000110000000001000000
0000000000000000001100000000010000000001100000000110000000001100000000010000000001100000000010000000000100000000001000000
0000000000000000001100000000010000000001100000000010000000001100000000010000000001100000000110000000001100000000010000000
0000000000000000010000000000100000000011000000000110000000001100000000010000000000100000000001000000000010000000000000000
0000000000000000110000000011100000001111000000010110000000001100000000011000000000110000000001100000000111100000000000000
0000000000000000000100000000011000000000110000000011000000001100000000110000000001000000000110000000011000000000000000000
0000000000000000000010000000001000000000100000000010000000001000000000110000000001000000000110000000011000000000010000000
0000000000000000110000000001100000000011000000000110000000001100000000110000000001110000000011100000000011000000000100000
0000000000000000001000000000110000000001100000000110000000001100000000011000000001100000000011000000000100000000001000000
0000000000000000010000000000100000000001000000000110000000001100000000010000000000100000000001000000000010000000000000000
0000000000000000100000000001000000000010000000000110000000001100000000011000000000110000000000100000000001000000000010000
0000000000000000011000000001110000000011100000000111000000011110000000111000000011110000000111100000001110000000001000000
0000010000000000110000000001100000000011000000000110000000001100000000011000000000110000000001100000000011000000000000000
0000000000000000010000000001100000000010000000000100000000001000000000010000000000100000000001000000000010000000000100000
0000000000000000011000000000110000000001100000000111000000001100000000111000000001100000000111000000001100000000000000000
0000000000000000010000000000100000000011000000000110000000001100000000011000000000110000000001000000000010000000000100000
0000000000000000010000000001100000000010000000000100000000001000000000010000000000100000000011000000000100000000000000000
0000000000000000001100000000111000000001110000000111000000011100000000111000000011110000000111000000001110000000011000000
0000000000000000010000000000100000000011000000000110000000001100000000011000000000100000000001000000000010000000000110000
0000000000000000100000000011100000000011000000000110000000001100000000011000000000110000000001000000000010000000000100000
0000000100000000001000000000110000000001100000000110000000011100000000110000000001100000000111000000001100000000010000000
0000000000000000011000000001110000000011100000001110000000011100000000111000000001100000000011000000000110000000001000000
0000000010000000000100000000010000000001100000000010000000001100000000010000000001100000000110000000001000000000010000000
0000000000000000010000000000100000000011000000000110000000001000000000010000000000100000000001000000000010000000000100000
0000000000000000011000000000110000000011100000000110000000001100000000110000000011100000000110000000001100000000011000000
0000000000000000001000000000010000000001100000000010000000001100000000110000000001100000000110000000011000000000000000000
0000001000000000111000000001110000000011100000001110000000011100000000111000000011110000000111100000001110000000001000000
0000000000000000010000000001100000000010000000000100000000001000000000010000000000100000000001000000000011000000000010000
0000000000000001000000000011000000000110000000000100000000001000000000011000000000110000000000100000000001100000000000000
0000000000000000110000000000100000000011000000000110000000001000000000010000000001100000000011000000000100000000001000000
0000000000000000000110000000011100000001110000000110000000011100000000110000000011000000001110000000011000000001100000000
0000000000000000000100000000011000000001100000000010000000001100000000110000000011000000000110000000011000000000000000000
0000010000000000100000000001100000000010000000000100000000001000000000010000000000100000000001100000000011000000000000000
0000000000000000100000000001000000000010000000000100000000001000000000010000000000100000000001000000000011000000000000000
0000000000000000010000000000100000000001000000000010000000000100000000011000000000110000000001000000000010000000000100000
0000000000000000001100000000110000000001100000000110000000001100000000110000000011000000001110000000011000000000100000000
0000000000000000011000000001110000000011000000000110000000011100000000111000000001100000000011000000000100000000001000000
0000000001000000000110000000011000000001100000000110000000011100000000110000000011000000000110000000011000000000100000000
0000000000000000000100000000010000000001100000000010000000001000000000100000000001000000000100000000001000000000010000000
0000010000000000110000000001100000000011000000000110000000001100000000011000000000110000000001100000000011000000000000000
0000010000000000100000000001000000000010000000000110000000001100000000011000000000110000000001100000000001000000000000000
0000000100000000011000000000110000000001100000000110000000001100000000110000000011100000000110000000001100000000010000000
0000000000000000010000000001100000000011000000000110000000001000000000010000000000100000000001100000000001000000000010000
0000000000000000011000000001110000000011000000000100000000011000000000110000000001100000000010000000000110000000001000000
0000000000000000010000000001100000000011000000000110000000001100000000010000000001100000000011000000000110000000001000000
0000000000000001100000000011000000000110000000001100000000011000000000011000000000110000000001100000000011000000000000000
0000000000000000001000000000100000000001000000000110000000001000000000010000000000100000000010000000000100000000001000000
0000000000000000010000000001100000000011000000000110000000001100000000011000000000100000000011000000000110000000001100000
0000000010000000001100000000011000000001110000000111000000001110000000111000000011100000000111000000011100000000011000000
0000010000000000110000000001100000000011000000000110000000001100000000011000000000110000000001110000000011100000000000000
0000000000000000100000000001100000000011000000000110000000001100000000011000000000110000000001100000000010000000000100000
0000000000000000100000000001000000000010000000000100000000001000000000011000000000110000000001100000000011000000000000000
0000000000000000010000000000000000000011000000000100000000001000000000010000000000100000000001000000000110000000000000000
0000010000000000100000000001000000000100000000001000000000000000000000000000000000011110000111100000001100000000000000000
0000000000000000001100000000011000000001100000000011000000001100000000011000000001100000000110000000011000000001100000000
0000000000000001100000000011100000000111000000001110000000011100000000111000000001110000000011100000000110000000000100000
0000000000000001000000000011000000000110000000000100000000001000000000011000000000010000000000110000000000100000000001000
0000000000000000010000000000100000000011000000000110000000001100000000110000000001100000000010000000001100000000000000000
0000000000000000011000000000100000000001000000000110000000001100000000010000000001100000000011000000000110000000000000000
0000000000000000001110000000011100000001110000000111000000011100000001110000000111100000001110000000111100000000000000000
0000000010000000001100000000011000000001100000000011000000001100000000011000000001100000000111000000001100000000011000000
0000000000000000010000000001100000000011000000000110000000001100000000010000000000100000000001000000000010000000000100000
0000000000000000100000000001000000000011000000000110000000001100000000010000000000100000000001000000000010000000000000000
0000000010000000001100000000011000000001100000000110000000011100000000110000000011000000000110000000011000000000000000000
0000000000000000001000000000110000000001100000000110000000001100000000010000000001100000000010000000000100000000000000000
0000000000000000001100000000111000000001100000000010000000001100000000010000000001000000000110000000001000000000110000000
0000000000000000001000000000110000000001100000000110000000001100000000110000000001100000000110000000001100000000010000000
0000000010000000001110000000011000000001100000000110000000001000000000110000000001000000000110000000001100000000010000000
0000000000000000011000000000110000000011000000000110000000001000000000110000000001100000000010000000001100000000000000000
0000000000000000011000000000110000000001000000000110000000001100000000110000000001100000000110000000001100000000000000000
0000000000000000110000000001100000000011000000000110000000001100000000011000000000110000000001100000000011000000000000000
0000000000000000100000000001000000000010000000000100000000001000000000010000000000100000000001000000000010000000000000000
0000000000000000100000000001000000000010000000000100000000001000000000010000000000100000000001000000000110000000000000000
0000000000000000000100000000011000000001100000000011000000001100000000011000000001100000000010000000001100000000010000000
0000000000000000000100000000011100000001110000000111000000011100000001110000000111000000001110000000011000000000110000000
0000000000000000001000000000110000000001100000000111000000001100000000111000000001100000000011000000001110000000001000000
0000010000000001100000000011100000000011000000000110000000001100000000011000000000110000000001100000000011000000000010000
0000001000000000110000000001100000000011000000000110000000001100000000011000000001110000000011000000001110000000000000000
0000000000000000110000000001100000000011000000000110000000001100000000011000000000110000000001100000000011000000000000000
0000000100000000001000000000110000000001000000000010000000001100000000010000000000100000000010000000000100000000001000000
0000000000000001000000000011000000000110000000000100000000001000000000010000000000110000000001100000000011000000000010000
0000000100000000001000000000110000000001100000000111000000001110000000011000000001110000000111000000001110000000011000000
0000100000000001000000000011000000000110000000000100000000001100000000011000000000010000000000100000000001100000000000000
0000000000000000011000000000110000000001000000000110000000001100000000010000000001100000000010000000000100000000001000000
0000000000000000001000000000110000000001100000000010000000000100000000011000000000100000000011000000000100000000001000000
0000000000000000100000000001100000000011000000000110000000001100000000011000000000110000000001100000000010000000000100000
0000000000000000100000000001100000000001000000000010000000000100000000001000000000010000000001100000000110000000000000000
0000000000000000010000000000100000000001000000000010000000001100000000010000000000100000000001000000000010000000000100000
0000010000000000110000000001100000000011000000000110000000001100000000011000000001110000000011100000000111000000000000000
0000000010000000001100000000111000000001110000000111000000001110000000111000000011100000000111000000011100000000010000000
0000000010000000000100000000011000000001100000000011000000001100000000110000000001100000000110000000001100000000000000000
0000000000000000011000000000110000000011100000000111000000011100000000111000000001110000000011000000000110000000001000000
0000000000000000010000000000100000000001000000000110000000001100000000010000000000100000000001000000000010000000000100000
0000000000000000011000000000110000000001100000000011000000001100000000011000000001100000000110000000001100000000010000000
0000000000000000001000000000110000000001000000000110000000001000000000010000000001100000000010000000000100000000001000000
0000000000000000001000000000111000000001100000000011000000001100000000111000000001100000000111000000001100000000011000000
0000001000000000110000000001100000000011000000000110000000001000000000010000000001100000000011100000000011000000000100000
0000000000000000010000000000100000000011000000000110000000001100000000011000000000110000000001100000000011000000000000000
0000000000000000010000000001100000000011000000000000000000000000000000010000000000100000000001000000000010000000000100000
0000000000000000001000000000010000000001100000000010000000001100000000110000000001100000000110000000011000000000010000000
0000000000000000010000000000100000000001000000000110000000001000000000010000000000100000000001000000000110000000001000000
0000000000000000110000000001100000000011000000000100000000001000000000010000000000100000000001000000000011000000000000000
0000000000000000001000000000011000000001100000000011000000001100000000011000000001100000000010000000001100000000011000000
0000000000000000011000000000110000000001100000000111000000001100000000011000000001110000000011000000001110000000011000000
0000000000000000011000000000110000000011100000000111000000011100000000111000000001100000000011000000000110000000001000000
0000000100000000011000000000110000000001100000000110000000011100000000110000000001100000000111000000001100000000001000000
0000000000000001100000000011000000000110000000000110000000001100000000011000000000110000000001100000000011000000000010000
0000000000000000100000000001100000000011000000000110000000011100000000111000000001100000000011100000000011000000000000000
0000011000000001110000000011100000000101000000000010000000000100000000001100000000011100000111111000011100000000000000000
0000000000000000010000000001100000000011000000000100000000011000000000110000000001100000000011000000000110000000000100000
0000000100000000011000000000110000000001000000000110000000001100000000010000000001100000000011000000000100000000001000000
0000000000000000000100000000011000000000100000000010000000001100000000010000000001100000000110000000001000000000000000000
0000000000000000011000000000100000000011000000000110000000001100000000010000000000100000000011000000000110000000000100000
0000000000000000010000000000100000000011000000000110000000001100000000110000000001100000000011000000000110000000001000000
0000000000000000000100000000011000000001100000000110000000001100000000110000000001100000000111000000011100000000000000000
0000000000000000001000000000110000000001000000000110000000011100000000010000000000100000000001000000000010000000000100000
0000000000000000010000000000100000000001000000000110000000001100000000010000000000100000000011000000000110000000000100000
0000000000000000010000000000100000000001000000000100000000001000000000010000000000100000000001000000000010000000000000000
0000001000000000110000000001100000000011000000000110000000011100000000110000000001100000000011000000000110000000001000000
0000000000000000001000000000110000000001000000000010000000001000000000010000000001100000000010000000001100000000010000000
0000000000000000100000000001100000000011000000000110000000000100000000011000000000110000000001100000000010000000000100000
0000000000000000000100000000011000000001100000000011000000001100000000110000000011000000001100000000010000000000100000000
0000010000000001100000000011000000000111000000001110000000011100000000011000000000110000000001110000000001100000000010000
0000000010000000000100000000010000000001100000000110000000001100000000110000000011000000000100000000011000000000000000000
0000000100000000011000000000100000000011000000000110000000001000000000010000000001100000000011100000000111000000000000000
0000000000000000000110000000011000000000110000000011000000001100000000110000000011000000001100000000110000000000100000000
0000000000000000010000000000100000000011000000000100000000001000000000010000000000100000000001000000000010000000000100000
0000000000000000110000000001000000000010000000000100000000001000000000010000000000100000000001000000000110000000000000000
0000000000000000110000000001100000000011000000000110000000001100000000011000000000100000000001100000000011000000000000000
0000000000000000001000000000110000000001000000000110000000001000000000010000000000100000000011000000000110000000001100000
0000000000000000001000000000110000000001100000000110000000001100000000111000000001100000000110000000001100000000000000000
0000000000000000001000000000110000000001000000000010000000001100000000010000000001100000000011000000000100000000001000000
0000000000000000000100000000011000000000100000000011000000001100000000010000000001000000000110000000001000000000100000000
0000000000000000011000000000100000000001000000000010000000001100000000010000000000100000000001000000000110000000000000000
0000000000000000001000000000010000000001100000000010000000001100000000010000000001100000000010000000000100000000001000000
0000000000000000011000000000110000000001000000000110000000001100000000010000000001100000000010000000001100000000000000000
0000000000000000010000000000100000000001000000000110000000001000000000010000000000100000000001000000000110000000001000000
0000010000000000110000000001100000000011000000000110000000001100000000011000000000100000000011000000000110000000000000000
0000001000000000110000000001100000000011000000000110000000011100000000110000000001100000000011000000000111000000000100000
0000001000000000011000000000110000000001000000000110000000001000000000010000000001100000000011010000000111000000000100000
0000000000000000110000000001100000000011000000000110000000001100000000111000000001110000000011100000000111000000001000000
0000000000000000000110000000011000000001100000000011000000001100000000110000000011000000000110000000011000000000110000000
0000000000000000010000000001100000000011000000000110000000011000000000110000000001100000000011000000000110000000001100000
0000000000000000110000000001100000000011000000000110000000001100000000011000000000100000000011000000000110000000000000000
0000000000000000010000000000100000000011000000000110000000001000000000010000000000100000000001000000000010000000000100000
0000000000000000110000000001100000000011000000000110000000001100000000011000000000110000000001100000000011000000000000000
0000000000000001100000000011000000000110000000000100000000001000000000010000000000110000000001100000000001100000000000000
0000000100000000011000000000110000000001000000000110000000001100000000011000000001100000000011000000000110000000001000000
0000001100000000111000000111010000001000100000000000000000000000000000000000000000010000001100110000111111111000000000000
0000000000000000011000000001110000000011100000000110000000001100000000111000000001100000000011000000001110000000011000000
0000000000000000010000000000100000000001000000000110000000001000000000010000000001100000000011000000000110000000000100000
0000000000000000010000000001100000000011000000000100000000001000000000010000000000100000000001000000000010000000000100000
0000001000000000011000000000110000000001000000000010000000001100000000010000000000100000000011000000000110000000000000000
0000000000000000100000000001000000000011000000000110000000001100000000011000000000110000000001100000000011000000000000000
0000000010000000001100000000011000000001100000000110000000001100000000110000000001000000000110000000011100000000000000000
0000000000000000000100000000011000000001100000000011000000000100000000010000000001100000000010000000001100000000010000000
0000000000000000000110000000011000000001110000000011000000001100000000111000000011100000000110000000011000000000010000000
0000000000000000100000000001000000000010000000000100000000001000000000010000000000100000000001000000000010000000000000000
0000000000000000010000000001101000000011000000000100000000001000000000110000000001100000000010000000000110000000001000000
0000000000000000000110000000011000000001100000000111000000001100000000110000000001100000000110000000001100000000110000000
0000000000000000011000000001110000000011000000000110000000001100000000110000000001100000000011100000000111000000001000000
0000000000000000110000000011110000000111100000001111000000011110000000111100000001111000000011110000000011000000000100000
0000000000000000000100000000010000000001100000000010000000001100000000110000000001100000000110000000001000000000010000000
0000000000000000000010000000001100000000110000000011000000000100000000010000000001000000000100000000011000000000100000000
0000000100000000011000000000110000000001000000000010000000001100000000010000000001100000000011000000000110000000001000000
0000000000000001000000000011000000000110000000000100000000001000000000010000000000110000000001100000000011000000000010000
0000000000000000001100000000110000000001100000000010000000001100000000110000000001100000000110000000001100000000001000000
0000000000000000001000000000110000000001000000000010000000001100000000010000000001100000000010000000000100000000000000000
0000000000000000001000000000011000000001100000000011000000001100000000011000000001100000000011000000001100000000011000000
0000001000000000110000000001100000000011000000000110000000001100000000011000000001100000000011000000000110000000001000000
0000000000000000110000000001100000000111000000000110000000001100000000011000000000110000000001100000000010000000001100000
0000000000000000001100000000010000000001100000000010000000001100000000010000000001100000000010000000001100000000000000000
0000000000000000001000000000110000000001110000000110000000001100000000110000000001100000000110000000001000000000010000000
0000000100000000011000000000110000000001100000000110000000001100000000110000000001100000000110000000001100000000010000000
0000000000000000110000000011000000000010000000000100000000001000000000010000000000110000000001100000000001100000000000000
0000000000000000011000000000110000000001000000000010000000001100000000010000000001100000000010000000001100000000000000000
0000000010000000001100000000011000000001100000000110000000001000000000110000000011000000000110000000001100000000010000000
