0000001100000000001000000001000000000100000000001000000000110000000001101110000011111000000111110000000010000000000000000
0000011100000000100000000011000000000100000000011000000000110100000001111110000001100100000011001000000011100000000000000
0000000011000000001100000000110000000011000000001110000000111110000001000100000110001000001001100000011110000000000000000
0000001000000000110000000011000000000110000000011001000000111111100001111111000011000110000111111000000000000000000000000
0001100000000010000000001100000000011000000000100001111001000010010010001000100110010010000111111000000110000000000000000
0000110000000011100000000100000000011000000000110011100001101111100011111001000111111110000111111100000111110000000000000
0000001100000000110000000011000000000110000000011000000000110111000011111111000011001100000110011000000111100000000000000
0000000110000000011000000001100000000010000000001000000000110111000011011110000101001100001111110000001000000000000000000
0000001100000000110000000011000000000100000000011000000000100000000001001110000011111100000111110000001100000000000000000
0000010000000001100000000110000000011000000000100011111011001100010010110000100111111111000111111000000000000000000000000
0000100000000011000000001100000000010000000000100000000001000111110010011000100101000011000111111100000001000000000000000
0001100000000010000000001100000000011000000000110000100001100111100001011111100011110111000011111100000010000000000000000
0000001000000000110000000011000000001100000000011000000000100111000001011110000011111100000111110000000111000000000000000
0000000010000000011110000001100000000110000000011000000000100011000011011011000111000100000111111000000111000000000000000
0000110000000001100000000110000000001100000000011111100000111111100001100011000011001110000011111000000011000000000000000
0000000110000000011000000001100000000110000000001000000000110111000001001010000010111100001101110000001111000000000000000
0000001100000000110000000001000000000100000000001000000000110111000001111110000011100100000111111000000111000000000000000
0000110000000011100000000110000000011100000000110000000001100000000011000111100111111111000111111110000000110000000000000
0000110000000001100000000111000000001100000000111000000001110011110011111111100110110111001111111000000111000000000000000
0000000001000000001110000000111000000011000000011100000000110011100011001111000100110100001111110000001110000000001000000
0000010000000001000000000010000000001100000000010000000000100011100001001001000011110110000011111000000000000000000000000
0000000110000000011000000001100000000011000000001100000000110010000001111110000011111100000111110000000111000000000000000
0000010000000000100000000010000000000100000000010000000000100011000001001010000010111000000111110000000000000000000000000
0010000000000100000000001000000000010000111000100001010001000110100011001101000010010100000011111000000011100000000000000
0000000100000000011000000001100000000011000000001100000000011110000000110000000011001000000101110000001110000000000000000
0000011000000001110000000011000000001100000000011000000000111110000001111110000011111100000111110000000000000000000000000
0000000110000000011000000001100000000110000000011000000000110000000011111110000111111100001111110000001111000000000000000
0000000111000000011000000001100000000110000000011001000000101111000011110011000111100100000111111000000111000000000000000
0000110000000001100000000110000000001000000000110000000001100001110011001111100111111110000111111000000011000000000000000
0000000110000000011100000001100000000011000000001110000000011110000001111100000011110000000101110000001110000000001000000
0000000010000000011110000001100100000010000000001000000000110000000001000000000010110000000110010000001111000000001100000
0000000100000000010000000001000000000010000000001000000000010000000000111100000001001000000010010000000111000000000000000
0000010000000001000000000010000000001100000000011000000000100111000001011010000010101100000011110000000000000000000000000
0000110000000011000000000100000000011000000000110000000001001111100011110001100011100011000011101100000001000000000000000
0000000010000000001000000000100000000010000000001000000000110011100011000011000100101000001011100000011000000000000000000
0000000110000000111100000011000000000110000000001100000000111110000001100100000110001000001100110000001111100000001100000
0000110000000001100000000110000000001100000000110000000001000111110010011111100111111110000111000000000100000000000000000
0000010000000001100000000010000000001100000000010011100001101111100011110011000111101100000111110000000000000000000000000
0000000110000000110000000001000000000100000000011000000000100000000001001110000011111100000111110000000100000000000000000
0000000110000000011000000001100000000110000000011000000000110000000011111110000111111100001111110000001111000000000000000
0000000111000000011000000001100000000010000000001100000000010000000001111000000011011000000110100000000111000000000000000
0000111000000001010000000100100000001000000000010000000000100011000001001010000010100100000011010000000111000000000000000
0000000011000000011110000001111000000111000000011111000001111111000111110110001110000100011111111000011111110000000000000
0000011000000000100000000001000000000110000000001100000000011110000000100100000001001000000010110000000011000000000000000
0000011000000000111000000011110000001110000000011100000001110011000011111110000011111110000111111000000111000000000000000
0000001000000000110000000001000000000110000000001001100000100100100001110001000011000100000111110000000001000000000000000
0000000010000000001000000000100000000010000000001000000000111110000011100110000110001000001111100000000100000000000000000
0000011110000001100000000110000000001000000000100000000001000000000010001110000101111110001100001100001111100000000000000
0000011000000001100000000110000000001100000000110011110001100100100011011001000110100110000111111000000111000000000000000
0000011000000000110000000001100000000110000000011100000000110000000001100000000111111110001111111100000011100000000000000
0000001110000000110000000011000000000100000000011000000000100000000001111110000011000110000010001000000111110000000000000
0000000110000000010000000001100000000010000000001100000000011100000001100100000010011000000101100000001110000000000000000
0000001100000000011000000001100000000110000000001100000000110110000001111110000110111100001111100000001100000000000000000
0000110000000011100000000110000000011100000000110000000001100001100011000111000111111111000111111100000011100000000000000
0000010000000001100000000011000000000110000000011100000000111110000001111110000011111000000011110000000001000000000000000
0000000000000000001100000001110000000110000000001100000000111000000001111000000110011000001000110000001111000000001100000
0000001000000000110000000001000000000100000000011000000000111111000001000010000010000100000110110000000110000000000000000
0000110000000011000000000110000000001101111000111011110001101111100011111111000111111100001111110000001111000000000000000
0000011000000001100001000110000000001100000000110001100001011111100110110011001111001100001111110010001100000000000000000
0000000010000000001100000000110000000010000000001100000000110111000011111110000101111000001111100000001100000000000000000
0000000011000000001000000001100000000010000000001000000000110000000001111100000111001100000111111000000010000000000000000
0000001100000000111000000001100000000111000000001111000000111110000001111100000111111000000111110000001111000000000000000
0000000100000000010000000000100000000010000000000100000000010000000000101100000001111000000011110000000010000000000000000
0000001000000000110000000011000000000110000000001000110000110111100011011111000110111100001111110000000110000000000000000
0000000100000000010000000001000000000110000000001000000000010011100001101010000011101000000011100000000100000000000000000
0000001100000001111000000111000000011100000000110000000001000011000010011110000111111100001111111000001111100000000000000
0000001100000000111100000011100100000110001000001100000000111100000001101100000011011000000110110000000111100000000010000
0000011000000000100000000011000000000100000000011000000000110111100001011001000011100100000011110000000010000000000000000
0000001100000000111000000011100000000110000000011101100001111111100011111111001111101100001111111000001111000000000000000
0000000100000000010000000001100000000110000000001000000000110011100011011011000111111100000111100000001000000000000000000
0000010000000001000000000010000000000000000000010001100000101100100001110001000011100100000011110000000000000000000000000
0000000110000000011000000000100000000010000000001000000000111110000001110100000110011000000111100000000100000000000000000
0000000000000000011000000001100000000010000000001111110000111111100011111111001111111100001111000000000000000000000000000
0000110000000001100000000110000000001100000000011111000001101111000011100110000011101110000011111000000001100000000000000
0000100000000011000000000110000000001100000000010111100000111111100001100001000011100110000011111000000001100000000000000
0000000000000011000000001100000000010000000001100000000001011111110011100000100011000001000111111110000011110000000000000
0000001000000000110000000001000000000110000000001000000000110000000001101110000011100100000011110000000011000000000000000
0000001100000000100000000010000000001100000000010000000001000000000010000111100100110001001001000010011100001000000000000
0000000100000000111000000011000000001100000000010111100000111111000001100010000011111100000111110000001000000000000000000
0000001000000000110000000001000000000100000000001001000000100111000001110110000011101000000011100000000110000000000000000
0000110000000001000000000010000000000100000000011001100000101111100001011010000011111100000011110000000011000000000000000
0000000011000000001110000000111000000011000000001100000000111111000011111110000110001000001111110000001111000000000000000
0000000111000000111110000011000000011100000000100000000011001111100110110001101111000011001111001100000111110000000000000
0000010000000001000000000010000000001000000000010000100000100011100001001110000011111100000001100000000000000000000000000
0000110000000001000000000010000000000100000000001000000000011111000000111111000011100110000001111000000000000000000000000
0000011000000000100000000010000000000100000000010000000000100000000001011100000011000100000011011000000001000000000000000
0000001100000000111000000011000000000100000000011011100001101111100011110010000110001100001101110000001110000000000000000
0000110000000001000000000110000000001000110000010111110001111001100011100111000111111110000111110000000010000000000000000
0000011000000000110000000011000000000110000000001100000000011110000001111110000011111000000111110000000111000000000000000
0000001100000000011000000001100000000110000000001100000000110111100011011111000110111100001111100000000100000000000000000
0000000111000000011000000001100000000110000000001000000000100000000001000000000011111000000110010000000111000000000000000
0000111000000011110000000111000000011100000000111111100011111111110111000011101111111111000111111100000000000000000000000
0000001100000000010000000001100000000110000000001000000000110111000001011010000011101100000111110000000000000000000000000
0000000011000000001100000001110000000111000000011101100000111111100011111110001111111100011111100000001000000000000000000
0000001100000000111000000011100000001110000000011000000000100111000011111110000011111100000111110000000110000000000000000
0000110000000001100000000111000000001100000000011000100000111111100001111111000011101110000111111000000011000000000000000
0000000100000000010000000001100000000110000100011011111000101101100011100010000110011100001111100000000000000000000000000
0000000001100000001100000000110000000010000000001000000000100000000010011100000100111100001001111000011111000000000000000
0001000000000111000000001110000000011000000000110001111011101111110111011101100111111110000111111100000111100000000000000
0000000110000000011000000001100000000110000000011001100000110111100011011011000111111110001111110000001110000000000000000
0000001000000000100000000010000000001000000000010000000000100000000001000000000010100100000010001000000010100000000000000
0000110000000011100000000110000000011100000000110001110001100111110111011001101111111110001111111100000110000000000000000
0000000100000000011000000001100000000110000000001111100000111111000001110110000111111000001111100000001000000000000000000
0000000100000000011000000001100000000110000000001110000000111110000001100100000010001000000111110000001111000000000000000
0000010000000001100000000010000000001100000000010001100001100111100010010010000111111100000111110000000000000000000000000
0000011000000001100000000010000000001100000000011111100000111111100001000001000010000110000111111000000000000000000000000
0000001100000000110000000011000000000100000000001000000000011110000001110110000011001000000010110000000111000000000000000
0000000011000000001110000001110000000110000000001000000000110110000001111110000111111110011111111000110000000000000000000
0000001100000000011000000001100000000110000000011100000000110111100011111111000111111110000111111000000110000000000000000
0000010000000000100000000010000000000100000000001011100000011101000001110011000011100100000011110000000011000000000000000
0000001000000000100000000011000000000100000000011001100000100011100011001111000110011100000111111000000001000000000000000
0000110000000010100000001000000000110000000001000001110010000100010100011000100100110001000111101100000001100000000000000
0000001100000000110000000011000000001100000000111000000001100111100111111011000111100110001111111000000100000000000000000
0000000100000000010000000001000000000110000000001100000000011000000000101000000001011000000011100000000011000000000000000
0000000110000000011000000000100000000011000000001100000000110111000001011110000111111000001111100000001100000000000000000
0001000000000010000000000100000000010000111000100011010001001000010011100000100111000011000011111100000001100000000000000
0000001100000000011000000001100000000110000000011000000001101111000010110010000101101100001111110000000100000000000000000
0000110000000011000000000110000000011000000000111111110001111101100011110001100011001111000111111100000000000000000000000
0000000010000000001000000000100000000010000000001100000000011111000001110010000011000100000100010000000111000000000000000
0000001000000000110000000011000000000110000000001100000000010011000001101110000001111100000011110000000110000000000000000
0001000000000010000000001100000000010000000000100000111001000011010011000111100111111100000001110000000000100000000000000
0000110000000001000000000010000000001100000000011000100000100011000001001110000011111100000111110000000000000000000000000
0000110000000011000000000100000100011000001000100000000001000111100010001111000100011100001111110000000100000000000000000
0000001000000000100000000010000000000100010000011111110000111100100011110011000011001100000111110000001110000000000000000
0000010000000001000000000100000000001000000000100001100001000101000010010001000010100100000111110000000011000000000000000
0000000000000000111000000011111000001110000000011100000000111000000011111100000110001000000100011000001111110000000111000
0000110000000001100000000010000000001100000000010000000000100000000001000111000011011100000011110000000000000000000000000
0000000110000000011100000000110000000011000000001100000000111000000001111100000011111100000111110000000111000000000000000
0000011000000000110000000011000000000110000000001000000000111111000001111110000011011100000011110000000010000000000000000
0000001100000000011000000001100000000011000000001100000000011000000000111000000001111000000011110000000111000000000000000
0011000000000010000000000100000000001000000000010000100000100011000000100110000001111100000001111000000000000000000000000
0000000110000000011100000001110000000110000000011000000000110011100011001101000101100110001111110000011110000000000000000
0000000000000000111000000011000000000100000000010000000000100001000011001110000011111100000011100000000110000000000000000
0000001100000000110000000001000000000100000000011000000000110011000001101110000011111100000111100000000000000000000000000
0000001100000000111000000011110000000111000000011100000000111100000011111110000111111100001111111000001111000000000000000
0000001100000000011000000001100000000110000000001101100000111111000001111110000011111000000111100000001010000000000000000
0000001000000001110000000010100000001001000000000000000001001111000011100010000011000010000111011000000111100000000000000
0000000110000000001000000000100000000001000000000100000000011110000000110100000001001000000111100000000110000000000000000
0000001100000000010000000001000000000110000000011000000000100001000011001111000110110110000111110000000110000000000000000
0000000000100000000011000000011000000001100000000110000000110000000011000000001100110000011011110000011111000000000000000
0000000100000000010000000001100000000010000000001100000000010010000001101110000011111000000011100000000100000000000000000
0000001100000000111000000001100000000110000000011000000001100111100011011111000111111100001111110000000110000000000000000
0000010000000000100000000011000000000110000000001000000000111110000001111110000011101100000111110000000111000000000000000
0000010000000001100000000110000000001000000000110000111001000011110110001000101000100010011011101000001110000000000000000
0000001100000000110000000011000000001100000000011001110000101111100011110001000111100110000111111000000010000000000000000
0000000000000000001100000000110000000011000000001100000000111110000011100110000110001000000111110000000111000000000000000
0000110000000011000000000110000000001000000000011111100000111101100001100011000011111110000111111000000001000000000000000
0001000000000010000000000100000000001001100000010111100000111000100001110001000001100110000001111000000001100000000000000
0000010000000001000000000010000000000100000000001011100000011000000000110010000001000100000011110000000000000000000000000
0000011100000001100000000110000000011000000000100000000011000111100110001001000100010010001110111100000111110000000000000
0010000000000100000000001000000000010000011001100011110011001100100010100011000111111100000111111000000000000000000000000
0000001100000000110000000001000000000100000000011000000000101111000011110010000111000100001111110000000100000000000000000
0000110000000011100000001110000000011000000000110000000001100011100011111111100011111111000011100000000110000000000000000
0000100000000010000000001100000000011000000000110001110001100100100011001001000010100100000011111000000011000000000000000
0000100000000001000000000010000000001100111000010011110001101101100011110010000111101100001111100000001110000000000000000
0000011100000001101000000110000000001000000000010000000001100011100011001101100110100011000100001100001111110000000000000
0000000100000000010000000001000000000010000000001000000000010111000001110010000011000100000101110000000110000000000000000
0000001111100000110000000011000000001100000000010000000001101110000011111111000111000110000111111100000011100000000000000
0000000110000000011000000000100000000010000000001100000000110110000001000100000010001000000100110000001111000000000000000
0000001110000001111000000111000000011100000001110000000011100111100111011111101111110110001111111000001111000000000000000
0000110000000001000000000110000000001100000000011111100000111111100001100011000011000110000111111000000011000000000000000
0000010000000000100000000011000000000100000000011110000000111110000001100010000011000100000011111000000011000000000000000
0000000000000001110000000011110000001110010000011000000000111000000011111100000110000100000110000100000111011000000011100
0000011000000000100000000010000000001100000000010000000001100011100010001110000110011100000111100000000100000000000000000
0000011000000000100000000011000000001100000000010000000000100111000001011110000011101100000011110000000110000000000000000
0000011000000000110000000011000000001101000000011111000000111001000001100010000010001100000111110000000111000000000000000
0000011000000000110000000011000000000110000000011000000000111111000001111110000111111100000111111000000100000000000000000
0000000100000000011000000001100000000110000000001100000000011110000001110100000011101000000111100000001111000000000000000
0000001100000000110000000001000000000010000000001000000000011110000000100100000001001000000010010000000111000000000000000
0000000000000000000000100000000001000000111000000010000010000100000010001001000011010100000000110000000000000000000000000
0000000100000000111000000011000000001100000000010111100000111111000001100010000011111100000111110000001000000000000000000
0000000110000000011100000001100000000110000000011011000001111111000011111110000110001100001111110000001110000000000000000
0000001000000000110000000011100000001110110000011011110001101101100011111111000111111100001111110000001110000000001000000
0000011000000000110000000011000000000110000000011000000000100111110011110001000111001100000111110000000010000000000000000
0000000010000000001000000000110000000011000000000100000000010000000000100100000011111000000011110000001100000000000000000
0000000100000000011000000001100000000010000000000100000000011000000000111100000001111000000011110000000111000000000000000
0000001100000000101000000001000000000100000000001000000000100000000001010100000011000100000010001000000111100000000000000
0000001100000000110000000011000000001100000000111000000001100111100111111011000111100110001111111000000100000000000000000
0000011000000000100000000001000000000110000000001000000000011110000000100100000001001000000010010000000111000000000000000
0000110000000001100000000110000000001100000000010001100000111111100011100001000011000110000111111000000111000000000000000
0000100000000011000000000110000000001100000000011111100000111001000001110011000001100110000011111100000001100000000000000
0000001000000000110000000011000000001100000000011001100000101111100001111111000011111100000111100000000000000000000000000
0000110000000001000000000100000000001000000000000000000000000111000000010011000100000110000111100000000000000000000000000
0000000000000000001100000000110000000011000000001100000000111110000011100110000110001000000111110000000111000000000000000
0000000011000000011100000001100000000010000000001111000000111110000011100100000110001000001111110000001110000000000000000
0000001000000000010000000001000000000010000000001100000000010111000001111000000011101000000011110000000011000000000000000
0000000001000000011110000011111110001110001000111000000001100000000011000000000111111000001111111000001111110000000110000
0000001100000000110000000011000000001100000000011011110001101100100011011001000110000110000111111000001111100000000000000
0000011000000001110000000011000000001100000000011001100000100111100011011111000011111110000111110000000011000000000000000
0000000110000000011000000001100000000110000000011001110001100111100110011111001101111100011111110000001100000000000000000
0000010000000000100000000011000000000100000000001000000000010010000001011110000011100100000011111000000011000000000000000
0000001000000000110000000001000000000010000000001100000000010010000000111110000001101100000010110000000110000000000000000
0000001100000000100000000001000000000100000000001000000000010000000000111100000001100100000011001000000011100000000000000
0000000110000000011000000001100000000010000000001000000000100110000001011110000011100100000111110000000011000000000000000
0000010000000001100000000010000000000100000000011001000000111111000001010010000011101100000111110000000111000000000000000
0000011000000000100000000010000000000100000000001000000000010100000000111100000001101000000011110000000011000000000000000
0000001000000000111000000001100000000110000000011000000000110011100001011111000011111100000111110000001000000000000000000
0000000110000000010000000001000000000100000000010000000000111110000001100010000011000100000110010000000111000000000000000
0000000110000000011100000001100000000110000000011100000000110111000011011111000111101110001111111000001111000000000000000
0000111000000001100000000111000000001100000000011111100001111111100011110011100011111110000111111100000011100000000000000
0000000100000000010000000001100000000010000000001100000000010000000000101100000001101000000011110000000011000000000000000
0000011000000000110000000011000000000100000000011100000000111111000001100011000010000110000111111000000111100000000000000
0000001110000000011000000001100000000110000000011000000001110001100011001111000111111100001111110000001000000000000000000
0000001110000000010000000001000000000110000000001000000000010000000000111000000011001000000110001000000011100000000000000
0000010000000001000000000010000000001000000000010001000000100111000001001010000010011100000100110000000111000000000000000
0000000011000000011000000001100000000110000000001000000000100000000001011100000011101100000011110000000010000000000000000
0000110000000001000000000100000000001000000000010001100000000111000001001010000010111100000111110000000000000000000000000
0000001100000000110000000011100000001110000000111000000001100111100011011111000111111100001111110000001111000000000000000
0000000110000000011000000001100000000110000000001000000000100110000011011100000101111000001111110000000000000000000000000
0000100000000011000000000100000000011000000000100001110001000111100010011001000111101100001111110000000110000000000000000
0000110000000011000000001100000000010000000000100000000001001111110010110000100111100011000011111100000000000000000000000
0000000100000000011000000001100000000110000000011111100001111111100011010011001101111100011011110000011110000000000000000
0000000111000000011001000001100000000110000000001000000000110000000011111100000111101100001111110000001111000000000000000
0000010000000001000000000010000000001100010000010000110001100010100010000101000100001100000110111000000000000000000000000
0000011000000001110000000110000000001000001100110001111001100111110110011110001100111000001111111100000001000000000000000
0000011000000000100000000010000000000100000000010000000000100000000001011100000011000100000011011000000001000000000000000
0000000100000000011000000001100000000010000000001001100000110111000001011010000010101100000111100000000110000000000000000
0000001000000000110000000011000000000110000000011000000000110000000001111110000011111100000111111000000000000000000000000
0000000110000000011100000001110000000111000000001100000000110110000001111110000011101100000111111000000111100000000000000
0000100000000011000000000100000000011000000000100000111001000111110010011000100111101111000111111000000000000000000000000
0000000000000000000000000110000000011000000001000001101010000100010100010001000111111100000000000000000000000000000000000
0000010000000001100000000110000000001100000000110001111001000110010110011001101101100110001111111000000000000000000000000
0000000000000000001000000000110000000011000000000100000000010000000000101000000001110000000111000000001110000000001000000
0000011000000000100000000010000000000100000000001000000000010000000000101110000001110100000011110000000010000000000000000
0000011000000001100000000011000000001100000000011000000000111111000011111111000111111110000111111000000111000000000000000
0000001110000000110000000011000000000100000000011000000000111111000001100010000011000100000011011000000011100000000000000
0000110000000001000000000100000000001000000000010001100000100110100001011001000010100100000011110000000000000000000000000
0000010000000000100000000011000000000100000000001000000000010110000001111100000001101000000011110000000010000000000000000
0000001000000000100000000001000000000100000000011000000000100110000001011110000010100100000100110000000110000000000000000
0000000010000000011100000001100000000111000000001101000000111111000001111110000011001100000111110000001110000000000000000
0000110000000001000000000110000000001100000000010000000000101111000001110011000011111110000111111000000000000000000000000
0000000110000000110110000010000100001000001000010000000001100000000010111000000101011000001100110000001111100000000100000
0000010000000001100000000011000000000110000000001000000000010000000000111100000001101100000011110000000011100000000000000
0000001100000000100000000011000000001100000000110000000001101111100011110000100111100001000111110100000001100000000000000
0000000100000000011000000001100000000011000000001101000000110111000001001010000010010100000110110000000111000000000000000
0010000000000100000000001000000000010000110000100011110011000110100110001001000100011110000111111000000000000000000000000
0000011000000001100000000011000000000100000000001000000000110110000001111110000011111000000111110000000000000000000000000
0000001000000000110000000011000000000110000000011000000000110000000011111110000011000100000110001100000100010000000000000
0000001100000000010000000000100000000011000000000100000000011100000001110100000011111000000111100000000100000000000000000
0001100000000110000000001100000000011001100000100111100001001001100011110001000111100010000111111100000011110000000000000
0000000110000000011000000001100000000110000000011000000000101111000011110010000111001100000111110000000010000000000000000
0000001000000000110000000001100000000010000000001100000000011111000000110110000011011000000111100000000000000000000000000
0000010000000001100000000011000000001100000000011001100001100111100001001110000011111100000011110000000011100000000000000
0000001000000000111000000011000000001100000000010110000000111111000001100010000010000100000110011000000111100000000000000
0000011000000001110000000111000000011100000000110001110001100111110011111001100011111111000111111100001000000000000000000
0000011000000000110000000011000000000100000000011000000000111110000001100110000011000100000110011000000111100000000000000
0000011000000001100000000010000000001000000000010000000000100000000001111111000011000010000111001100000011100000000000000
0000011000000000110000000011000000001110000000011000000001100111100011111111000111111110001111111000001110000000000000000
0000110000000011000000000110000000001000000000110000000001100111000001111111000011111110000011111000000000000000000000000
0000011000000001110000000011000000000100000000001000000000010000000000100000000001111000000011010000000011100000000000000
0000001000000000100000000010000000001100000000010000100001000011100010001101000110011100000111110000000000000000000000000
0000001100000000110000000011000000000110000000011000000000110111000001111110000011111100000111110000000100000000000000000
0000000110000000011000000001100000000110000000011000000000111111000001110010000011101100000111110000000110000000000000000
0000100000000001000000000010000000000100000000010001110000111100100001110010000011001100000011110000000000000000000000000
0000001000000000110000000011000000000100000000001000000000010111000001010001000010100100000011111000000111000000000000000
0000110000000001100000000011000000001100000000011000000000111110000001110010000011100110000011111000000011000000000000000
0000011100000001110000000011000000001110000000011000000000111111100001111111000011111110000111111000000111000000000000000
0000000000000001000000000010000000000100000000001001000000000110000000000100000001101000000011100000000010000000000000000
0000000100000000011000000001100000000010000000001100000000111111000001100010000010001100000100110000001111000000000000000
0000011000000001100000000010000000001100000000011000000000111111000001100010000011001100000011110000000011000000000000000
0000000000000001100000000010000100001000010000010001100000100110000011001000000010110000000111000000000010000000000000000
0000010000000001110000001111100000001111000000011101100000111111100001111111000011111100000111110000000111000000000100000
0000110000000011000000001100000000010000000001100111110011011000110011100000100111110011000011111000000000000000000000000
0000001100000000011000000001100000000110000000001000000000110000000001001110000010111100000110011000000111100000000000000
0000001100000000010000000001000000000110000000001000000000010000000001101100000011111000000111100000000110000000000000000
0000011000000001100000000011000000001100000000011111100000111101000001100010000010001100000011110000000111000000000000000
0000011000000000100000000011000000000100000000001000000000110010000000111100000001110100000011111000000001000000000000000
0000000100000000011000000001100000000010000000001000000000110011000001001110000110011100000111110000000110000000000000000
0000000010000000011100000011000000000111100000011111000000110011000011000010000110000100000100010000001111100000001000000
0001100000000011000000000110000000001100000000011000000000111111100001110111000011001100000111111000000111100000000000000
0000011000000000110000000011000000000110000000011001100000110111100001101110000011111100000111111000000111000000000000000
0000001100000000110000000001000000000110000000011000100000100111000011011010000111111100000111100000000100000000000000000
0001100000000110000000001000000000010000000000100011110001011101110011110000100011100011000011111100000010000000000000000
0000000110000000111000000011100000001100000000011000000000111110000011001111100110001100001110110000001111000000000000000
0000000100000000001000000000100000000011000000000100000000011000000000101000000011010000000100100000001110000000000000000
0000000111000000111100000001100000000110000000001100000001111100000011101100000011001100000111111000000111110000000000000
0000000100000000010000000001000000000100000000001000000000111110000001000100000110001100000100010000001111000000000000000
0000000100000000011000000001100000000010000000001101100000110111000011011010000110111100001111110000001100000000000000000
0000001111100000110000000011000000001100000000010000000001101110000011111111000111000110000111111100000011100000000000000
0000001000000000100000000010000000001100000000010000000001100111000010011111000111100110000111111000000010000000000000000
0000000011000000001100000000110000000010000000001100000000110011000011011110000101101000001111100000001110000000000000000
0000110000000011100000001110000000011000000000110000110001100111110011001111100111111110000111111000000010000000000000000
0000100000000001000000000010000000000100000000001000000000010000000000100110000001111100000001111000000000000000000000000
0000000110000000111000000011100000011110000000111000000011100000000111000111000111111110000111111000000111000000000000000
0000011000000001100000000111000000001100000000111011100001101111100011011111000111111110001111111000000111000000000000000
0000000100000000010000000001000000000010000000001000000000010011000001011010000011001100001111100000001000000000000000000
0000000011000000001100000000110000000110000000011000000000111111100011100010000110001100001111110000000110000000000000000
0000000100000000011000000001100000000010000000001100000000010111000001111010000010101100000111110000000100000000000000000
0000011000000001000000000010000000000100000000010000000000100111000001110010000001000000000010001000000011100000000000000
0000011000000001110000000011000000001110000000011000000000110001000001100111000011111100000011110000000011000000000000000
0000001110000000111000000011000000001100000000010000000001111110000010000111000110000010000110011100000111110000000000000
0000100000000001000000000010000000001100000000011000000000100011100001101111000011010100000010111000000011100000000000000
0000011000000001100000000110000000001100000000111111100001110001100011000001100110000110000111111100000111100000000000000
0000000110000000011000000001100000000111000000001110000000110110000001100110000010001100000100011000001111000000000000000
0000000010000000001100000000110000000011000000001100000000110011000001001110000110111000001111100000001100000000000000000
0000111000000001000000000110000000011000000000100001110001000110110110001001001000011100011111110000011100000000000000000
0000001100000000111000000011100000001110000000011100000001110000000011001110000111111100000111111000000111110000000000000
0000100000000011000000000110000000001100000000010000000001101111100011010000100111100011000111111100000111000000000000000
0000000100000000010000000001100000000110000000001001000000100111000010110010000001001100000111110000000000000000000000000
0000110000000011100000000110000000011100100000111011100001111111000001111110000011111100000011111000000111100000000000000
0000100000000001000000000010000000001100000000010000110001100011100011001111000110011100000111110000000011000000000000000
0000001100000000110000000011000000001100000000010000000001100000110010001111100100011111001111111000001100000000000000000
0000000100000000011000000001100000000110000000001100000000011000000000101000000001011000000010110000000111000000000000000
0000000000000001000000000100000000011000000000100001111011000110010100001001101100110110001111110000000000000000000000000
0000000110000000011000000000100000000011000000001100000000011000000000111100000001111100000111110000001000000000000000000
0000000000000000011110000001111000000011000000001100000000010000000000100000000011110000000111100000000111100000000000000
0000010000000000100000000001000000000100000000001011000000011001000000110010000001100100000011110000000001000000000000000
0000011000000000110000000011100000000110000000011101000000111111000001111110000011001100000111111000000111000000000000000
0000110000000011100000000110000000001100000000011111100000111111100011100001000011000110000111111100000111100000000000000
0000011100000001100000000110000000011100001000110001111011000110110110001001101100111110001111110000001110000000000000000
0000000000000000010000000001000000000010000000001000000000100000000001001100000110111000000111100000000000000000000000000
0000010000000001100000000110000000001100000000011111000000111111000001000010000011000100000111111000000111100000000000000
0000000110000000011000000001100000000110000000011000000001100111100010011011000111111100001111110000001000000000000000000
0000011100000001110000000011000000001110000000011000000000111111100001111111000011111110000111111000000111000000000000000
0000001100000000110000000011000000000110000000011000000000110100000001111100000011111000000011110000000010000000000000000
0000000010000000001000000000100000000001000000000100000000010010000000110010000010001000000111100000000000000000000000000
0010000000001110000000011000000000110000011001100001111011000110010011011001100111111110000011111000000001000000000000000
0000001100000000111000000001110000000110000000001000000000110000000001111100000011101100000110011000001111100000000000000
0000000011000000001100000000110000000011000000001100000000110111000011111011001110000110001111111000001100000000000000000
0000000110000000001000000000100000000011000000000100000000011110000001111110000011001000000111110000000100000000000000000
0000000011000000001100000000110000000011000000001100000000110000000011111000000111001100000111111000000010000000000000000
0000000111000000011000000001110000000110000000011000000001100110000011111110000111000100000111111000000000000000000000000
0000000100000000010000000001100000000010000000001000000000010000000001111110000011101100000011110000000010000000000000000
0000001100000000011000000001110000000011000000001110000000111110000001111110000011111100000011110000000111000000000000000
0000110000000001100000000110000000011000000000110000010011000011110110000101000110011110000111111000000000000000000000000
0000010000000001100000000010000000001100000000011000000000110011000001111110000001101100000011110000000011100000000000000
0000001000000000110000000011000000000100000000011000100001100111100010001001000100110010001111111000000011000000000000000
0000001000000001110000000011000000001100000000011010000000111111000001110110000011001000000011110000000011000000000000000
0000110000000001000000000110000000001000000000010011100000101101000001010010000011101100000111110000000000000000000000000
0000000000000000010000000001000000000010000000001101000000011111000000111100000011110000000100000000001100000000000000000
0000001100000000110000000011100000000110000000011000000000110100000001111110000011111110000111111100000010000000000000000
0000011000000000100000000011000000001100000000010000000001101111100010110011000111001100000111110000000100000000000000000
0000110000000001100000000111000000001100000000011011110001111101100011110001000011100110000011111000000011100000000000000
0000000110000000011000000001100000000110000000001000000000110110000001111110000011100100000110011000001111000000000000000
0000000100000000011000000000100000000010000000001000110000110110100011011010000100111000011111000000010000000000000000000
0000011000000001100000000011000000001100000000010011100001101111100011010011000101100110001111110000000110000000000000000
0001100000000011000000000100000000011000000000100000110001000011100010001111000100011100001111110000000110000000000000000
0000000011000000001110000000111000000111000000011100000000111111000011111111000111100110001111111000011111000000000000000
0000001000000000010000000001000000000110000000011011100000111111000011110011000111100100000111111000000000000000000000000
0000010000000001000000000010000000001000000000010001100000100111000001110001000001100100000011011000000001000000000000000
0000011000000000110000000011000000000110000000011000000000111111000001110110000011111100000111110000000111000000000000000
0000000110000000001000000000110000000011000000001100000000011000000001111100000011001000000110110000001110000000000000000
0000000010000000001000000000110000000011000000001100000000010000000001000110000010111000000111100000000100000000000000000
0000110000000001100000000011000000000100000000011001100000100111100011011011000110110110000111111000000000000000000000000
0000001110000000111000000011100000001110000000111001000001101111000011011110000111111100001111110000000000000000000000000
0000001100000000111000000011100000001110000000111011000001101111000010111111001111111110000111111000000000000000000000000
0000000100000000010000000001100000000110000100011011111000101101100011100010000110011100001111100000000000000000000000000
0000000011000000001100000000010000000001000000000100000000011100000001111100000111001000001100110000001011000000000000000
0000001000000000110000000001000000000100000000001001000000100111000001110110000011101000000011100000000110000000000000000
0000001000000000100000000011000000000100000000001000000000010100000000101100000001001000000001110000000011100000000000000
0000001100000000010000000001100000000110000000001000000000110111000001011010000010001100000111110000000110000000000000000
0000011000000001000000000110000000001000000000100000000001000111000010010010000010110010000011111000000001000000000000000
0000000100000000010000000001000000000010000000001100000000011100000001100100000011001000000010100000000111000000000000000
0000000010000000111110000011100000000110000000011100000000111100000011001100000110011000001100110000001111000000000000000
0000001100000000010000000001100000000010000000001100000000010000000001111100000011111000000111100000000100000000000000000
0000000100000000011000000001100000000110000000001000000000110011000001001110000010111100000111110000000110000000000000000
0000100000000011000000000110000000011000000000110001100001000111100110001101000111111110000111111000000000000000000000000
0000000110000000011000000001100000000110000000001000000000111100000001111100000011001100000110011000000111100000000000000
0000000110000000011000000000100000000010000000001001100000010111000001010100000010111000000111000000001100000000000000000
0000001100000000110000000011100000000110000000011100000000110000000001111100000011111100000111111000000111100000000000000
0000010000000001110000000100000000010000000001100000110010000011110100001100101100010010001111111000000110000000000000000
0000110000000011000000000110000000001000000000010000000001100011000001001110000011110100000011111000000011100000000000000
0000001000000000110000000001000000000100000000011111000000111111000011000110000100000100001110110000000110000000000000000
0000011100000001100000000110000000001000000000110000000001101111100011110001000011100110000011111000000011100000000000000
0000001100000000100000000011000000001100000000010010000001101111000011110011000111000110000111111000000010000000000000000
0000000000000000110000000110000000001000000000110001110011001110110110110000101111111110001111110000000000000000000000000
0000110000000011000000001100000000010000000000100000000001000011100010011101000111110110000111111000000001100000000000000
0000000110000000011000000001110000000111000000011100000000111000000011111110000111111100000111111000000011000000000000000
0000010000000001110000000111100000001100000000111001100001100111100011011011000111111110001111111000000111000000000000000
0001000000000010000000000100000000001000000000010011100000111100100001100001000011000010000011001000000011100000000000000
0000000100000000011000000001100000000010000000001100000000110001000001101110000011111000000111000000001100000000000000000
0000000110000000011000000001100000000110000000001100000000111110000001100100000010001000000100110000001111000000000000000
0000000110000000011000000001100000000110000000011000000000111111000001110010000011101100000111110000000110000000000000000
0000111000000011110000000111000000011100000000111111100011111111110111000011101111111111000111111100000000000000000000000
0000011100000000110000000011000000001100000000110000000001100001000010011111000111111110001111111000000111000000000000000
0000011000000000110000000011000000000110000000011011100000111111000011111110000011111100000111111000000111000000000000000
0000010000000001000000000010000000001000000000010011100000101100100000010001000010100010000100011000000111000000000000000
0000000011000000001110000000110000000011000000001100000000110000000011111100000110001000001101110000001111000000000000000
0000001100000000111000000001100000000110000000001100000000110111000001111110000011111100000111110000001111000000000000000
0000010000000001100000000110000000001000000000010000000000111111000001100110000011000100000011011000000011100000000000000
0000011100000001111000000011000000001100000000011000000000100110000001111110000011100100000011111000000011100000000000000
0011000000000110000000001100000000011000111000110011010001100100100011011011000010110100000111111000000111100000000000000
0000011000000001110000000010000000001100000000010000000001101111000011110010000011000100000110011000000111100000000000000
0000011000000001010000000100100000001000000000010000000000100111000001010010000010100100000111001000000111100000000000000
0000000110000000011100000001110000000111000000001100000000111110000001111110000110111000001111100000001100000000000000000
0000001000000000010000000001100000000010000000001100000000111110000000110110000011011000000111100000000110000000000000000
0000011000000000110000000001000000000110000000001100000000011110000000110110000011111100000011110000000111000000000000000
0000000100000000011000000001100000000011000000001100000000011111000000111110000011101100000111110000001111000000000000000
0000001000000000110000000001000000000100111000001111110000101000100010011110000100111000001111100000001100000000000000000
0000000001100000001100000000110000000011000000000110000000111110000001100100000011011000000111100000001110000000000000000
0000011000000001100000000010000000000100000000011000000000110110000001011110000011111000000011110000000010000000000000000
0000000100000000110000000011000000001100000000110000110001000110100000010001000000001100001111110000001100000000000000000
0001100000000110000000001100000000011000000000110111110001111001110001110001100011100011000011111100000011100000000000000
0000011000000001100000000110000000001000000000110000000001000111100010110001000100000010000000001000000111100000000000000
0000011000000000100000000011000000001100000000011000000000100011000001001110000011111100000111100000000110000000000000000
0000010000000001100000000110000000001100000000010111000000100011000001000010000011000100000011111000000011100000000000000
0000001100000000100000000011000000000100000000011000000000100001000001000110000110011100000111110000000110000000000000000
0000011000000001100000000110000000011000000000100000011001000011110010000100100100010001001101100100001111110000000000000
0000001000000000110000000001000000000110000000001000000000110011100001011001000011100110000110001000000000100000000000000
0000011000000001100000000010000000001100000000010000000000100111000001001010000011011100000011011000000011100000000000000
0000000011000000001100000000110000000011000000001100000000011000000001111000000110010000001100100000011011000000000000000
0000011000000000110000000011000000000110000000011011000000111111000001111110000011111100000111110000000110000000000000000
0000001100000000110000000001000000000110000000001000000000110011000001001110000010111100000111110000000111000000000000000
0000000011000000001000000000100000000010000000001000000000100111000010011100001101110000001111000000000000000000000000000
0000011000000000100000000010000000001100000000011011100000101111000011110010000111101100000111110000000110000000000000000
0001100000000011000000000110000000001100000000010001100000100101000001011110000011111000000011100000000001000000000000000
0000001100000000110000000011000000001100000000011000000000100111000011011111000111101100001111110000001110000000000000000
0000001000000000010000000001100000000010000000000100000000011100000000011000000001110000000011100000000110000000000000000
0000011000000000110000000011100000001110000000011111000001111111000011111111000111100110000111111000000111110000000000000
0000001100000000111000000001000000000110000000001000000000010000000000111100000001001000000011110000000011000000000000000
0000001000000000110000000011000000001100000000010010000000101110000001000100000010001000000111110000000111000000000000000
0000001100000000111000000011000000000110000000011110000000111110000001110110000010000100000111111000000111100000000000000
0000001100000000110000000001100000000110000000001111000000111011000001100010000011001100000110010000000111100000000000000
0000001100000000010000000001000000000110000000001001000000010010000001100110000001001000000010110000000111000000000000000
0000000001000000000100000000110000000001000000000100000000011110000011110100000110011000001111100000001100000000000000000
0000001000000000010000000001000000000010000000000100000000011000000000111100000001001000000010100000000010000000000000000
0000000100000000010000000001100000000010000000001100000000010000000001011110000010101100000111110000000000000000000000000
0001000000000100000000001000000000010000110000100011110001000100100010001001000110011100000111111000000000000000000000000
0001000000000110000000001100001000010001110000100111010001001000100011010011000011111110000011111000000001000000000000000
0000001100000000110000000001100000000110000000001100000000110000000001101110000011111000000011100000000011000000000000000
0000010000000001100000000010000000000100000000001000000000010100000000111110000011101100000001011000000011100000000000000
0000010000000001110000000011000000001110000000011000000000110010000001111111000001100110000011111100000011100000000000000
0000001000000000010000000001100000000110000000001111100000111001100011100001000110000100001111111000000011100000000000000
0000011000000001110000000011000000000100000000011000000000111111000011111110000011011100000111110000000110000000000000000
0000011000000001100000000011000000001100000000011111100000111101000001100010000010001100000011110000000111000000000000000
0000011000000000110000000011000000000100000000011000000000111111000001000011000010000110000111111000000111000000000000000
0000000110000000111100000011110000011110000000111000100001100111100011011111000111111110001111111100000111100000000000000
0000010000000001100000000011000000000100000000011000000000111110000001110110000011001100000011111000000111000000000000000
0000000011000000001100000000110000000110000000011000000000111111100011100010000110001100001111110000000110000000000000000
0000000010000000111110000011100000000110000000011100000000111100000011001100000110011000001100110000001111000000000000000
0000000100000000011000000000100000000011000000000101000000011111000000110010000011001000000110100000000110000000000000000
0000011110000011100000001100000000010000000000100000000001000000000010111010000111110111000111000110000011111000000000000
0000100000000011000000000100000000011001110000110110010001001100100010010011000100111100001111110000000100000000000000000
0000111000000011100000000110000000011000000000110000110011001111110110111000101111100001001100000110011000011000000000000
0000000100000000011000000001100000000110000000011101100000111111100011111001001111111110001111100000000100000000000000000
0000001000000000110000000011000000001100000000110001110001101110110110110001101101100110001111111000000011000000000000000
0000001110000001111100000011000000001100000000011000000000111110000001111110000011001100000110111000000111100000000110000
0000000011000000001100000000110000000011000000001110000000111110000001000100000110001000001001100000011110000000000000000
0000001100000000110000000001100000000110000000001100000000011000000001111000000011011000000011110000000111000000000000000
0000001100000000111000000001000000000110000000001000000000010000000000111000000001111000000011110000000011000000000000000
0000001110000000111000000001100000000110000000011000000000110000000001101110000011111100000111110000001100000000000000000
0000001100000000011000000001100000000110000000011100100001111111100011111111000111111100001111110000001110000000000000000
0000011100000001111000000011100000000100000000011011000000111111000001110010000011101100000111111000001111100000000000000
0000010000000001000000000110000000001000000000010001100000100110100001011001000010100110000011110000000000000000000000000
0000001100000001110000000110000000011000000000100000111011000111110110011100101111111111001111111000000000000000000000000
0000000100000000011000000000100000000011000000000100000000011000000000111100000001001000000010110000000111000000000000000
0000000110000000011000000000100000000010000000000100000000011000000000111000000001010000000110100000000111000000000000000
0000011000000000100000000010000000000100000000011011100000100101000001010010000010111000000111110000000110000000000000000
0011000000001100000000010000000000100000000001000001110011000100100110011001000110110111000011111100000000100000000000000
0000010000000011110000000111100000011100000000111000000001111111100011100111100011000011000111000110000111110000000001000
0000010000000001000000000010000000000100000000010011100000101000100001100000000010101100000101110000000110000000000000000
0000110000000001100000000110000000001100000000010000000000100111100001110001000011000110000011111000000000000000000000000
0000001100000000111000000001100000000110000000001100000000110111000001111110000011111100000111110000001111000000000000000
0000001000000000101000000010000000000100000000011000000000110000000001101110000001110100000011011000000011100000000000000
0000000010000000001100000000110000000011000000001100000000110000000001001110000100100100001111110000001100000000000000000
0000001100000000010000000001100000000110000000001000000000110011000001001110000011111000000011110000000001000000000000000
0000011000000000100000000011000000000100000000011000000000100111100001011001000010100110000111111000000110000000000000000
0000110000000001100000000111000000001100000000011011100000111111100001110011000011101110000111111000000000000000000000000
0000001100000000110000000011000000000100000000011000000000100111000001011010000011101100000111110000000110000000000000000
0000001000000000100000000011000000000100000000001000000000011110000001000010000010001100000010110000000010000000000000000
0000010000000001100000000011000000001100000000011001100001100111100110001111001100111100001111110000000110000000000000000
0000011000000001100000000011000000000100000000011011100000111111100001110011000011001110000011111000000011000000000000000
0000011000000001100000000010000000001100000000010000000000100111100001011111000011111110000011110000000000000000000000000
0000000100000000011000000001100000000110000000001100000000011100000001111100000011101000000111110000001110000000000000000
0000011000000001101000000110000000001000000000010111000000101001000001010010000011100100000111011000000111100000000000000
0000001100000000110000000011000000001100000000011000111001100011110011001111101111111100001111100000000010000000000000000
0000000110000000011000000001100000000110000000011000000000100011000011011111000101100110001100011100001111100000000000000
0000011000000001100000000110000000011000000000100001110001001111110010110000100111000110000111111000000000000000000000000
0000110000000010100000001000000000110000000001000001110010000100010100011000100100110001000111101100000001100000000000000
0000010000000000100000000011000000000100000000001011000000111111000001100010000010001000000111100000000100000000000000000
0000011000000001100000000010000000001100000000010000000000100000000001001110000010010100000111111000000001000000000000000
0000110000000001000000000110000000001000000000110011110001101100100001110001000011000110000111011000001111100000000000000
0000110000000011000000000100000000010000000000100011110001011000010111000000000110000001001110011100000010000000000000000
0000011000000001110000000011000000001100000000011000000000111110000001111110000011111100000111110000000000000000000000000
0000001000000000100000000011000000000100000000001000000000010100000000101100000001001000000001110000000011100000000000000
0001100000000010000000001100000000011000000000100001100001000111100010001011000110010110000110111000000011000000000000000
0000000010000000011110000001100000000110000000011000000000100011000011011011000111000100000111111000000111000000000000000
0000010000000001100000000011000000001100000000010000000001100111100011111111000111101110000111111000000000000000000000000
0000000110000000010000000000100000000010000000001100000000011100000000101000000010010000000101100000001110000000000000000
0000000001100000001110000000110000000111000000011000000001100110000110011110001101111100001111110000011100000000000000000
0000001100000000110000000011000000000100000000010000000001100000000011111111000111000010000111111100000001110000000000000
0000100000000001000000000010000000001100111000010011010000101100100001010001000010100100000111110000000110000000000000000
0000000000000001000000000010000000000100000000001000000000010011000000100110000001111100000001110000000000000000000000000
0000001000000000110000000011000000000100000000001000000000011110000000111110000001111000000011110000000001000000000000000
0000000011000000001100000000100000000110000000011000110001000110100100110011001010011000011111000000001100000000000000000
0000001100000000110000000011100000000110000000011001100000111111100011011001000111101100000111110000000111000000000000000
0000000100000000001000000000100000000011000000000110000000001000000000111000000001010000000011100000000110000000000000000
0000000110000000011000000001100000000100000000011011100000111111000011111110000101111000001111100000001100000000000000000
0000001100000000011000000001110000000010000000001100000000010000000000111100000001111000000011110000000111000000000000000
0000001100000000110000000011000000001100000000011001110001100111100011010011000101111100001111110000001110000000000000000
0000001000000000010000000001000000000110000000001001100000101101000001110010000111001000000101100000000100000000000000000
0000000110000000001000000000110000000001000000000100000000001011000000111010000011000000001100110000000110000000000000000
0000001100000000110000000011000000001110010000011001110001100111100011011111001111111100001111110000000110000000000000000
0000001100000000010000000001100000000010000000001100000000011110000000110100000011011000000011100000000110000000000000000
0000000011100000001100000000100000000011000000001100000000110110000001111110000111011000001111100000011000000000000000000
0000000010000000001100000000110000000011000000001100000000010010000001101100000010111000000111100000001110000000000000000
0000011100000001111000000010010000001100000000110000000001011111100110100011000100000010001110011000001111000000000000000
0000011000000001100000000110000000011000000000100001110001001111110010110000100111000110000111111000000000000000000000000
0000011000000000110000000011000000000110000000001000000000010000000000101100000001111100000011111000000011110000000000000
0000011000000000110000000001000000000110000000001101000000010111000001101110000011111000000011110000000011000000000000000
