0000000000000000100000000001000000000010000000000110000000001100000000011000000000110000000001100000000001000000000000000
0000000000000000001100000000110000000001100000000110000000001100000000110000000011100000000110000000011100000000000000000
0000000000000000011000000000110000000011100000000110000000001100000000111000000001100000000011000000000110000000001000000
0000000000000000010000000001100000000011000000000110000000001100000000010000000000100000000001000000000011000000000000000
0000000000000000011000000000110000000011100000000110000000001100000000110000000001100000000110000000001100000000011000000
0000000000000110000000001110000000001110000000001110000000001100000000011100000000011000000000111000000000110000000000100
0000000000000000011000000000110000000011000000000110000000011100000000110000000001100000000011000000000110000000000000000
0000000000000000000100000000011000000001100000000111000000001100000000110000000011000000001110000000011000000000010000000
0000000000000000011000000000110000000011100000000110000000001100000000111000000001100000000011000000000110000000001000000
0000000000000000001000000000010000000001100000000011000000001100000000011000000000100000000011000000000100000000011000000
0000000000000000011000000000100000000001000000000110000000001100000000010000000001100000000011000000000100000000000000000
0000000000000000001000000000110000000001000000000010000000001100000000010000000001100000000011000000001100000000000000000
0000000000000000001100000000010000000001100000000110000000001100000000110000000001000000000110000000001100000000010000000
0000000000000000011000000000100000000001000000000110000000001100000000011000000000100000000001000000000110000000000100000
0000000000000000001100000000011100000001110000000111000000001100000000111000000011100000000110000000011100000000110000000
0000000000000000001100000000110000000001100000000111000000001100000000011000000001100000000111000000001100000000010000000
0000000000000000110000000001000000000010000000000100000000001000000000010000000001100000000001000000000011000000000000000
0000000000000000110000000011100000000111000000001110000000011100000000111000000000110000000001110000000011100000000010000
0000000000000000010000000001100000000011000000001110000000011100000000010000000000100000000001000000000010000000001100000
0000000000000000001000000000010000000001000000000010000000001000000000010000000001000000000010000000001100000000000000000
0000000000000000100000000001000000000011000000000110000000001100000000011000000000110000000001100000000011000000000000000
0000000000000000010000000000100000000011000000000110000000001100000000010000000001100000000011000000000100000000000000000
0000000000000000110000000001100000000011000000000110000000001100000000011000000000100000000001000000000010000000000000000
0000000000000000110000000001100000000011000000000110000000001100000000111000000001110000000011000000000110000000000000000
0000000100000000001100000000111000000001100000000111000000001100000000111000000011100000000110000000011100000000010000000
0000000000000000011000000001110000000001000000000110000000001100000000011000000000110000000011000000000110000000000000000
0000001000000000010000000001100000000011000000000100000000001000000000010000000001100000000011100000000110000000000000000
0000000000000000000100000000011000000001100000000010000000001100000000010000000001100000000010000000001100000000010000000
0000000000000000001100000000111000000001110000000111000000001100000000111000000001100000000111000000001100000000011000000
0000000000000000001100000000111000000001100000000111000000001100000000110000000001100000000110000000001100000000011000000
0000000000000000001100000000010000000001100000000010000000001100000000010000000001100000000010000000001100000000010000000
0000000000000000010000000001100000000010000000000100000000001000000000010000000000100000000011000000000110000000000000000
0000000010000000001100000000111000000001100000000111000000001100000000110000000011100000000110000000011100000000010000000
0000000000000000000100000000011000000001100000000010000000001100000000110000000011000000000100000000010000000000100000000
0000000000000000001100000000011000000001100000000111000000001100000000110000000011100000000110000000011000000000100000000
0000000000000000000100000000010000000001100000000010000000001100000000010000000001000000000110000000011000000000100000000
0000010000000000100000000001100000000011000000000110000000001100000000011000000001100000000011000000000111000000000000000
0000000000000000110000000001100000000011000000000100000000001000000000010000000000100000000011000000000110000000000000000
0000000100000000001000000000110000000001100000000110000000001100000000110000000001000000000110000000001000000000000000000
0000000000000000110000000001100000000010000000000100000000001000000000010000000000100000000001000000000110000000000000000
0000000000000000011000000000110000000001000000000110000000001100000000010000000001100000000011000000000110000000001100000
0000000000000000110000000001100000000011000000000110000000001100000000011000000000110000000001100000000011000000000000000
0000001000000000010000000000100000000001000000000010000000000100000000011000000000100000000001000000000110000000000000000
0000001000000000010000000000100000000001000000000110000000001100000000011000000000110000000001100000000010000000000000000
0000000000000000010000000000100000000011000000000100000000001000000000010000000000100000000001000000000110000000000100000
0000000000000000000000000000100000000001000000000110000000001000000000010000000000100000000001000000000010000000000100000
0000000000000000010000000000100000000001000000000110000000001100000000011000000000100000000001000000000110000000001100000
0000001000000000110000000001100000000011000000000110000000011100000000111000000001110000000011000000000110000000001000000
0000000000000000001000000000110000000001000000000110000000001100000000010000000001100000000011000000001100000000011000000
0000000000000000011000000000110000000001000000000010000000001100000000010000000001100000000010000000001100000000000000000
0000000100000000011100000000110000000001100000000110000000011100000000110000000001100000000110000000011000000000110000000
0000000000000000010000000001100000000011000000000110000000001000000000010000000001100000000011000000000110000000001000000
0000000000000000000100000000011000000001110000000011000000001100000000111000000001100000000110000000001100000000010000000
0000000000000000100000000001100000000011000000000110000000001000000000010000000000100000000001000000000010000000000000000
0000000000000000001100000000111000000001100000000111000000011100000000110000000011100000000110000000001100000000000000000
0000000000000000010000000001000000000010000000000100000000001000000000010000000000100000000001000000000011000000000000000
0000000000000000011000000000110000000001000000000110000000001100000000110000000001100000000011000000001100000000000000000
0000000000000001100000000011000000000110000000000100000000001100000000011000000000110000000001100000000011000000000110000
0000000000000000010000000000100000000011000000000110000000001000000000010000000000100000000001000000000010000000000100000
0000000000000000100000000001100000000011000000000110000000001100000000011000000000110000000001100000000011000000000000000
0000000010000000001100000000011000000001100000000111000000001100000000011000000001100000000111000000001100000000010000000
0000000000000000001000000000110000000001000000000010000000001000000000010000000001100000000010000000000100000000000000000
0000000000000001100000000011000000000110000000001100000000011000000000110000000000100000000001100000000011000000000010000
0000010000000000100000000001100000000011000000000110000000001100000000011000000000110000000001100000000011000000000000000
0000000010000000001100000000011000000001100000000110000000001100000000110000000001100000000110000000011100000000010000000
0000000000000000001100000000011000000001100000000010000000001100000000010000000001000000000110000000001000000000010000000
0000000000000000010000000001100000000011000000000100000000001000000000010000000000100000000001000000000011000000000100000
0000000000000000010000000000100000000001000000000110000000001100000000110000000001100000000010000000001100000000000000000
0000000000000000000100000000011000000001100000000110000000001100000000110000000001100000000110000000001100000000010000000
0000000010000000001100000000011000000001100000000011000000001100000000011000000001100000000111000000001100000000010000000
0000000000000000010000000000100000000001000000000110000000001000000000010000000000100000000001000000000110000000000000000
0000000000000000001100000000010000000001100000000110000000001100000000110000000001000000000110000000011000000000100000000
0000000000000000010000000001000000000010000000000100000000001000000000010000000000100000000001000000000010000000000000000
0000000000000000011000000000100000000001000000000110000000001000000000010000000000100000000010000000000100000000001000000
0000000000000000110000000001000000000010000000000100000000001000000000010000000000100000000001100000000001000000000000000
0000000100000000001100000000110000000001100000000111000000001100000000111000000001100000000111000000001110000000000000000
0000000000000000001100000000011000000001100000000011000000001100000000110000000011000000000110000000011000000000100000000
0000000000000001100000000011000000000010000000000100000000001000000000010000000000110000000001100000000011000000000010000
0000000000000000001000000000100000000001000000000010000000001100000000010000000000100000000001000000000010000000001000000
0000001000000000010000000000100000000011000000000110000000001100000000011000000000100000000001000000000011000000000100000
0000000000000000001100000000111000000011100000000110000000011100000000110000000001100000000111000000001100000000011000000
0000010000000000110000000001100000000011000000000110000000011000000000110000000001100000000011000000000111100000000000000
0000000000000000001110000000011100000001110000000111000000011100000001110000000111100000001110000000111100000000000000000
0000000000000000001000000000110000000001000000000110000000001000000000110000000001000000000110000000001000000000000000000
0000000000000000010000000001100000000001000000000010000000000100000000010000000000100000000001000000000010000000000100000
0000000000000000010000000001100000000010000000000100000000001000000000110000000001100000000001000000000010000000000100000
0000000000000000100000000001000000000010000000000100000000001000000000010000000000010000000000100000000001000000000000000
0000000000000000011000000000110000000001000000000010000000001100000000010000000000100000000011000000000110000000000000000
0000000000000000001000000000011000000001100000000011000000001100000000011000000001100000000010000000001100000000011000000
0000000000000000100000000001000000000010000000000100000000001000000000010000000000100000000001000000000010000000000000000
0000000000000000110000000001100000000011000000000110000000001100000000011000000000110000000001110000000011000000000010000
0000000000000000000100000000011000000000100000000010000000001100000000010000000001100000000110000000001000000000000000000
0000000000000000000100000000011000000000100000000011000000001100000000110000000001000000000100000000011000000000100000000
0000000000000000111000000001110000000011100000000110000000001100000000111000000001110000000011100000000111000000001110000
0000000000000000001000000000110000000001000000000110000000001100000000010000000001100000000011000000000100000000001000000
0000000000000000000100000000011000000001100000000110000000001100000000110000000001100000000110000000001100000000010000000
0000001000000000010000000001100000000011000000000110000000001100000000011000000001110000000011000000000110000000000000000
0000000000000000001000000000111000000001110000000111000000011110000001111000000011000000000100000000011000000000110000000
0000000000000000001000000000110000000001100000000011000000001100000000011000000001100000000011000000000110000000001000000
0000000000000000010000000001100000000011000000001110000000010100000000001000000000010000000001100000000011000000000110000
0000000000000000011000000000100000000001000000000110000000001100000000011000000000110000000001000000000110000000000100000
0000000000000000001000000000010000000001100000000011000000001100000000011000000001100000000011000000000100000000011000000
0000000000000000011000000000110000000011000000000110000000001100000000010000000001110000000011100000000110000000000000000
0000000000000000100000000001000000000010000000000110000000001100000000011000000000110000000001100000000001000000000010000
0000000000000000011000000000110000000001000000000110000000001100000000011000000001100000000011000000000110000000000000000
0000000110000000011100000000111000000011110000001111000000011110000001111000000011110000001111000000111100000001110000000
0000000000000000100000000001000000000010000000000100000000001000000000010000000000100000000001000000000010000000000100000
0000000000000000001100000000010000000001100000000011000000001100000000011000000001100000000011000000001100000000010000000
0000000000000000011000000000110000000001000000000110000000001100000000010000000001100000000011000000000100000000001000000
0000000000000001000000000011000000000010000000000100000000001000000000010000000000110000000000100000000001100000000000000
0000000000000000010000000000100000000011000000000110000000001100000000010000000000100000000001000000000010000000000100000
0000000000000000000110000000011000000001110000000111000000001100000000110000000011100000000110000000011000000000100000000
0000000000000000001000000000100000000001000000000110000000001000000000010000000001000000000010000000000100000000000000000
0000010000000000100000000001000000000010000000000100000000001000000000010000000000100000000001100000000001100000000000000
0000000000000000001100000000111000000001100000000111000000001100000000111000000001100000000111000000001110000000011000000
0000000000000000000100000000011000000001100000000011000000001100000000110000000001100000000010000000001100000000010000000
0000000000000000001100000000011000000001100000000011000000001100000000110000000001100000000110000000011000000000000000000
0000000000000000011000000000110000000011000000001110000000001100000000011000000000100000000001000000000110000000001100000
0000000000000000001000000000110000000001000000000010000000001100000000010000000001100000000010000000001100000000010000000
0000000010000000001100000000011000000000100000000010000000001100000000010000000001000000000110000000011100000000000000000
0000000100000000001000000000110000000001000000000010000000001100000000010000000001100000000011000000000110000000001000000
0000001000000000010000000000100000000011000000000110000000001000000000010000000001100000000011000000000110000000001000000
0000000000000000011000000001110000000011000000000110000000011000000000110000000001100000000011000000000110000000000100000
0000000000000000001000000000110000000001000000000010000000001100000000010000000000100000000011000000000110000000000000000
0000001000000000010000000000100000000011000000000110000000001100000000010000000001100000000010000000000100000000000000000
0000010000000000100000000001000000000010000000000100000000001000000000011000000000110000000001100000000011000000000010000
0000000000000000011000000000110000000001100000000110000000001100000000011000000001110000000011000000000110000000001000000
0000000100000000001100000000010000000001100000000110000000001000000000010000000001100000000011000000001100000000000000000
0000000000000000010000000000100000000001000000000110000000001100000000011000000000100000000001000000000010000000000100000
0000000000000000000111000000011100000001111000000111100000011100000001111000000111100000011110000000111000000000000000000
0000000000000000100000000001000000000010000000000100000000001000000000011000000000110000000001100000000011000000000000000
0000010000000000100000000011000000000110000000001100000000011000000000010000000000110000000001100000000011000000000010000
0000000000000000001100000000010000000001100000000110000000001100000000110000000001000000000110000000011100000000010000000
0000000000000000110000000001100000000011000000000110000000001100000000010000000000100000000011000000000110000000000000000
0000001000000000011000000000110000000001100000000110000000001100000000011000000001110000000011000000000110000000001000000
0000000000000000010000000001100000000011000000000110000000001100000000011000000000110000000001100000000011000000000000000
0000000000000000010000000001100000000011000000000110000000001100000000011000000000110000000001100000000011000000000100000
0000001000000000111000000001110000000011100000000110000000001100000000111000000001110000000011100000000110000000001100000
0000000000000000100000000001000000000110000000001100000000001000000000010000000000110000000001100000000011000000000010000
0000110000000001100000000011000000000111000000011010000000100100000000001000000000010000000111111100001100010000000000000
0000000000000001000000000001000000000010000000000100000000001000000000010000000000100000000000100000000001000000000000000
0000000000000000110000000001100000000011000000000110000000001100000000010000000000100000000011000000000100000000001000000
0000000000000000011000000000110000000001000000000110000000001100000000010000000001100000000011000000000100000000011000000
0000000000000000011000000000100000000011000000000110000000001100000000011000000000100000000011000000000111000000000110000
0000000000000000110000000001100000000011000000000110000000001100000000011000000000100000000001000000000010000000000000000
0000000010000000000100000000011000000001100000000011000000001100000000111000000001100000000110000000011100000000010000000
0000000000000000011000000000110000000001100000000010000000001100000000010000000001100000000011000000000110000000001000000
0000000000000000010000000000100000000011000000000110000000001000000000010000000000100000000011000000000110000000000000000
0000000000000000010000000000100000000011000000000110000000001100000000010000000000100000000001000000000110000000000000000
0000000000000000010000000000100000000000000000000100000000001000000000010000000000100000000001000000000010000000000000000
0000000000000000000100000000011000000000100000000010000000001100000000010000000001100000000010000000000100000000010000000
0000000000000000001100000000011000000001100000000011000000001100000000111000000001100000000110000000001100000000110000000
0000000100000000001000000000110000000001100000000110000000001100000000010000000001100000000011000000000110000000001000000
0000000010000000001100000000011000000001100000000110000000011100000000110000000011000000000110000000011000000000000000000
0000000000000000110000000001100000000011000000001110000000011000000000010000000000100000000001100000000011000000000110000
0000000000000000010000000000100000000001000000000010000000001100000000011000000000100000000001000000000110000000000000000
0000000000000000010000000000100000000001000000000010000000001100000000011000000000100000000001000000000110000000000000000
0000001100000000011000000001100000000011000000001100000000011000000000100000000011000000000110011000011000011000000000000
0000000000000001000000000011000000000110000000000100000000001000000000011000000000010000000000100000000001100000000010000
0000000000000000010000000001000000000010000000000100000000001000000000010000000000100000000001000000000010000000000000000
0000000000000000000110000000011000000001100000000010000000001000000000110000000011000000000100000000011000000000100000000
0000010000000000100000000001000000000010000000000110000000001100000000011000000000100000000001100000000011000000000000000
0000000000000000010000000000100000000011000000000110000000001100000000010000000000100000000011000000000100000000001000000
0000010000000000110000000001100000000011000000000110000000001100000000011000000000110000000001110000000011100000000000000
0000000100000000001000000000110000000001000000000110000000001000000000110000000001100000000010000000001100000000010000000
0000000000000000011000000000110000000001100000000010000000001100000000011000000001100000000011000000000110000000001000000
0000000000000000001100000000010000000001100000000110000000001100000000110000000001000000000110000000001100000000010000000
0000000000000000010000000000100000000001000000000100000000001000000000010000000000100000000001000000000010000000000000000
0000000000000000010000000000100000000001000000000010000000000000000000010000000000100000000001000000000010000000000000000
0000000000000000100000000001000000000010000000000110000000001100000000011000000000110000000001100000000011000000000010000
0000000000000000011000000000110000000001100000000010000000001100000000011000000000100000000001000000000110000000001000000
0000000000000000110000000001100000000010000000000100000000001000000000011000000000110000000001100000000001000000000000000
0000000000000000000110000000011000000001100000000011000000001100000000110000000011000000000110000000011100000000000000000
0000000000000000100000000001100000000011000000000110000000001100000000010000000000100000000001000000000110000000000000000
0000000000000000000000000001110000000011100000000110000000001100000000111000000001010000000011000000000110000000000000000
0000000000000000000110000000011100000001110000000011000000001100000000110000000011000000000110000000011000000000011000000
0000000000000000000100000000001000000000110000000011000000001100000000110000000011000000000100000000010000000000100000000
0000000010000010001100001101111000001100110000000011000000000110000000001000000000110000001111111101111111000000000000000
0000000000000000100000000001100000000010000000000100000000001000000000010000000000100000000001000000000010000000000100000
0000000000000000011000000000110000000001000000000110000000001100000000110000000001100000000011000000001100000000001000000
0000000000000000001100000000110000000001100000000010000000001100000000010000000001100000000110000000001100000000001000000
0000100000000001000000000011000000000110000000000100000000001000000000010000000000110000000000111000000001100000000000000
0000000000000001100000000001000000000010000000000100000000001000000000010000000000100000000001100000000010000000000100000
0000000000000000001000000000010000000001100000000010000000001100000000010000000001100000000010000000001100000000000000000
0000000000000000110000000001100000000011000000000110000000001100000000011000000000110000000001100000000010000000000000000
0000000000000000000011000000001100000000110000000011000000001100000000110000000011000000001100000000010000000001000000000
0000000000000000100000000001000000000010000000000100000000001000000000010000000000110000000000100000000001000000000010000
0000000000000000001000000000010000000001100000000110000000001000000000010000000001100000000011000000000100000000001000000
0000000000000000100000000001000000000010000000000110000000001100000000011000000000010000000000100000000001000000000010000
0000001000000000010000000001100000000011000000000110000000011100000000111000000001110000000011000000000110000000001000000
0000000000000000100000000001100000000011000000000110000000001100000000011000000000110000000001100000000011000000000000000
0000001000000000110000000001100000000011000000000110000000011100000000110000000001100000000011000000000110000000001000000
0000000000000000000110000000011100000000110000000011000000001100000000111000000011100000001110000000011000000000100000000
0000000000000000000010000000001000000000110000000011000000001100000000110000000011000000001100000000110000000000000000000
0000000000000000011000000000110000000011100000000111000000011100000000111000000001110000000011000000000110000000001000000
0000000000000000010000000000100000000001000000000110000000001000000000010000000001100000000010000000000100000000001000000
0000000000000000010000000001100000000011000000000110000000001000000000010000000000100000000001000000000011000000000000000
0000000100000000001000000000010000000001100000000011000000001100000000010000000001100000000010000000001100000000010000000
0000000000000001100000000011000000000010000000000110000000001100000000011000000000010000000000100000000001100000000011000
0000000000000000010000000000100000000001000000000110000000001000000000010000000000100000000001000000000110000000000000000
0000000000000000011000000000100000000001000000000110000000001000000000110000000001000000000010000000000000000000010000000
0000000000000000011000000000100000000011000000000110000000001100000000111000000001100000000011000000001100000000001000000
0000000000000000110000000001100000000011000000000110000000001100000000011000000000110000000001100000000011000000000000000
0000000000000000110000000001100000000111000000011010000000100100000000001000000000010000000000100000000111100000001000000
0000000000000000010000000000100000000001000000000110000000001100000000010000000001100000000010000000000100000000001000000
0000000010000000000100000000011000000000100000000010000000001100000000010000000001100000000010000000001100000000010000000
0000000000000001100000000001000000000010000000000100000000001000000000011000000000110000000001100000000011100000000010000
0000000100000000001000000000110000000001000000000010000000001000000000110000000001000000000110000000001100000000010000000
0000001000000000011000000000100000000011000000000110000000001100000000011000000000110000000001000000000111000000000100000
0000000000000000110000000001100000000011000000000110000000001100000000011000000000110000000001100000000011000000000000000
0000000010000000000110000000011000000001100000000010000000001100000000010000000001000000000110000000011000000000110000000
0000000000000000001000000000010000000001100000000110000000001100000000010000000001100000000011000000000100000000001000000
0000000000000000001100000000010000000001100000000010000000001100000000010000000001100000000110000000001000000000010000000
0000000000000000010000000000110000000011000000000110000000001100000000110000000001100000000010000000001100000000010000000
0000000000000001100000000001000000000011000000000110000000001100000000010000000000100000000001000000000011000000000100000
0000000000000000010000000000100000000001000000000110000000001100000000010000000000100000000011000000000110000000001100000
0000000100000000001000000000110000000001100000000110000000001100000000110000000001100000000011000000000100000000001000000
0000000000000001000000000010000000000110000000001100000000001000000000010000000000110000000000100000000001100000000000000
0000000000000000100000000001000000000010000000000100000000001000000000110000000001100000000001000000000010000000000000000
0000000000000000101000000001000000000010000000000100000000001011000000110000000001000000000010000000001100000000000000000
0000000000000000110000000001100000000011000000001110000000011100000000011000000001110000000011100000000110000000001100000
0000000010000000000100000000011000000001100000000011000000001100000000110000000001100000000110000000001100000000010000000
0000000000000000011100000000111000000001100000000011000000001110000000111000000001100000000111000000011100000000110000000
0000000000000000011000000000110000000001100000000110000000001100000000110000000001100000000011000000000100000000011000000
0000000000000000000110000000011000000000110000000011000000001100000000110000000011000000001100000000110000000000000000000
0000000000000100000110001000111100011111110000000001100000000010000000001100000000010000000001100000111111110000000000000
0000000000000000011000000001110000000011000000000110000000001100000000111000000001110000000011100000000110000000000100000
0000000000000000010000000000100000000011000000001110000000001100000000011000000000110000000001000000000110000000001100000
0000000000000000000000000001100000000011000000000110000000001100000000011000000000110000000001100000000011000000000010000
0000000000000000000110000000011000000001110000000011000000001100000000110000000011000000001110000000010000000001100000000
0000000000000000011000000000110000000001100000000010000000001100000000010000000001100000000011000000000100000000001000000
0000000000000000000010000000001000000000110000000011000000001100000000010000000001000000000110000000011000000000000000000
0000010000000000100000000001000000000010000000000100000000001000000000011000000000110000000001100000000011000000000100000
0000000000000001000000000011000000000010000000000110000000001100000000011000000000110000000001100000000010000000000100000
0000000010000000001100000000111000000001100000000111000000011100000000110000000011100000001110000000011100000000000000000
0000000000000000000110000000011100000001100000000010000000001100000000010000000001100000000110000000001100000000010000000
0000000000000000110000000001100000000011000000000110000000001100000000011000000000110000000011100000000111000000000100000
0000000000000000000110000000011100000001100000000111000000001100000000111000000001100000000110000000001100000000010000000
0000000000000000110000000001100000000011000000000110000000001100000000011000000000110000000001100000000011000000000000000
0000000000000001000000000011000000000110000000000100000000001000000000011000000000110000000001100000000011000000000010000
0000000000000000010000000000100000000011000000000110000000001100000000011000000000110000000001000000000010000000000100000
0000000000000000001000000000010000000001100000000010000000001100000000110000000001100000000110000000011000000000000000000
0000000000000000011000000000110000000011100000000110000000001100000000110000000001100000000111000000001100000000001000000
0000010000000000110000000001100000000011000000000110000000011000000000110000000001100000000011100000000110000000000000000
0000000000000001100000000001000000000010000000000110000000001100000000011000000000110000000000100000000001000000000000000
0000000000000000110000000001100000000011000000000110000000001100000000011000000000110000000001100000000010000000000100000
0000000000000000010000000000100000000001000000000110000000001100000000011000000000100000000001000000000010000000000100000
0000000000000000011000000000100000000001000000000110000000001000000000010000000001100000000010000000001100000000000000000
0000110000000001110000000011100000000111000000001110000000011100000000111000000001110000000011110000000011100000000010000
0000001000000000011000000000110000000001100000000111000000001100000000111000000001110000000011000000000110000000000000000
0000000000000000001000000000110000000001000000000010000000001100000000010000000000100000000011000000000100000000000000000
0000000000000001100000000011000000000010000000000110000000001100000000011000000000110000000001100000000011000000000000000
0000000000000000100000000001000000000010000000000100000000001000000000010000000000010000000000100000000001000000000010000
0000000000000000001100000000010000000001100000000010000000001100000000010000000001100000000110000000001100000000000000000
0000000000000000011000000000110000000001100000000110000000001100000000111000000001100000000111000000001100000000011000000
0000000000000000011000000000110000000001000000000110000000001100000000110000000001100000000110000000001100000000000000000
0000000100000000011000000000110000000001100000000110000000001100000000111000000001100000000111000000001110000000001000000
0000000000000000010000000000100000000001000000000110000000001100000000010000000000100000000001000000000010000000000000000
0000000000000000000011000000001100000000110000000011000000001100000000110000000011100000001110000000111000000000000000000
0000000000000000000100000000010000000000100000000011000000000100000000010000000000100000000010000000001100000000010000000
0000000010000000000100000000011000000000100000000011000000001100000000110000000011000000001110000000011000000000100000000
0000000000000000100000000001000000000011000000000110000000001100000000011000000000110000000001100000000011000000000000000
0000000000000000001000000000010000000001100000000010000000001100000000010000000001100000000010000000000100000000000000000
0000000000000000001100000000110000000001000000000110000000001000000000110000000001000000000010000000000100000000011000000
0000000000000000000100000000010000000000100000000010000000001100000000110000000001000000000100000000011000000000100000000
0000000000000000011000000000100000000011000000000100000000001000000000110000000001000000000010000000000100000000001000000
0000000000000000001000000000010000000001100000000010000000001100000000010000000001000000000010000000001100000000000000000
0000000000000000110000000001100000000011000000000110000000011100000000111000000001110000000011000000000110000000001100000
0000000000000000100000000001000000000010000000000100000000001000000000010000000000100000000001000000000110000000000000000
0000000000000000010000000001100000000111000000001110000000001100000000011000000000110000000001100000000010000000000100000
0000000000000000011000000001110000000011000000000110000000011100000000111000000001100000000011000000000100000000001000000
0000000100000000001000000000110000000001100000000110000000001100000000110000000001100000000011000000001100000000000000000
0000000000000000110000000001100000000011000000000110000000001100000000011000000000110000000001100000000011000000000100000
0000010000000000110000000001100000000011000000000110000000001100000000011000000000110000000001100000000011000000000000000
0000100000000001100000000011000000000010000000000100000000001000000000011000000000110000000001100000000011000000000010000
0000000000000011000000000110000000000110000000001100000000001100000000011000000000110000000000110000000001100000000011000
0000000000000000010000000000100000000011000000000110000000001100000000011000000000100000000001100000000011000000000010000
0000000000000000100000000001000000000010000000000100000000001000000000010000000000100000000001000000000010000000000000000
0000000000000000011000000000110000000001000000000110000000001100000000010000000000100000000011000000000100000000001000000
0000000100000000011000000001110000000011100000000111000000011100000000111000000001100000000111000000001110000000001000000
0000000000000000010000000000100000000001000000000100000000001000000000110000000001000000000010000000000110000000000100000
0000000000000000010000000000100000000001000000000110000000001100000000010000000000100000000001000000000010000000000100000
0000000000000000110000000001100000000011000000000110000000001000000000010000000000100000000011000000000110000000000000000
0000000000000000010000000001100000000011000000000100000000001000000000010000000000100000000011000000000110000000001100000
0000000000000000000100000000010000000000100000000010000000001000000000110000000001000000000100000000010000000000000000000
0000000000000000000100000000011000000001100000000111000000001100000000110000000011000000000110000000011000000000110000000
0000000100000000011000000000110000000001000000000110000000001100000000110000000001100000000110000000001100000000010000000
0000000000000000100000000001000000000010000000000100000000001000000000010000000000100000000011000000000110000000000000000
0000000000000000100000000001000000000010000000000110000000001100000000011000000000110000000001100000000011000000000000000
0000000000000000001100000000110000000001100000000110000000001100000000110000000001100000000010000000001100000000010000000
0000000000000000110000000011100000000011000000000110000000001100000000010000000000100000000001000000000010000000000100000
0000000001000000000110000000011100000000110000000011000000001100000000110000000111000000011100000000110000000001000000000
0000000000000000110000000001100000000011000000000110000000001100000000011000000000110000000001100000000011100000000000000
0000000000000000011000000001110000000011000000000110000000001100000000111000000001110000000011000000000110000000001100000
0000000000000000010000000000100000000001000000000100000000001000000000010000000000100000000001000000000010000000000100000
0000000000000000001000000000100000000001000000000010000000000100000000010000000000100000000001000000000100000000000000000
0000000010000000001100000000111000000011110000000111000000011110000001111000000011100000000111000000011100000000011000000
0000000100000000011000000000110000000001100000000111000000001100000000011000000001100000000011000000001110000000001000000
0000000000000000000100000000011000000001100000000011000000001100000000011000000001100000000110000000001100000000010000000
0000001000000000010000000000100000000011000000000110000000001100000000110000000001100000000011000000000110000000001000000
0000000000000000110000000001100000000011000000000110000000001100000000011000000000110000000001100000000011000000000000000
0000000000000000100000000001100000000011000000000110000000001100000000011000000000110000000001100000000011000000000010000
0000000000001100000000011100000000011110000000011110000000011110000000011100000000011100000000111000000000110000000001100
0000000000000001000000000011000000000110000000000100000000001000000000010000000000110000000001100000000001000000000000000
0000000000000001100000000111100000001011000000000010000000001100000000011000000000110000000001100000000011000000000110000
0000000000000000110000000001100000000011000000000110000000001000000000010000000000100000000001000000000010000000000100000
0000000000000000010000000000100000000001000000000110000000001100000000010000000000100000000011000000000110000000001000000
0000000000000011000000000110000000000100000000001100000000001000000000011000000000010000000000110000000000100000000001100
0000000010000000000100000000011000000000100000000011000000001100000000111000000011100000000110000000001100000000001000000
0000000000000000010000000001100000000010000000000100000000001000000000010000000000100000000001000000000110000000000000000
0000000000000000100000000011000000000010000000000100000000001000000000010000000000110000000001100000000011000000000010000
0000000000000000010000000001100000000011000000000110000000001000000000010000000000100000000001000000000011000000000010000
0000000000000001000000000010000000000110000000001100000000011000000000011000000000110000000000100000000001100000000000000
0000000100000000011000000000110000000011100000000110000000011100000000111000000011100000000111000000001100000000010000000
0000000000000000110000000001100000000011000000000110000000001100000000011000000000110000000001100000000011000000000000000
0000000000000000100000000001100000000011000000000100000000001000000000010000000000100000000001000000000011000000000010000
0000000000000001100000000001000000000010000000000100000000001000000000011000000000110000000001100000000011000000000100000
0000000000000000110000000001100000000011000000000110000000001100000000011000000000110000000011000000000110000000000100000
0000000000000000001100000000111000000001100000000110000000001100000000110000000001100000000110000000011000000000000000000
0000000000000001100000000011100000000111000000001110000000011100000000011000000000111000000001110000000011100000000010000
0000000000000000110000000001100000000111000000001110000000011100000000111000000001100000000011000000000110000000001100000
0000001000000000010000000000100000000001000000000010000000001100000000011000000000100000000011000000000100000000001000000
0000010000000000100000000001000000000010000000000110000000001100000000111000000000110000000001100000000010000000000000000
0000000000000000000100000000011000000000100000000011000000001100000000011000000001100000000110000000001100000000010000000
0000001000000000010000000000100000000011000000000110000000001100000000010000000000100000000001000000000010000000000100000
0000000000000000110000000001100000000011000000000110000000001000000000010000000001100000000011000000000110000000001000000
0000000000000001100000000011000000000110000000001100000000001000000000010000000000110000000001100000000011000000000010000
0000000000000000000011000000001100000000110000000011000000001100000000111000000001100000001100000000110000000001000000000
0000000000000000001000000000110000000001000000000010000000001100000000010000000000100000000011000000000100000000000000000
0000000000000000100000000001000000000010000000000100000000001100000000011000000000110000000001100000000011000000000000000
0000000000000000011000000000110000000001100000000110000000001100000000111000000001100000000011000000000110000000000100000
0000000001000000000110000000011000000001100000000011000000001100000000111000000001100000001110000000011000000000100000000
0000000000000000000000000000110000000001000000000110000000001000000000010000000001100000000011000000000100000000001000000
0000000100000000001000000000110000000001100000000110000000001100000000010000000001100000000011000000000110000000001000000
0000000010000000001100000000011000000001100000000111000000011100000000110000000011100000000110000000011100000000010000000
0000010000000000100000000001000000000010000000000100000000001000000000010000000000110000000001100000000011000000000000000
0000000000000000011000000000100000000001000000000110000000001000000000010000000001100000000010000000001100000000000000000
0000000000000000011000000000110000000001100000000010000000001100000000010000000001100000000110000000001000000000100000000
0000000000000000010000000000100000000011000000000110000000001000000000010000000000100000000001000000000010000000000100000
0000000000000000011000000000100000000001000000000110000000001000000000010000000000100000000011000000000010000000000100000
0000000010000000000100000000010000000001100000000011000000001100000000010000000001100000000011000000001100000000010000000
0000000000000000010000000001100000000011000000001110000000111000000000110000000000100000000001000000000010000000000100000
0000000000000000001000000000110000000001000000000110000000001000000000110000000001000000000010000000001000000000000000000
0000000000000000010000000000100000000001000000000100000000001000000000010000000001100000000010000000000100000000000000000
0000000100000000001000000000110000000001100000000111000000001100000000110000000011100000000110000000011100000000010000000
0000000000000000100000000001100000000011000000000110000000001100000000011000000000110000000001100000000011000000000000000
0000000100000000011000000000110000000001100000000011000000001100000000011000000001100000000011000000001100000000010000000
0000000000000000110000000000000000000001000000000110000000000100000000011000000000110000000001100000000010000000000110000
0000000000000000010000000001100000000011000000000110000000001100000000011000000000100000000001000000000110000000000100000
0000000000000000001000000000110000000001100000000010000000001100000000011000000000100000000011000000000100000000001000000
0000000000000000011000000000100000000001000000000110000000001000000000010000000000100000000011000000000110000000000100000
0000000000000000001000000000010000000001100000000010000000001100000000010000000001100000000010000000001100000000000000000
0000000000000000100000000001000000000010000000000100000000001000000000010000000000100000000001000000000110000000000000000
0000000010000000001110000000011000000001100000000111000000001100000000110000000001100000000110000000001100000000010000000
0000000000000000000011000000001100000000011000000001100000000110000000111000000011000000001100000000111000000000100000000
0000000000000000100000000001000000000011000000000110000000001100000000011000000000110000000001100000000011000000000000000
0000000000000000010000000000100000000011000000000110000000001000000000010000000000100000000001000000000110000000001100000
0000000000000000010000000000100000000011000000000110000000001100000000011000000000100000000001000000000010000000000100000
0000000000000000011000000000110000000011000000000110000000001100000000110000000001100000000011000000000110000000001100000
0000000000000000011000000000100000000001000000000110000000001000000000010000000001100000000010000000000100000000011000000
0000000000000000010000000000110000000011100000000110000000001100000000110000000001100000000011000000000100000000001000000
0000000000000000001000000000010000000001100000000010000000001100000000010000000001100000000010000000001000000000010000000
0000001000000000011000000000110000000011000000000110000000001100000000110000000001100000000111000000001100000000001000000
0000000000000000110000000001100000000011000000000110000000001100000000011000000000110000000001100000000011000000000110000
0000001000000000111000000001110000000011000000001110000000011100000000111000000001110000000011100000001110000000000000000
0000000000000000011000000000110000000001100000000110000000001100000000010000000001100000000110000000001100000000010000000
0000000000000000001100000000110000000011000000000110000000001100000000110000000001100000000110000000001100000000010000000
0000001000000000011000000001110000000111000000001110000000011100000000111000000001110000000111100000001111000000001100000
0000000000000000010000000000100000000011000000000100100000001001000000110000000001100000000010000000001100000000000000000
0000000000000000110000000001100000000011000000000100000000001000000000010000000001100000000011000000000110000000000000000
0000000000000000000100000000011000000000100000000011000000001100000000010000000001100000000110000000011000000000000000000
0000000000000000100000000001000000000010000000000100000000001000000000010000000000100000000001000000000010000000000100000
0000000000000000011000000000110000000001100000000110000000001100000000011000000001100000000011000000000110000000001100000
0000001000000000010000000001100000000011000000000110000000001000000000110000000001100000000011000000000110000000000000000
0000000000000000100000000001100000000011000000000110000000001100000000011000000000100000000001000000000010000000000100000
0000000000000000001000000000110000000001100000000110000000001100000000011000000001110000000011000000000110000000001000000
0000000000000000010000000000110000000001000000000110000000001100000000010000000000100000000011000000000110000000001100000
0000000000000000001100000000010000000001100000000011000000001100000000111000000001100000000111000000001100000000000000000
0000011000000000100000000011000000001110000000010100000000001000000000011001000000111110001111110000001100000000000000000
0000000000000000100000000001000000000010000000000100000000001000000000011000000000110000000001100000000011000000000000000
0000000000000000010000000000100000000011000000000110000000001100000000011000000000100000000001000000000011000000000100000
0000001000000000011000000000110000000001000000000110000000001100000000011000000001100000000011000000001100000000000000000
0000000000000000011000000000100000000011000000000110000000001100000000010000000001100000000011000000000110000000000000000
0000000000000000001000000000110000000001000000000110000000001100000000010000000001100000000110000000001100000000010000000
0000000000000000001000000000110000000001100000000110000000001100000000110000000001100000000110000000001100000000001000000
0000000000000001100000000011000000000110000000001100000000011000000000110000000000110000000001100000000001100000000000000
0000000100000000001000000000110000000001100000000110000000001100000000010000000001100000000011000000000100000000001000000
0000001000000000111000000001110000000011100000001111000000011100000000111000000011110000000111100000011110000000011100000
0000000000000000010000000000100000000001000000000010000000001000000000010000000000100000000001000000000010000000000000000
0000000000000000011000000000110000000001000000000110000000001100000000010000000001100000000011000000000110000000001000000
0000000000000000000000000001100000000011000000000110000000001100000000011000000000110000000001100000000011000000000010000
0000000000000000011000000000110000000001100000000111000000001100000000111000000001100000000011000000000110000000001000000
0000010000000000100000000001100000000111000000001110000000011100000000110000000001110000000011100000000011000000000000000
0000000010000000001100000000010000000001100000000010000000001100000000111000000001100000000110000000001100000000000000000
0000000000000000011000000001100000000011000000000100000000011000000000110000000001100000000011000000000011000000000010000
0000001000000000010000000000110000000001000000000010000000001100000000011000000001100000000011000000001100000000000000000
0000000000000000011000000000100000000001000000000110000000001100000000011000000001100000000011000000001100000000001000000
0000000000000000010000000000100000000001000000000110000000001100000000010000000000100000000011000000000100000000001000000
0000100000000000000000000000000000000001000000000110000000001100000000010000000000100000000011000000000110000000000000000
0000000000000000000110000000011000000001110000000111100000011100000001111000000111100000001111000000011100000000000000000
0000000000000001000000000010000000000110000000001100000000001100000000011000000000010000000000110000000000110000000000000
0000000100000000001000000000110000000001100000000110000000001100000000110000000011100000000110000000011000000000000000000
0000000000000001110000000001100000000011000000000110000000001100000000011000000000110000000001100000000011000000000000000
0000000000000000100000000001000000000010000000000100000000001100000000011000000000110000000000100000000001000000000000000
0000001000000000011000000001100000000011000000000110000000001000000000110000000001100000000011000000001110000000001000000
0000000000000000100000000001000000000010000000000100000000001100000000011000000000110000000001100000000011000000000000000
0000000000000000010000000000100000000001000000000010000000000100000000010000000000100000000001000000000010000000000100000
0000000000000000001100000000010000000000100000000010000000001100000000010000000001100000000010000000001000000000010000000
0000001000000000010000000000110000000011100000000110000000001100000000111000000001100000000011000000000110000000000100000
0000000000000000110000000001100000000011000000000100000000001000000000010000000000100000000011000000000110000000000000000
0000000000000000001000000000010000000000100000000010000000000100000000011000000000100000000011000000000100000000000000000
0000000010000000001100000000111000000001100000000111000000001100000000110000000011100000000110000000011100000000010000000
0000000000000000010000000000100000000001000000000100000000001100000000010000000000100000000001000000000010000000000000000
0000000000000000100000000001100000000011000000000110000000001100000000011000000000100000000001000000000010000000000100000
0000000000000000010000000001100000000011000000000110000000001100000000011000000000110000000011000000000110000000000000000
0000000000000001100000000001000000000010000000000110000000001100000000011000000000110000000001100000000001000000000000000
0000000000000000000110000000011000000001100000000011000000001100000000110000000001000000000110000000011000000000000000000
0000000000000000010000000000110000000001100000000010000000001100000000011000000001100000000011000000000110000000001000000
0000000000000000110000000001100000000011000000000110000000001000000000010000000000100000000011000000000110000000000000000
0000000100000000011000000000110000000011000000000110000000001100000000110000000001100000000110000000001100000000000000000
0000000000000000100000000001100000000011000000000100000000001000000000010000000000100000000001100000000011000000000010000
0000000000000000011000000000100000000011000000000110000000001100000000011000000000110000000001000000000010000000000100000
0000000000000000011000000000100000000001000000000110000000001000000000010000000001100000000010000000000100000000010000000
0000000000000000100000000001000000000010000000000110000000001100000000011000000000100000000001000000000010000000000000000
0000000000000000000110000000011100000000110000000011000000001100000000110000000011000000001100000000110000000001000000000
0000000000000000100000000001000000000011000000000110000000001100000000011000000000110000000001100000000001000000000000000
0000000000000000001000000000110000000001000000000110000000001100000000010000000001100000000011000000000100000000000000000
0000000000000001100000000011000000000111000000001110000000001100000000011000000000110000000001100000000011000000000110000
0000000000000000011000000000110000000001000000000010000000001100000000010000000000100000000011000000000110000000000000000
0000000000000000000000000011100000000001000000000010000000001000000000010000000000100000000001000000000010000000000100000
0000000000000000100000000001000000000010000000000100000000001000000000010000000000100000000001100000000011000000000000000
0000000000000000010000000000100000000001000000000110000000001000000000010000000001100000000010000000000100000000001000000
0000000000000000000100000000011000000000100000000011000000000100000000010000000001100000000010000000001000000000110000000
0000000000000000010000000001100000000011000000000100000000001000000000010000000000100000000001000000000100000000001000000
0000000000000000100000000001000000000010000000000110000000001100000000011000000000110000000001100000000011000000000010000
0000000000000000001100000000011000000001100000000011000000001100000000111000000001100000000110000000001100000000010000000
0000000000000000001100000000010000000001100000000010000000001100000000010000000001100000000010000000001100000000010000000
0000000000000000100000000001000000000011000000000110000000001100000000011000000000110000000001100000000011000000000100000
0000000100000000001100000000010000000001100000000011000000001100000000011000000001100000000010000000001100000000010000000
0000000000000000110000000001100000000011000000000110000000001100000000011000000000110000000001100000000011000000000000000
0000000010000000001110000000111000000011110000000111000000011100000001110000000011100000001110000000011110000000010000000
0000000000000000001100000000010000000001100000000010000000001100000000110000000001100000000110000000011000000000100000000
0000000000000000011000000000110000000001000000000010000000001100000000010000000001100000000010000000001100000000000000000
0000000000000000000100000000010000000000100000000010000000001100000000010000000001000000000110000000011000000000000000000
0000000100000000011000000000110000000011000000000110000000001100000000111000000001100000000111000000001110000000001000000
0000000000000000100000000001000000000010000000000110000000001000000000010000000000100000000001000000000011000000000010000
0000000000000000011000000000110000000001000000000010000000001100000000010000000000100000000011000000000100000000001000000
0000000000000000000100000000010000000000100000000010000000001000000000110000000001000000000110000000001000000000010000000
0000000000000000010000000000100000000001000000000110000000001100000000010000000000100000000001100000000001000000000010000
0000000000000000001100000000110000000001100000000010000000001100000000110000000001100000000110000000011000000000100000000
0000000000000000000000000000100000000001000000000010000000001100000000010000000000100000000001000000000000000000000000000
0000000000000000100000000001000000000110000000001100000000001100000000011000000000110000000001100000000011000000000110000
0000000000000000010000000001100000000010000000000100000000001000000000010000000000100000000001000000000011000000000010000
0000001000000000110000000001100000000010000000000100000000001000000000010000000000110000000011000000000110000000000000000
0000000000000000110000000001100000000011000000000110000000001100000000011000000000110000000001100000000001000000000010000
0000000000000000001000000000110000000001000000000010000000000100000000010000000000100000000011000000000100000000001000000
0000000000000000001000000000100000000001000000000010000000001000000000010000000000100000000000000000000100000000001000000
0000000000000000100000000001000000000010000000000100000000001000000000010000000000010000000000100000000001000000000010000
0000000000000000110000000001100000000011000000000110000000001100000000010000000000100000000011000000000110000000000000000
0000000000000000000100000000010000000001100000000110000000001000000000100000000011000000000100000000011000000000010000000
0000000010000000001100000000011000000001100000000011000000001100000000011000000001100000000110000000001100000000010000000
0000000000000000001100000000110000000001100000000110000000011100000000110000000001100000000110000000001100000000011000000
0000000000000000110000000001100000000011000000000110000000001000000000011000000000110000000001000000000011000000000100000
0000000000000000110000000001100000000011000000000110000000001100000000011000000000100000000001000000000110000000000000000
0000001000000000010000000001110000000011100000000111000000001110000000111000000001110000000011100000000110000000001000000
0000001000000000011000000000110000000001000000000110000000001000000000010000000001100000000011010000000111000000000100000
0000000000000001100000000001000000000011000000000110000000001100000000011000000000100000000001000000000010000000000100000
0000000000000001100000000011000000000110000000000100000000001000000000011000000000110000000001100000000011000000000110000
0000000100000000001100000000011000000001100000000011000000001100000000110000000011000000000110000000011000000000000000000
0000000000000000001100000000111000000001100000000111000000001100000000111000000011100000000111000000001100000000000000000
0000000000000000010000000000100000000011000000000110000000001000000000010000000000100000000001000000000010000000000100000
0000000000000001000000000001000000000010000000000100000000001000000000001000000000010000000000100000000001100000000000000
0000000000000000110000000001100000000011000000000100000000001000000000010000000000100000000001000000000010000000000100000
0000000000000000110000000001000000000010000000000100000000001000000000010000000000100000000001000000000010000000000100000
0000010000000001110000000010100000000001000000000010000000001100000000011000000000110000000001110000000011100000000000000
0000000000000000001100000000010000000001100000000010000000001100000000010000000001100000000110000000001100000000000000000
0000000000000000010000000000100000000011000000000110000000001100000000110000000001100000000111000000001100000000000000000
0000000000000000001100000000011000000001100000000110000000001100000000110000000001100000000110000000011000000000100000000
0000000000000000001100000000110000000001100000000110000000001100000000110000000001000000000110000000001000000000010000000
0000000000000000011000000000100000000001000000000110000000001100000000011000000000100000000011000000000110000000001100000
0000001000000000011000000001110000000011000000000110000000011100000000111000000001110000000011100000000111000000000100000
0000000000000000100000000000100000000001000000000100000000001000000000010000000000100000000001000000000000000000001000000
0000000100000000001100000000111000000011100000000111000000011100000000110000000011100000000111000000011110000000010000000
0000000000000000001100000000110000000001100000000010000000001100000000011000000001100000000011000000000100000000001000000
0000000000000000001000000001110000000111100000011111000001101100000000011000000000110000000001100000000110000000001100000
0000000000000000001100000000010000000001100000000110000000001100000000110000000011000000000110000000011000000000100000000
0000000000000000000000000000110000000011100000001110000000011000000000110000000001100000000011000000000110000000000100000
0000000000000000001000000000100000000001000000000010000000001000000000010000000000100000000010000000000100000000001000000
0000000000000000010000000001100000000111000000000100000000001000000000010000000000110000000001100000000010000000000100000
0000000000000000100000000001000000000010000000000100000000001000000000010000000000100000000001000000000010000000000100000
0000000000000000100000000001000000000010000000000100000000001000000000011000000000110000000001100000000001000000000000000
0000000000000000110000000001100000000011000000000110000000001100000000011000000000110000000001100000000011000000000000000
0000000100000000001100000000111000000001100000000011000000001100000000111000000001100000000111000000001100000000010000000
0000000000000000000000000000011000000001100000000011000000001100000000110000000001000000000010000000001000000000010000000
0000000000000000100000000011000000000010000000000100000000001000000000010000000000100000000001000000000010000000000110000
0000000000000000010000000001100000000011000000000110000000001100000000011000000000110000000001000000000010000000000100000
0000000000000000001000000000110000000001100000000110000000001100000000110000000001100000000010000000001100000000010000000
0000001000000000110000000001100000000011000000000110000000011100000000110000000001100000000011000000000111000000000100000
0000000000000000010000000001100000000011000000000110000000001100000000011000000000110000000001000000000010000000001100000
0000000100000000001000000000010000000001100000000010000000001100000000010000000001100000000110000000001100000000010000000
