0000100000000001000000000000000000000000000000000000000000010110000000110000000001101000000001100000000000000000000000000
0000001000000000110000000011000000000100000000011000000001101111000011110011000111000110000111111000000000000000000000000
0000011000000000100000000010000000000100000000011000000000101110000001110110000010001000000011100000000010000000000000000
0000001100000000010000000001000000000010000000001000000000011000000001101000000010001000000100110000001111000000000000000
0000110000000011000000001110000000011000000001110011100011000111100110011011101111110011000111111110000001110000000000000
0000011000000000110000000011000000001100000000110000000001111110000011100011000110000011000111111110000000111000000000000
0000001100000000010000000001100000000010000000001100000000010000000001101100000011111000000111110000000110000000000000000
0000011100000001110000000010000000001100000000110000000001101111100011011011000011100010000011111100000001000000000000000
0000000001100000001100000000110000000010000000001000000000100000000010011100000100111100001001111000011111000000000000000
0000011000000000100000000010000000001100000000010011100001101101100011110011000111111000000111000000000010000000000000000
0000000111000000011110000001110000000111000000011100000000111000000011011000000110011000000110011000000111110000000000000
0000001000000000110000000011000000000110000000011000000000110000000001111110000011111100000111111000000000000000000000000
0000001100000000110000000001100000000110000000011111000000111111000011101100000111111000000111100000000100000000000000000
0011000000000110000000011100000000111001111001110111111011101111110111011111100111111110001111111000000000000000000000000
0000000010000000001100000000110000000011000000001100000000010111000001011100000111111000001111100000011000000000000000000
0000011000000000100000000011000000000110000000001100000000010011000001101010000011110100000011111000000001000000000000000
0000001000000000100000000001000000000100000000011000000001100111100011001011000110011100000111110000000000000000000000000
0000000010000000001000000000110000000011000000001100000000110000000001001110000011111100000111100000000100000000000000000
0000000110000000011100000011100000000110000000011000000001100000000011111111000100000110001100111000001111000000000000000
0000000100000000011000000001110000000011000000001101000000111111000001110110000111111000001111100000001100000000000000000
0000011100000000100000000010000000000100000000011000000000110000000000110000000001111000000011110000000011100000000000000
0000000110000000001000000000100000000001000000000100000000011110000000110100000001001000000111100000000110000000000000000
0000011000000000100000000001000000000110000000001100000000011110000000100100000001001000000010110000000011000000000000000
0000000100000000011000000001100000000110000000001110000000010110000000101100000011011000000010100000000111000000000100000
0000000110000000111100000011110000011110000000111000100001100111100011011111000111111110001111111100000111100000000000000
0000001000000000100000000001000000000010000000001000000000010110000000110100000001001000000011100000000010000000000000000
0000011000000000110000000011000000001101000000011111000000111001000001100010000010001100000111110000000111000000000000000
0000001100000000111000000011100000000110000000011100000000111110000011111110000111001100000111111000001111000000000000000
0000000011000000001110000001110000000111000000011100000001100000000111111111001111000110011101110000111110000000000000000
0000001000000000110000000011000000000110000000011011100000111111000001110010000011001100000111110000000110000000000000000
0000001000000000110000000011000000001100010000110011111001001100010100010001101000111110011111110000001110000000000000000
0000001000000000100000000001000000000100000000001000000000011111000000110010000001000100000011110000000000000000000000000
0000001110000000111000000001110000000111000000001100000000110110000001111110000011101100000111110000011000000000000000000
0000011000000000100000000001000000000110000000001000000000011000000000101100000001001000000011110000000011000000000000000
0000001000000000110000000001000000000110000000001000000000111110000001100110000010000100000100010000000111000000000000000
0000001000000000100000000011000000001100010000010011110001101000100011100011000111001100001111110000001100000000000000000
0000110000000001100000000011000000001100000000011000000000111110000001110010000011100110000011111000000011000000000000000
0000010000000000100000000001000000000111100000001111100000011011000001100110000011011100000111110000001110000000000000000
0000001000000000110000000011000000000100011000011001111000100101100011011110000111111000001111100000001110000000000000000
0000011000000000100000000001000000000010000000001000000000010000000000100000000001111000000001110000000000000000000000000
0000000000000000001000000000110000000011000000000100000000010000000000101000000001110000000111000000001110000000001000000
0000010000000001100000000010000000001100000000010000000000111000000001111110000011000110000011111100000001100000000000000
0000000110000000010000000001100000000010000000001000000000111110000001000010000010000100000100010000000111000000000000000
0000110000000011000000000110000000001000000000010001000000100111000001001010000011011100000011110000000011000000000000000
0000011000000001100000000010000000000100000000011000000000110110000001011110000011111000000011110000000010000000000000000
0000100000000011000000000100000000001000000000010000100001100011100011001010000010011100000111110000000010000000000000000
0000011000000001100000000011000000000110000000011111000000111111000001110110000011111100000111110000000110000000000000000
0000001100000000110000000011000000001100000000011000000001100011110011001111000111111110000111110000000011000000000000000
0000000000000000001110000000111000000011000000001100000000011100000001111100000010010000001111100000011110000000000000000
0000000110000000011000000001100000000110000000001000000000010000000000100000000001100000000011110000000101100000000000000
0000000110000000011000000000100000000011000000001100000000011010000000111110000011101100000111110000000100000000000000000
0000010000000001100000000010000000001100000000011000000000111110000001100110000001000100000011111000000011100000000000000
0000010000000001100000000010000000001000000000110011110001001100100010010001000111101100000111100000000000000000000000000
0000000110000000011000000001100000000110000000011000000000110000000001101110000011111100000011110000000111100000000000000
0000011000000001100000000110000000001000000000110000110001100111110011001000100110011011000111111100000111100000000000000
0000011000000000100000000011000000000100000000001000000000010110000000110110000001001100000011110000000000000000000000000
0000000010000000001000000000100000000001000000000110000000001010000000100100000010010000000101000000001100000000000000000
0000000110000000011000000001100000000011000000001100000000111111000001111110000011001100000111110000000110000000000000000
0000001000000001100000000011000000001100000000011000000001111111000001111110000011111100000011110000000000000000000000000
0000000010000000001100000000110000000011000000001100000000111110000001111100000111001000001111110000001111000000000000000
0000000000000000100000000011000000000100000000001111000000110001000001000010000010000100000100000000000101100000000100000
0000000110000000011000000011100000000100000000011000000001101111100011110011000111001100001111110000001100000000000000000
0000011000000001100000000010000000001100000000010000000000101111000001000011000010000110000111111000000010000000000000000
0000001000000000110000000011000000000100000000001000000000110000000001101100000001111000000011110000000011000000000000000
0000001000000000010000000001000000000010000000001011000000011011000001100010000010001000000110100000000110000000000000000
0000011000000000110000000011000000000100000000011000000000110110000001111110000011101100000011110000000111000000000000000
0000000110000000011000000001100000000010000000001100000000110110000001111110000011111100000111110000000100000000000000000
0000001100000001111000000011000000001100000000011110000000111110000001000100000011001000000111110000000111100000000100000
0000000100000000001000000000100000000011000000000110000000001000000000111000000001010000000011100000000110000000000000000
0000001000000000110000000001000000000100000000011110000000111111000001000010000010001100000100110000001111000000000000000
0000001000000000010000000001000000000110000000001000000000110010000001011010000010100100000111110000000110000000000000000
0000001100000000110000000011000000001100000000010011110001101111100011110011000111001100001111110000001111000000000000000
0000000011000000011000000000100000000110000000001000000000100011100001011000000011100100000111100000010000000000000000000
0001100000000010000000000100000000001000000000110001000001101111000001011011000011111100000011111000000000000000000000000
0000110000000001100000000010000000001100110000011111110000111101100001110011000011001110000111111000000011000000000000000
0000000110000000011000000001100000000110000000001100000000010110000001111110000011101000000111110000000111000000000000000
0000011100000001110000000011000000001100000000011000000001100000000011111110000111111100000111110000000100000000000000000
0000000110000000011000000001100000000000000000001000000000000000000001000000000010011000000100100000001110000000000000000
0011000000000100000000001000000000100000000001000001110011000010110010000101000110001110000111111000000011000000000000000
0000001100000000011000000001100000000110000000011000000001101111000010110010000101101100001111110000000100000000000000000
0001100000000110000000001000000000010000000001100000111011000011110110001000100110110111000111111000000011000000000000000
0000001000000000110000000001100000000010000000000100000000011110000000100100000001001000000010010000000101100000000000000
0000001100000000110000000011100000000110000000011000000001100111000011111111000111100110001111111000001111000000000000000
0000011000000000100000000001000000000110000000001000000000010011000000111010000001101100000011110000000110000000000000000
0000110000000001100000000010000000001100000000011000100000100111100001011101000011111110000011111000000010000000000000000
0000001100000000101000000001000000000100000000001000000000011100000000111100000001101000000011110000000011000000000000000
0000000100000000011000000001100000000011000000001101000000010111000001111110000011001000000011110000000100000000000000000
0000001000000000110000000001000000000110000000001000000000100110000001011110000010101100000111110000000011000000000000000
0000000110000000011000000001100000000010000000001000000000010000000001111100000010000100000110110000000110000000000000000
0000000110000000111100000011100000001110000000011000000001111110000011110110000100001100001110111000001111000000000000000
0000001100000000110000000011000000000100000000011000000000100111000001011010000011101100000111110000000110000000000000000
0000001000000000110000000011100000000110000000011100000000110011000011111110000111100100001111011000001111110000000000000
0000110000000001000000000110000000001100000000011000000000110111100001101111000011111110000011111000000011000000000000000
0000011000000000100000000010000000000100000000011011000000111111000000111100000001111000000011100000000100000000000000000
0000001000000000100000000010000000000100000000001001000000010110000001101100000001110000000011000000000011000000000000000
0000001100000000010000000001000000000110000000001000000000010000000000101000000001111000000011110000000010000000000000000
0000001100000000010000000001000000000110000000011000000001100111000010011010000111101100001111110000000000000000000000000
0000000110000000011000000001100000000110000000011000000001100111100010011011000111111100001111110000001000000000000000000
0000000110000000001000000000100000000011000000000100000000011100000000101000000001011000000010100000000110000000000000000
0000001000000000110000000011000000001100000000110001111001101111110010110000100101100010001111111000000110000000000000000
0000000110000000111000000011000000000110000000011000010000111111000001111100000001110000000011110000000011100000000000000
0000011000000001100000000110000000001000000000110000000001100111000011001011000110010110000111111000000001000000000000000
0000001000000000110000000001000000000110000000001000000000110111000001011010000010101000000111110000001110000000000000000
0001100000000110000000001000000000010000000000100001110001100111110011011000100011110011000001111100000000000000000000000
0000011000000001100000000110000000001100000000110000000001000011100010001111000100011110001111111000000111000000000000000
0000000100000000011000000001100000000110000000001000000000100010000001001110000011111000000011100000000100000000000000000
0000000100000000011000000001100000000010000000001000000000110111100001011001000111000100001110110000001110000000000000000
0000000100000000011000000001100000000010000000001000000000010000000001111100000011001000000110010000000111000000000000000
0000110000000001000000000110000000001000000000010000000001100111100011111111000011000110000111111000000010000000000000000
0000001100000000110000000011000000000110000000001000000000110010000001101110000011111000000111110000000010000000000000000
0000001000000000110000000001100000000110000000001101000000010111000001111110000011111000000111100000000110000000000000000
0000000000100000001111000000111000000111000000001100000000111100000011111100000110001100001100011000001111100000000000000
0001100000000011000000000110000000001000000000110000100001100011100011001111000110011110000111111000000011000000000000000
0000001100000000110000000011100000000110000000011100000000110000000001111100000011111100000111111000000111100000000000000
0000001000000000100000000001000000000010000000001000000000010000000000111100000001111000000011100000000000000000000000000
0000001100000000111000000011000000000110000000011110000000111110000001110110000010000100000111111000000111100000000000000
0000001100000000110000000001000000000110000000011111000000111111000001100010000010000100000111110000001111000000000000000
0000000100000000010000000001100000000110000000011000000000111111000001100010000010000100000111110000000111000000000000000
0000011000000001110000000011000000000110000000011001111001111111110011111111100111111110001111110000000000000000000000000
0000001111000000111000000011000000001100000000110011100001011111100011100011000111000010001110001100001111110000000000000
0000110000000001000000000110000000001100000000010000000000110111000001110011000001100010000011111100000001110000000000000
0000001000000000110000000001100000000110000000001001100000110111000001011100000011111000000001110000000001000000000000000
0000010000000001100000000010000000001100000000011000000000100010000001001110000011111100000011110000000011000000000000000
0000001100000000010000000001000000000010000000001000000000010111000000110010000001000100000010110000000111000000000000000
0000011000000000110000000011100000000110000000011100000000110111000001111111000011100110000111111000000111100000000000000
0000000000000001000000000110000000011000000000100001111001001100010011110000100011111110000000110000000000000000000000000
0000001000000000100000000010000000000100000000010000000000100111000001010010000011100100000111010000000011000000000000000
0000001100000000110000000011000000001100000000110000000001001111100110111111001111111100001111100000001000000000000000000
0000001100000000111000000011110000001111000000111111000001111111000011111111000111111110001111111000001111100000000000000
0000000001100000000111000000111000000111000000011100000001110000000011011100001101111000001111110000011110000000000000000
0000100000000001000000000110000000001000000000010010000000111111000001110010000011000100000011111000000011000000000000000
0000000110000000011000000001100000000110000000001000000000111110000001111110000011000100000110011000000111100000000000000
0000000111000000011100000001100000000110000000011001110001111110100011110011001111001100001111110000011110000000000000000
0000001100000000110000000011000000000100000000001000000000111110000001110010000011000010000110001000000111100000000000000
0000001000000000010000000001000000000010000000001100000000010010000000101110000001101000000011100000000000000000000000000
0000001100000000110000000001100000000110000000001111000000111111000011111110000111111100001111110000001110000000000000000
0000001100000000110000000001000000000110000000011001100000110111000001011011000010101100000111110000000010000000000000000
0000110000000001100000000110000000001100000000010000000001100011000011011111000010110110000111111000000011000000000000000
0000001100000000010000000001000000000100000000001000100000100111000001010010000010101000000111100000000100000000000000000
0000000100000000010000000001000000000010000000001000000000010000000001001100000010000100000110010000000111000000000000000
0000001110000000111000000001100000000110000000011100000000110000000001111110000011111100000111110000000111100000000000000
0000000010000000011000000001100000000110000000011000000000100111000011111010000111001100001111110000000100000000000000000
0000001100000000111000000011000000001100000000011001110000100111100011001001000110000110000111111000001111000000000000000
0000110000000001100000000111000000001110110000011111110001111111100011111011000111111110000111111000000111000000000000000
0000000110000000011000000001100000000110000000001100000000111110000001100100000010001000000100110000001111000000000000000
0000000000000000001100000000110000000011000000001100000000010000000001100000000011110000000110100000000111000000000110000
0000110000000001100000000110000000001100000000010000000000100111100001110001000011000110000011111000000000000000000000000
0000001000000000110000000001000000000110000000001001100000110111100001110011000111001100000111110000000110000000000000000
0000001000000000100000000001000000000100000000001000000000011100000001111100000011001100000011110000000000000000000000000
0000001000000001100000000110000000001000000000110011110001001100100010100001000111000110000111111000000111000000000000000
0000111000000001000000000100000000001000000000000000000001101111000001000011000011000110000011111000000000100000000000000
0000000100000000011000000000100000000010000000001100000000010011000001001110000110111000001111100000000010000000000000000
0000100000000011000000000100000000001000000000010000000000100011000001001111000011011110000011111000000000000000000000000
0000100000000000100000000011000000000100000000001011110000011100100000110010000001001100000111110000001000000000000000000
0000110000000011000000000100000000001000000000110011110001101100100001110001100011000011000011001100000011110000000000000
0000000000000001000000000110000000011000000000100000000001000111110011011001100011111110000000100000000000000000000000000
0000000100000000011000000001100000000110000000001100000000011100000001111100000011001000000111110000000111000000000000000
0000001100000000110000000011000000001100000000110000000001100111100011111001000111000010001111111100010011100000000000000
0000001000000000010000000001000000000100000000001000000000011011000001100010000010001000000111100000000000000000000000000
0000000001000000001100000000110000000010000000001100000000111110000011000110000100001100001001100000011100000000000000000
0000001000000000110000000001000000000110000000001000000000110111000001101110000011001100000011110000000010000000000000000
0000000000000000001111000000110000000011000000001100000000111100000001000100000110001000001100110000011111000000011000000
0000000011000000001100000000110000000011000000001100000000010010000001101110000011111000000111100000001110000000000000000
0000110000000001100000000010000000001100000000010111100000111001000001100001000001000010000010000100000111110000000000000
0000011000000001000000000010000000001000000000010000000000100100000001010010000010000010000011001100000000100000000000000
0000001000000000110000000001000000000110000000001100000000111100000001111100000011001000000011110000000111000000000000000
0000000100000000011000000001100000000110000000001000000000110010000001101110000011111100000011110000000111000000000000000
0000001000000000110000000011000000001110000000011000000001100011000011011111000111111100001111110000001100000000000000000
0000001100000000111000000011100000001110000000011000000001100011100010001111001100111100001111110000001111000000000000000
0000010000000001000000000010000000001100000000011000000000110110000001101010000001100000000011110000000011000000000000000
0000000110000000011000000000100000000011000000001100000000111111000001111110000011000100000111110000000110000000000000000
0000011000000001100000000110000000011000000000110001110001011111110011110000101110000111001111111100000111000000000000000
0000100000000001000000000010000000000100000000001001100000010101000000101010000001011100000011110000000010000000000000000
0000000000000000011110000001110000000111000000011100000000110000000011111000000111111000000110110000001111110000000111000
0000000111000000011100000011100000000110000000011000000001111110000011011110000100011100001001110000011110000000000000000
0000010000000000100000000010000000000100000000001000000000010001000001001101000011100100000011110000000000000000000000000
0000110000000001000000000110000000001100000000011000000000110010000001111110000001100100000001111000000001000000000000000
0000001100000000011000000001100000000011000000001100000000011000000000111000000001111000000011110000000111000000000000000
0000000111000000011000000001100000000110000000001000000000100000000011011110000111100110001110111000001110000000000000000
0000010000000001000000000000000000001000000000010000000000100011000001101011000001111100000011110000000000000000000000000
0000000000000000000100000000010000000011000000001100000000110111000001011100000011110000000110000000001000000000000000000
0000001000000000110000000001000000000110000000001000000000110011100001011001000011100110000110001000000000100000000000000
0000001000000000100000000001000000000000000000001000000000010100000000111100000001101000000011100000000000000000000000000
0000000110000000111100000001100000000110000000001100000000111100000001101100000011011000000111110000000111100000000000000
0000000010000000001000000000110000000011000000001110000000011110000000111100000011111000000111100000000110000000000000000
0000001110000000110000000001000000000100000000001110000000110110000001000110000010000100000100011000001111000000000000000
0000001000000000110000000001000000000100000000001000000000110000000001111110000111001100000111111000000000000000000000000
0000111100000011100000000110000000001100000000110000000001100000000001111111000011111110000011111110000011111000000000000
0000011000000000100000000011000000000110000000001000000000010110000001110110000011000100000011111000000010000000000000000
0000000000001000000000010000000001100000111011000001010110000110100100001111001111111110001111110000000000000000000000000
0000000100000000011000000001100000000010000000001100000000011110000001110100000011011000000111100000000000000000000000000
0000001000000000010000000001000000000010000000001100000000010011000001101110000010111000000111100000000100000000000000000
0000011100000001110000000011000000001110000000111111100001111111100011111111000111111110001111111000000111000000000000000
0000010000000001100000000010000000000100000000011011000000111111000001110010000011111100000011110000000010000000000000000
0000001100000000111000000011000000000110000000011000000000111111000001100010000011001100000111110000000111000000000000000
0000001000000000010000000001100000000010000000000100000000011100000000110100000001001000000010100000000110000000000000000
0000000010000000011100000001100000000010000000001000000000111110000001110100000011001000000110110000001111000000000000000
0001000000000010000000001100000000010000000001100011110010001110100010011001000111111110000111111000000110000000000000000
0000001100000000010000000001000000000110000000011001100000100101100011110010000111001100001111110000000100000000000000000
0001100000000011000000000110000000001100000000011000000000110111000001111111000001100110000011001100000011110000000000000
0000000110000000011000000001100000000110000000001000000000110011100001001110000110011100001111100000001100000000000000000
0000000000000010000000000100000000001000110000010011100000100101000001011110000011101000000011110000000111000000000100000
0000100000000001000000000110000000001000011000110011111001101100010011011001100110110110001101111000001111100000000000000
0000010000000001100000000010000000001000000000110000110001000111110010001001001000100100011001110000011100000000000000000
0000001000000000110000000011000000000110000000011000000000110000000001111100000011111100000111111000000111100000000000000
0000110000000011000000000110000000011000000000110000000001100001110011001111100111110011000111111100000111100000000000000
0000000111000000011000000000100000000010000000001000000000110000000001111100000011011000000111110000000010000000000000000
0001000000000010000000000100000000001000000000110000000000100000000001000001100011000110000011111000000000000000000000000
0000000011000000011100000001100000000110000000011000000000110001100011001111000110111100001111110000000100000000000000000
0000000001000000001100000000010000000011000000000100000000010000000001100000000011100000000010100000000111000000000000000
0000001100000000110000000001000000000100000000011000000000101111000011110010000111000100001111110000000100000000000000000
0000000011100000001100000000100000000011000000001100000000110110000001111110000111011000001111100000011000000000000000000
0000110000000011000000001110000000011000010000110001110001100111100011011011000111111100001111110000000110000000000000000
0000011000000001100000000011000000001100000000011000000000110011100001011010000011111100000111110000000100000000000000000
0000110000000011100000000110000000001100000000011100000000111000000001110011000011111110000011111000000011110000000000000
0000010000000001100000000010000000000100000000001000000000110011100001001111000011111100000111110000000110000000000000000
0000001110000001100000000110000000011000000000100000000001000111100010110001000101000010001110011100001111100000000000000
0000100000000011000000000110000000011000000000111111100001111101100011100001100011111110000011111100000001100000000000000
0000000110000000011000000001100000000010000000001000000000110110000001001110000010101100000111110000001100000000000000000
0000001000000000110000000011100000001110110000011011110001101101100011111111000111111100001111110000001110000000001000000
0000011000000000110000000010000000000100000000001000000000010000000000101100000001101000000011110000000011000000000000000
0001000000000110000000001000000000010000011000100001010001000100100010001010000110111100000111100000000011000000000000000
0000000110000000011000000000100000000010000000001100000000110110000001110100000011011000000111100000000100000000000000000
0000000010000000001100000000110000000011000000001000000000100001000010001111001111111100000011000000000100000000000000000
0000000110000000011000000000100000000010000000001100000000011100000001000100000010001000000100100000001110000000000000000
0000000110000000011000000000100000000011000000001100000000010000000000111000000011111000000110100000001110000000000000000
0000000110000000011000000001100000000110000000001100000000110000000001101110000011111100000011110000000110000000000000000
0000100000000011000000000100000000001000000000110001000000100111100001001001000011110010000011111000000000100000000000000
0000000000000011111000001111100000011000000001110001000011001111100110011001100111100111000111111100000111100000000000000
0000011110000001100100000110000000001000000000110000000001000111100010011001000111000010000111001000000111100000000000000
0001000000000010000000000100000000001000011100110011001001000100010010010001000101101100000111110000000110000000000000000
0000001100000000010000000001100000000010000000001111000000011110000000110100000001011000000011100000000110000000000000000
0000000001000000000100000000010000000001000000000110000000011000000001100000000010110000000111100000001110000000000000000
0001110000000111000000001100000000011000000000110000000001101111000001111111100011100011000111001110000111111000000000000
0000001000000000110000000001100000000010000000001100000000011111000000110110000011011000000111100000000000000000000000000
0000110000000001000000000110000000001100000000110000000001100011110011011001100111111110000111110000000000000000000000000
0000000000000000001110000001110000000111000000011110000000111111000011100010000010001100000110111000001111100000000000000
0000001100000000110000000001000000000110000000011000000000110000000001011100000011111000000011110000000011000000000000000
0000001000000000100000000001000000000010000000001000000000010000000000111100000001001000000011110000000001000000000000000
0000001100000000111000000011000000001100000000011000000001100011000011001111000110100100000111111000000110000000000000000
0000011000000001100000000110000000001100000000110001110001000111110110011111101100111110011111110000001000000000000000000
0001100000000011000000001100000000011000000000110001110001101111110011110001100011111110000111111000000010000000000000000
0000111000000011000000000110000000011000000000110001100001101111100011111001100011100110000111111000000011000000000000000
0000000110000000010000000001000000000010000000001100000000010000000000111100000001111100000111110000000110000000000000000
0000011100000001100000000110000000001100111000110011110001001101100110011110001100111110011111111000011111000000000000000
0000100000000011000000000100000000001000110000010011010000100100100001001001000010010100000111111000000010000000000000000
0000010000000001100000000111000000001100000000111011000001111111000011111111000111000110000111111100000111100000000000000
0000000100000000011000000001110000000111000000011111000001111111000011111110000111111100000111110000000000000000000000000
0010000000001100000000011000000000110001111001110111111001111000110011110001000011100110000111111000000111100000000000000
0000001100000001110000000110000000011000000000100000111011000111110110011100101111111111001111111000000000000000000000000
0001100000000010000000001100000000011000011000110001111001000110010010001000100110110111000111111000000111000000000000000
0000011000000000110000000011000000000110000000001111100000111111100001110011000011001100000111111000000011000000000000000
0000011000000001110000000011000000001110000000011111000000111110000001111110000001111100000011110000000011000000000000000
0000011000000001110000000010000000001100000000010000000001100100000010001110000010011110000111111000000011000000000000000
0000110000000001100000000110000000001100000000011001100000111111100011111111000111111100000111110000000110000000000000000
0000001000000000110000000011000000000100000000001010000000011110000001100110000011001100000010010000000111000000000000000
0000000100000000011000000001100000000111000000011000000001110111100011011011000110110100001111111000000111000000000000000
0000010000000001100000000110000000011000000000100011111011001100010010110000100111111111000111111000000000000000000000000
0000000100000000010000000000100000000010000000001100000000010111000000110010000011001000000110100000000000000000000000000
0000110000000001100000000110000000001000000000110000000001100001110011001111100111111110000111111000000011000000000000000
0000001100000000110000000011000000000110000000011000000000111111100001111111000010001100000111110000000110000000000000000
0000000010000000111110000011111100001110010000011000000001110000000011000000000110111100001111111000001111110000000110000
0000000100000000010000000001100000000010000000000100000000010000000000111100000001101000000010010000000001000000000000000
0000111000000001100000000110000000001100000000011000000000110111100001111111000011110010000011101100000111110000000000000
0001100000000010000000000100000000001000000000110001110001100111100011001011000111101100000111111000000011000000000000000
0000010000000001100000000011000000000110000000001111000000011111000001110110000011111000000111110000000010000000000000000
0000000110000000011000000001100000000110000000011000110001110111110111011011001100111100011111100000000000000000000000000
0000011000000001100000000111000000001100000000011000000000110010000001111111000011110010000011101100000011110000000000000
0000011000000000110000000011000000000110000000001000000000010000000000101100000001011100000011110000000011000000000000000
0000001100000000100000000010000000000000000000010000100001000111100010010000000101000100001111100000000100000000000000000
0000000011000000001110000000110000000011000000001100000000111111100001111111000111000110011111110000011100000000000000000
0001000000000010000000000100000000001001110000010010110000101100100001011010000011111100000011110000000111000000000000000
0000001000000000110000000001000000000110000000001000000000010000000001100110000010011100000111110000000100000000000000000
0000001000000000100000000011000000000100000000011000000000100010000001111110000011101100000011110000000000000000000000000
0000001100000000110000000001000000000110000000001100000000111111000001100110000011001000000111100000000110000000000000000
0000010000000000100000000011000000000110000000011111100000111111000001111110000011111000000111100000001000000000000000000
0000001110000000110000000011000000000100000000001000000000100000000001000000000011111000000110010000000111000000000000000
0000001100000000010000000001000000000110000000011000000000100011100011001111000100110100001101110000001111000000000000000
0000011100000001110000000011000000001100000000011000000001101111100011111011000111100011000111011100000111110000000000000
0000011000000000100000000011000000000100000000011000000000111111100001111111000011001100000111110000000000000000000000000
0000001000000000110000000011100000000110000000011011110001111111100011110011000101111110001111110000001111000000000000000
0000001100000000111000000001100000000110000000011100000000110111000011111111000111111110001111111000001111000000000000000
0000000110000000011000000000110000000011000000001100000000110000000001011100000110111000000111110000000111000000000000000
0000001110000000100100000010000000001100000000110000000001000111100010011001000100100010001111011000001111100000000000000
0000000011000000001100000000100000000010000000001000000000100011000011011010000101000100001111100000011000000000000000000
0000000100000000011110000001100000000110000000011000000000111110000001100110000010000100000110011000001111100000000000000
0000001000000000100000000010000000001100010000010011110001101000100010100010000111011000001111100000000000000000000000000
0000000001000000001100000000110000000011000000001100000000011100000001101100000010010000001101100000011110000000010000000
0000011000000001100000000011000000001100000000011000000000110110000001111110000011111100000011110000000011000000000000000
0000011000000000110000000011000000000110000000011011000000111111000001101110000011011100000111110000000111000000000000000
0001000000000111000000001110000000011000000000110001111011101111110111011101100111111110000111111100000111100000000000000
0000110000000011100000000110000000011100000000110001100001101111100011111111000111111110000111111000000011000000000000000
0000001100000000110000000001000000000110000000001000000000111100000001111000000011010000000011100000000011000000000000000
0000001100000001111000000111000000011100000000111011110011101111110110010011100111111110001111111100000111000000000000000
0000010000000001100000000010000000001100110000011011110000101100110001010001000111100100000111111000001111000000000000000
0000000110000000011000000001100000000110000000011000000000100011000011011111000101100110001100011100001111100000000000000
0000000010000000001100000000110000000011000000000100000000011000000001101100000011111000000111100000001110000000000000000
0000001000000000110000000001000000000110000000001000000000111111000001100110000010001100000111110000001110000000000000000
0000001100000000011000000001100000000111000000001101000000111110000001111100000011111000000111100000001100000000000000000
0000110000000001000000000010000000000100000000001000000000111110000000110010000001100100000001111000000001100000000000000
0000000001000000001110000000111000000011000000011100000000110011100011001111000100110100001111110000001110000000001000000
0000110000000011000000000100000000011000010000100011110001001100100011010001000111100100000111111000000001000000000000000
0000010000000001100000000010000000001100000000010000000000100011100001001101000011100110000111110000000100000000000000000
0000001000000000110000000011000000001100000000110000000001101111000010111111000111101110001111111000001110000000000000000
0000000000000000011100000001111000000110000000011000000000110000000001110000000011110000000110010000000101100000000110000
0000011000000001100000000010000000000100000000011000000000101111000001111111000011000110000111111000000011100000000000000
0000001100000000110000000011000000000110000000001000000000110110000001111110000011111000000011110000000111000000000000000
0000001000000000110000000011000000001100000000011001100000100111000011011010000010111100000111110000000010000000000000000
0000000000000000111000000111100000011000000001100000010010000011110110001101100110110010000111111000000111000000000000000
0001100000000011000000001100000000011000000000110000000001100011100011011111100011110111000011111100000000100000000000000
0000001110000000111000000011100000001111000000111111110001111001100111000011001110000110001111111000001111100000000000000
0000000110000000011000000001100000000010000000001100000000110000000011001111000110111100000111110000000111000000000000000
0000110000000001000000000110000000011000000000100000011011000001110100000110101000011011011000111100011111100000000000000
0000000110000000010000000001100000000110000000001000000000110000000001101110000001111100000011110000000111000000000000000
0000000010000000001100000000110000000011000000001100000000010011000001101100000011110000000111100000000100000000001000000
0000001110000000111100000011100000001100000000110000000001111111000011110001000111000110000111111000001111100000000000000
0000010000000001100000000010000000001100000000011111000000111111000001000011000011000010000011011100000111110000000000000
0000011000000000100000000010000000001000000000010000110001000010100000001000000100000000001101000000001110000000000000000
0000001100000000110000000011100000001110000000011111110000111001100011000011000110001100001111110000011110000000000000000
0000011000000001100000000010000000001000000000010001100001100111100010011011000111101100000111110000000110000000000000000
0000001000000000110000000001000000000110000000011000000000110001000001001111000011111110000011110000000110000000000000000
0000011000000001110000000110000000001000001100110001111001100111110110011110001100111000001111111100000001000000000000000
0000000100000000011000000000100000000011000000000100000000011000000000111100000001001000000010110000000111000000000000000
0001000000000110000000001100000000010001111001100111111011001000110110110001100111110111000111111000000001100000000000000
0001100000000011000000000110000000001000000000110001110001101111100011110001000011000110000111111000000111000000000000000
0000000111000000011100000001110000000011000000001110000000011000000001111100000011111000000111110000000111000000000000000
0000000011000000001110000000100000000010000000001100000000111000000001111100000110011000001111110000001111000000000000000
0000000000000000011000000001100000000110000000001000000000110111000001110010000011111100000111000000001000000000000000000
0000000110000000011000000001100000000011000000001100000000011000000000110000000001110000000011110000000111000000000000000
0000001000000000110000000001000000000010000000001110000000011110000000100100000001001000000010100000000111000000000000000
0000011110000011100000001100000000010000000000100000000001000000000010111010000111110111000111000110000011111000000000000
0000001100000000100000000001000000000110000000001000000000110000000001111100000011001000000010110000000111000000000000000
0000000100000000111100000011110000001111000000111000000001101111100011111111001111111110001111111000001111000000000000000
0000010000000001000000000110000000001000000000010000000001000111000010001011000110111100000111110000000010000000000000000
0001100000000011000000000110000000001100000000011000000000111111100001110111000011001100000111111000000111100000000000000
0000000110000000011000000000100000000011000000001100000000011000000001100000000011000000000111100000000111000000000000000
0000011000000011100000001100000000010000000000100000000011000111100011000111100011111110000111111100000000000000000000000
0000000000000000010000000001000000000010000000001101000000011111000000111100000011110000000100000000001100000000000000000
0000001000000000110000000001000000000110000000001100000000011100000000111100000001001000000011010000000011100000000000000
0000000100000000010000000001100000000011000000000110000000011110000000111110000011001100000111100000000100000000000000000
0000011000000001110000000011000000001100000000011011100001101111100011110001000111000010000111011100001111000000000000000
0010000001101100001111000000111000000011100000001110000000110001000011111111001111111110011111111000011111000000000000000
0000001100000000110000000011000000000100000000010001100001100111100011010010000110100100000111110000000111000000000000000
0000001100000000010000000001100000000110000000001000000000010011000001111111000011111100000111100000000100000000000000000
0000001100000000010000000001000000000100000000011000000000100011000001011110000011111100000011110000000100000000000000000
0000000010000000001000000000110000000011000000001100000000110111000001111010000011001000000111100000000100000000000000000
0000001000000000110000000001000000000110000000011001100001100111000010010010001101001100011111110000000000000000000000000
0000010000000001100000000110000000001100000000010111110001111000100011100111000011111000000111100000000010000000000000000
0000000110000000011100000001110000000111000000001100000000110011000011011110000100111100011011110000011110000000000000000
0000011000000001100000000011000000001100000000011011110001100111100011011011000110111100001111110000000111000000000000000
0000000010000000001000000000110000000011000000001100100000010111100001111010000111111000001111100000001100000000000000000
0000001100000000110000000001100000000110000000001111000000111011000001100010000011001100000110010000000111100000000000000
0000000110000000011000000001100000000110000000001000000000110000000001111110000011001100000110110000000111000000000000000
0000011000000000110000000001000000000110000000001100000000111110000001111110000011101100000011110000000011000000000000000
0000000010000000001100000000010000000001000000000110000000011010000000100000000010010000000111100000001100000000000000000
0000011100000001100000000010000000001100000000010000000001100011100001000111000010000010000111111100000011100000000000000
0000001100000000110000000001000000000100000000001010000000111110000001100100000011011000000111110000000111000000000000000
0000000110000000011000000001100000000110000000011001110001101111110110011001001000111100011111100000011100000000000000000
0000000100000000010000000000100000000011000000000100000000011000000001111000000001010000000011100000000110000000000000000
0000000100000000010000000001100000000110000000001000000000100011000001011010000011000100000110110000000110000000000000000
0000000110000000011000000001100000000110000000011011100000111111000011110110000111111000001111000000001000000000000000000
0000001000000000110000000001000000000110000000001111100000111001000001100010000011001000000110110000000111000000000000000
0000000000000000001111000001111100001111000000011100000001111100000011100100000110001000001100110000001111100000000000000
0000011000000001100000000011000000000111100000011111100000110001100011100011000110001100001111111000001111100000000000000
0000001000000000010000000001000000000010000000001000000000010000000000111100000001101000000011010000000011000000000000000
0000001100000000111000000011100000000110000000011000000000110111000001111110000011111100000111110000011000000000000000000
0000001000000000100000000010000000001100000000010000000001100000000010000011000111100010000111111100000001100000000000000
0000010000000001100000000010000000000100100000001010100000010001000000110010000001100100000001110000000001100000000000000
0000010000000000100000000001000000000110000000001000000000010011000001101110000010111000000111100000000110000000000000000
0000110000000001100000000011000000001110000000011000000000110001100011111111000111111110001111111100001111110000000000000
0000011000000001110000000110000000001000000000110000000001100001000011001111000010110010000111111000000111100000000000000
0000001100000000100000000010000000001000000000100000000010000000000100001111101000100001011011000000000111000000000000000
0001100000000011000000000110000000001100000000010001100000100101000001011110000011111000000011100000000001000000000000000
0000110000000001000000000100000000010000000000100001110011000111110110010001101110100110001111111000000000000000000000000
0000000010000000001000000000110000000001000000000100000000011111000001100010000010001000000101100000000100000000000000000
0000011000000000100000000010000000001100000000011011100000101111000011110010000111101100000111110000000110000000000000000
0000001100000001111000000111000000011100000000110000000001000011000010011110000111111100001111111000001111100000000000000
0000001100000000111000000001100000000110000000011111100000111111100011111111000111001100001111110000011111000000000000000
0000100000000001000000000100000000001000000000010011100000100111000001110100000001111000000011100000000001000000000000000
0000001000000000010000000001100000000110000000001000000000110011000001001110000110101000001111110000000110000000000000000
0000001000000000110000000011000000000110000000001000110000110111100011011111000110111100001111110000000110000000000000000
0000001000000000110000000011000000001100000000010000000001101111000011111011000111101110000111111000000000000000000000000
0000001100000000111000000011100000000110000000011001000000101111100011110011000111000110001111111000001111000000000000000
0000001000000000110000000011000000000100000000011000000000111110000001100110000010000100000011110000000000000000000000000
0000100000000011000000000110000000011000110000110011110001101101100011010011000011100100000111111000000010000000000000000
0000011000000001000000000010000000001000000000010001000000101001000001100001000010000010000010001000000111100000000000000
0000011000000000100000000010000000001100000000010000000000100001000001000110000010010100000111110000000001000000000000000
0001000000000110000000001000000000010000010000100011111011001100010110010000100110000011000111111100000010000000000000000
0000000111000000111000000011000000001100000000110000000011000001100110001111001100110110001111111000011111000000000000000
0000110000000001100000000011000000000110000000001100000000011111000001111110000011111000000111110000000100000000000000000
0000011000000001100000000110000000001100000000110000100001100011100010001111000100111100000111110000000110000000000000000
0000000100000000011000000001000000000110000000011000000001100000000010011110000111101100000111110000000000000000000000000
0000001100000000111000000001110000000111000000011100000001110010000011111110000111111110001111111000001111000000000000000
0000000000000111110000001100000000110000000001100000000001101111110011111001100111000111000011111000000000000000000000000
0000001110000000110000000011000000000110000000011000000000110100000001101100000011111000000011110000000011000000000000000
0000111000000011000000001100000000010000000000100000000001101111100001110001100011000011000011000100000011111000000000000
0000111000000011110000001100100000010001000001100001111011000111110110011000101110110111001111111100000011100000000000000
0000100000000011000000000110000000001100000000010000000000100011100001111101000011111110000111110000000000000000000000000
0000010000000001100000000110000000001100000000010111000000100011000001000010000011000100000011111000000011100000000000000
0000011100000001110000000111000000011100000000110000000001100111110110001111101100011110001111111000000000000000000000000
0000110000000011100000000110000000011000000000110000100001100111110011011111100111111111000111110000000011100000000000000
0000001000000000100000000001000000000100000000001000000000011110000000110010000001000100000001001000000000100000000000000
0000001100000000010000000001100000000010000000001100000000010110000000111100000011101000000111100000000110000000000000000
0000000100000000011000000001100000000110000000011000000000100011000001001110000010101100000111110000000111000000000000000
0000001000000000111000000010001000000100000000011000000000111110000001100110000011001100000011011000000011100000000000000
0000000011000000001100000000110000000011000000001100000000111110000001100100000110001000001111100000001110000000000000000
0000001000000000010000000001000000000110000000001000000000100011000001011110000111100100001111110000000100000000000000000
0000001100000000110000000011000000001100000000010000000001100011100010011001000111100110000111111000000010000000000000000
0000110000000001100000000110000000001000000000110000010001000011110010011101100100110110001111111000000100000000000000000
0000000000000000011100000011101000000110000000001000000000110000000001100000000001111000000011110000000011000000000100000
0000000001000000001111000000111100000011100000011111000000111111000011100100000110011000001111110000011111000000011000000
0000001100000000110000000001000000000110000000011110000000110100000001100100000001001000000010010000000011100000000000000
0000000100000000001000000000100000000011000000000100000000011000000000101000000011010000000100100000001110000000000000000
0000010000000000100000000010000000000100000000001000000000010000000000100100000001010100000001110000000001000000000000000
0000111000000011100000000110000000011000000000110000000001000111110010011111100111111110001111111000000110000000000000000
0000000111000000111000000011000000001100000000010000000000100000000011011100000111000100000110001000000111110000000000000
0000000100000000010000000001000000000110000000001000000000100000000001011010000011000100000110010000000011000000000000000
0000001100000000110000000011100000001110000000011000111001101111110110111011001101111100011111110000011100000000000000000
0000011000000001100000000011000000001100000000011001110001100111110011011111000111111110000111110000000110000000000000000
0000011000000001100000000011000000001100000000011000000000100111100011011111000111111100000111110000000110000000000000000
0000001100000000110000000001100000000110000000001000000000110110000001111110000011101100000011010000000111100000000000000
0000011000000001110000000011000000001100000000011001110000110111100001111011000011100100000011110000000110000000000000000
0000100000000001000000000110000000001100100000010011100000100101100001100111000011001100000011110000000011000000000000000
0000000000000001100000000110000000010000000000100001111010000110010110011001100111111100000011000000000010000000000000000
0000011000000000100000000011000000000100000000001000000000010110000000111110000001100100000001110000000001000000000000000
0000110000000001000000000110000000001000110000010111110001111001100011100111000111111110000111110000000010000000000000000
0000110000000001000000000100000000011000000000110011100000100001100001000001000011000010000010001000000111100000000000000
0000010000000000100000000010000000001100000000010000000001100111100011111001100111000011000111111100000001000000000000000
0000001100000000010000000001100000000110000000001100111000110111100001011011000111101100000111100000001000000000000000000
0000001100000000110000000001000000000110000000011011000000111111000001110010000011001100000111110000000110000000000000000
0000001100000000100000000001000000000110000000001000000000010100000000111100000011001000000010010000000111000000000000000
0000011000000001100000000110000000011000000000100001110001000111110010011001001100100110001111110000001110000000000000000
0000011000000001100000000010000000000100000000011011100000111111100001100010000011000100000011110000000010000000000000000
0000011000000000100000000011000000000100000000001000000000110000000001000111000011110100000011110000000011000000000000000
0000001000000000100000000001000000000100000000001000000000110100000001110100000011001100000110110000000011000000000000000
0000110000000001000000000010000000000100000000011000100000100111100001001010000010011100000111110000000110000000000000000
0000000000000001000000000010000000000100000000001000000000010011000000100110000001111100000001110000000000000000000000000
0000001000000000010000000001000000000010000000000100000000010000000000100000000001000000000001000000000001100000000000000
0000111000000011000000000110000000011000000000110111100001011111100010110011000111000110000111111100000001000000000000000
0000010000000001000000000010000000001000000000010000110001100111100011111111000011111100000111110000000000000000000000000
0000110000000001100000000110000000001100000000110000000001100111100011111001000111000110000111111000000000000000000000000
0000110000000011100000000110000000011100000000110000100001100111100011001111000111111110000111111000000011000000000000000
0000000110000000011000000001100000000110000000001100000000111110000001101110000010001100000110110000001111000000000000000
0001100000000011000000000100000000001000110000110011110001101101100011110011000111101100000111111000000111000000000000000
0110000000001100000000011001111000110111111001101111110001111001100011110001100111111111000111111100000011110000000000000
0000000110000000011000000001100000000110000000001000000000110111000001010010000010000100000100010000000111000000000000000
0000000100000000011000000001100000000110000000011000000000110111100011011111000110101110001111110000001110000000000000000
0000001100000000010000000001000000000110000000011001110001101110110111110001101111011110011111100000011000000000000000000
0001000000000010000000000100000000001000000000010011110000101100100001110001000011000100000011110000000001000000000000000
0000011000000000100000000011000000000100000000011000000000100111000001011110000010101100000111110000000111000000000000000
0000000100000000011000000001100000000110000000011100000000110011100011001111000110110110001111111000000111000000000000000
0000100000000011000000000100000000011000000000100011110011000110100110001111000111111101000111111100000000000000000000000
0000011000000000110000000011000000001100000000010000000000101111000001000001000010000010000100000100000111100000000000000
0000001100000000111000000001000000000110000000001000000000010000000000111100000001101000000011010000000011000000000000000
0000011000000001100000000010000000001100000000011000000000111100000001000100000010000100000011111000000011000000000000000
0000011000000001110000000011000000001100000000011000000000110111000001111111000011000110000110001100000111110000000000000
0000100000000011000000000100000000011000000000100000111001000111110010011000100111101111000111111000000000000000000000000
0000001000000000100000000001000000000100000000001000000000010000000001001100000011101000000010110000000000000000000000000
0001100000000110000000001000000000010000000000100011100001000100100010011001000110100010000111101100000111100000000000000
0000000110000000111100000011000000000110000000001100000000111110000001100100000110001000001100110000001111100000001100000
0000011000000001111000000110100000011100000000110011100001111111110111100001101111000011001111111100001111100000000000000
0000000000000000111000000011000000000110000000011000000000100000000001100000000011110000000010010000000011110000000000000
0000001000000000100000000011000000000100000000001000000000010000000000111010000001100100000010001000000011110000000000000
0000011000000001000000000010000000000000000000010000000000100010000001010010000010000100000010010000000111000000000000000
0000110000000011000000000100000000001000000000110000000001101111000001110011000011100110000011111000000001000000000000000
0000000100000000011000000001100000000011000000001110000000011110000000111100000011111000000111100000000110000000000000000
0000111000000011100000000110000000011000000000110000110011001111110110111000101111100001001100000110011000011000000000000
0000001110000000110000000011000000000100000000011000000000101111000011110010000111000100001110011000000111100000000000000
0001000000000011000000000100000000011000000000100001111001000111100010011001000111111110001111111000000110000000000000000
0000000110000000011000000000100000000011000000000100000000011111000001110110000011001100000111100000000100000000000000000
0000001100000000011000000001100000000110000000001100000000110000000001101110000011110100000111111000000100000000000000000
0000010000000001100000000011000000001100000000011100000000111110000001111110000011111100000011100000000100000000000000000
0000001100000000011000000001100000000110000000001101100000111111000001111110000011111000000111100000001010000000000000000
0000100000000010000000000100000000010000010000100001110001000100100011011001000011110100000011110000000000000000000000000
0000001100000000111000000001100000000110000000001100000000110111000001111110000011111100000111110000001111000000000000000
0000000100000000011000000001100000000010000000001100000000111110000001100110000011001100000010111000000111000000000000000
0000001100000000011000000001100000000010000000001100000000010110000001111110000011111000000111100000000100000000000000000
0000011000000000100000000011000000001100000000010000000000100111000001011110000011101100000011110000000110000000000000000
0000000100000000011000000000100000000011000000001100000000010110000001011100000110111000001111100000001100000000000000000
0000001000000000110000000011000000000110000000011001100000101111000011110110000111111100000111100000000000000000000000000
0000001000000000110000000001100000000110000000001100000000011100000001111100000011011000000111110000000111000000000000000
0000110000000001100000000011000000001100000000111001111001101111110111011111101111111110001111111000000110000000000000000
0000001000000000110000000001000000000010000000001100000000010010000000111110000001101100000010110000000110000000000000000
0000010000000001000000000010000000001000000000010001100000100111000001110001000001100100000011011000000001000000000000000
0000001000000000110000000011000000000110000000011000000000110000000001001110000010011100000111110000000000000000000000000
0000001100000000011000000001100000000110000000001100000000111111000001111110000010001100000111110000000110000000000000000
0000001000000000110000000001000000000110000000001000000000110010000001001100000010111000000111110000000111000000000000000
0000001000000000100000000011000000000100000000001000000000100011000001101011000001100100000011111000000000000000000000000
0000000110000000011000000000100000000011000000001100000000111100000001111110000011001100000110110000001111000000000000000
0000000110000000011100000001110000000110000000011100000001111111000011111110000111101100001111111000001111100000000000000
0000000100000000010000000001000000000110000000001100000000011000000000101000000001011000000011100000000011000000000000000
0000010000000000100000000010000000000100000000001001000000100111000001010000000001100100000011010000000011000000000000000
0000000110000000011000000001100000000110000000011000010001110011100011001111000100111100001111110000001000000000000000000
0000000100000000010000000001000000000100000000010000000000100000000010001000000100111100001111110000000100000000000000000
0000001100000000010000000001100000000110000000001101100000110111000001111011000111111100000111111000000110000000000000000
0000000100000000011000000001100000000010000000001000000000010000000001011100000011101000000100110000000111000000000000000
0001000000000110000000001000000000010000011101100011101011001100000010110000000111000001000111111110000011100000000000000
0000011000000001100000000010000000001100000000010000000001100111100011111001100011000010000111111000000111000000000000000
0000000100000000011000000000100000000011000000000101000000011111000000110010000011001000000110100000000110000000000000000
0000111000000011100000000110000000011000000000010000100001100111100011011101000011110010000111111000000001110000000000000
