0000000000000000001100000100010000001000100000010001000001110110000001111111000000010000000000100000000000000000000000000
0000000000000000001100000000110000000111100000001111000000110100000011111111100011111100000011000000000100000000011000000
0000000000000000000100000000011000000000100000110010000001000100000011111111000001110000000011000000000100000000000000000
0000000000000000100000000011000000000100000000001000000000111010000000111100000000010000000001100000000010000000000100000
0000000000000000000001000000100100000110011000010000100001000010000011001100000011110000000001000000000100000000011000000
0000000000000000010000000000100000001101000000011110000000100100000001001000000010011100000111110000000000100000000000000
0000000000000000000100000100011000011000110000100001000011000111000011111110000001110000000001100000000011000000000000000
0000000000000010000010000100001100001000011000110000110001000011000011111110001111111000000000110000000001100000000010000
0000000000000000000100000000011000000100110000011011000011100110000111111111100010110000000001100000000110000000001100000
0000000000000000100000000010000000000100000000011000100000100001000001111100000000011000000000000000000001000000000000000
0000000000000000000010000000000100000010010000001001100000100110000010001000000111110000000111000000000100000000000000000
0000000000000000000110001000001000110000010001000001100011000010000011000100000011111000000000110000000001000000000000000
0000000100000000001000000000110000000011100000001110000001100100000111111110100000111110000001100000000011000000000000000
0000000000000000011000000010100000000101000000011010000000100111100011111110001110010000000001100000000011000000000000000
0000000000000000100000000001100000000011000000010110000000111111000000111000000000100000000001000000000010000000000100000
0000000000000000000011001000000110010000011001100000110010000011101111111110001000001000000000110000000001100000000010000
0000000000000000010000000001100000000010000000001100000000011111000001111100000000011000000000100000000011000000000100000
0000000000000000001000000100010000001000100000010001000001100110000011111100000000001000000000010000000000100000000001000
0000000000000000001000000000010000001000100000010001000000100100000000111100000000010000000000100000000001000000000110000
0000000000000010000000000100000000011000010000110000100001000011000011111110000011001000000000010000000000100000000001000
0000000000000000000000000011000100001110011000111001100001111111000001111100000000111000000001100000000011000000001100000
0000000100000000001000000000010000001000000000010010000000100100000011111110000011111000000000100000000001000000000000000
0000000000000000001100000001011000000100100000011011000000100111000011111100000011110000000001000000000110000000001000000
0000000000000001000000000100001000011000110000110001100001100110000001111100000000001000000000110000000001000000000011000
0000000000000000000000000000001000000100100000010011100001110100000000001000000000100000000001000000000100000000001000000
0000000000000001000000000110000100011000010000100000100011000001000011100010000001111100000000010000000001100000000011000
0000000000000010000000000100100000001001100000010011000000100110000001111100000000001000000000010000000000100000000001000
0000000000000000001000000000110000000111100000011001000001111110000011111100000000010000000001100000000010000000001100000
0000000000000000001000001000010000010000100000110001000000100110000000111100000000001000000000110000000001100000000001000
0000000000000100001000001000010000010000100000101001000000010010000001100100000001111000000000010000000001100000000011000
0000000000000000000000000011000110000110011000011001100001101110000011111110000001100000000110000000001100000000000000000
0000000000000000001000000100010000001000100000010001000000100100000001001100000011111100000000100000000001000000000100000
0000000000000000001000001000011000011000110000110001100001100111000011111110000111000100000000001000000000011000000000010
0000000000000000110000000001100000000110110000011001000001100010000011001100000011111000000000100000000001000000000010000
0000000000000000000000000100000110011000011001100001100011111110000011111100000000110000000001100000000110000000001100000
0000000000000000001000000001110000000111100001110011000011100110000001101100000001111000000000010000000000100000000001000
0000000000000000000000000100010000001000100000010001000000111110000001111100000000011000000000110000000001000000000010000
0000000000000000011100000001101000000110110000011001100001100010000011101100000011111000000011000000001100000000110000000
0000000000000100000000001000100000110001000000111110000000000100000000001000000000010000000000110000000001100000000001000
0000000000000001000000000010000000001101000000010001000000100010000001001100000011111100000000010000000000100000000000000
0000000000000000010000000001101000000110110000011011000000111100000000111110000001000000000110000000001000000000010000000
0000000000000000001000000000100000001001000000010010000000100110000000111000000000010000000000100000000001000000000010000
0000000000000011001000000110010000001100100000011011000000110110000001111100000011111000000000010000000000100000000001000
0000000000000000001100010000011001110000110011100011100111111111000111111110000000011100000000111100000001111000000001110
0000000010000000000100001100001000011000110001100001100011000110000111111111000000110000000001000000000110000000000000000
0000000000000001000000000110001100001100011000010001100001100011100011111111000111110000000001000000000010000000000110000
0000000000000001000000000111000000011100001100100001110011000111000011111100000010110000000001100000000110000000000000000
0000000000000000001100000000010000010000100001100001001011000111100111111100000111110000000000100000000001000000000010000
0000000000000110000000001100000100011000011001100011110011011111101111110011001110000110000000001100000000011000000000010
0000000000000100001100011000011000110000110001000001100011000011000011100110000011111100000001111000000000110000000001100
0000000000000000000000000110110000001001100000010011000000111110000001101110000001011000000000010000000000110000000001100
0000000000000001000000000111000000001110010000111001110001110011000011001110000111111000000111110000000011000000000010000
0000000000000001000001000100000110011000011001100000110011111111000011111100000000111000000011100000000110000000000000000
0000000000000000000010000000001000001000110000110001000001000110000001111000000000110000000001000000000010000000001000000
0000000000000010000000000100000100011000011001100000100111000001000111111110000000001100000000010000000000100000000001000
0000000000000000000000011000001100100000010001000000100010000001000011111110000001111100000000001000000000010000000000100
0000000000000000000011000000001100001100110000010011000000111110000000111110000011000000001100000000010000000001100000000
0000000000000000000100000000001000010000110000100001100001111111000111111110001100001000000000110000000000110000000000000
0000000000000100000000001000110000011001100000110011000001100110000001111110000000011000000000110000000001000000000010000
0000000000000000001000000000010000001100100000010001000001111110000001111100000000010000000001100000000011000000000110000
0000000000000001000000000100010000001000110000010001000001000010000010011111000111110000000000100000000001000000000011000
0000000000000000000000000011010000000100100000011011000000111111100001111100000001100000000011000000001100000000011000000
0000000000000000011000000000110000000111100000011011000001100111000011111111001111110000000001000000000110000000001000000
0000000000000000100000000010001000000100100000011001000000110110000001111000000001110000000001100000000011000000000000000
0000000000000000000100000000011000001101110000110011000011111110000111111111000000110000000001100000000110000000001100000
0000000000000000000110000100001100001000010000110001100011111111100111111110000000110000000001000000000110000000000000000
0000000000000000000000000001111100000110110000011001000001100110000001111000000001111000000001000000000110000000001000000
0000000000000010000100001100011000011000110000100001100011111111000111111110001000001100000000010000000000110000000001100
0000000000000001100000000011000000000100100000001001000000111110000000011100000000011000000000100000000001000000000010000
0000000000001000001000110000110000100001100001000011000011100111000011111110000000001000000000011000000000010000000000110
0000000000000000100000000011011000000110010000011000100001100001000111111111101111100100000000001000000000000000000000000
0000000000000001000100000010001000001100100000010001000000100010000001001100000011110000000000100000000001000000000010000
0000000000000000100000000001000000000010000000000100000000010000000000101100000001110000000000100000000001000000000000000
0000001000000000110000000001000000000100110000011001000000100010000011001100000111011100000011100000000001000000000010000
0000000000000000000000000100001000001000010000010001000000100010000001111100000000110000000001100000000010000000000100000
0000000000000100001000001000010000010000100000100001000001100111100011111110000000011000000000010000000000100000000001000
0000000000000000010100000000111000000010100000001101000000110010000011111100000110010000000000100000000001000000000011000
0000000000000000000011001000000100010000011001100000100011000011000100000110001111111100000000010000000000100000000001100
0000000100000000001000000000010000001001100000010011000001100100000111111111000000110000000001000000000110000000001000000
0000000000000000110000000011000000000100000000011010000000111100000001111110000000010000000000100000000001100000000001000
0000000000000000000100000000001000001000100000010001000001110010000011111100000000010000000000100000000001000000000010000
0000000000000000000000000001100000000111000000001010000000111111000001111110000000010000000001100000000011000000000100000
0000000000000001001000000010010000001100100000011001100000100011000011011111001111111110011000011000000000110000000000000
0000000000000000000000000011001000000110110000010001000001111111100111011000100000100000000010000000000100000000011000000
0000000000000001000000000010010000001100100000011011001001101111100011111110000001110000000011000000001100000000010000000
0000000000000000001000000100110000001001000000010010000000111110000001011100000000110000000001000000000010000000000100000
0000000000000000001000000001110000000111100001110011000011100110000001101100000001111000000000010000000000100000000001000
0000000000000000100000000000000000000100000000000010000000100100000001111100000000010000000000100000000001000000000010000
0000000010000001000100000010011000001000100000010011000001100111100011111110000000110000000001110000000011000000000100000
0000000000000000011000000001110000000111100000011011000001110110000011101100000000011000000000110000000000100000000001000
0000000010000000000100000000010000000000100000010011000001100100000011111000000001100000000010000000001100000000010000000
0000000000000100000000001100000000011000011100110001110001101111100111111111011111100110010000001100000000010000000000100
0000000000100000000010000000001100000100010000011001100001100010000111111110001111110000000001100000000010000000000000000
0000000000000000000001000000000100000110011000011001100001100111000111111100001101110000000011000000001100000000000000000
0000000000000000000000000011000000000100010000110001100001100010000001111100000000011000000000100000000011000000000100000
0000000000000000001000000000010000000001000000100011000001100010000001111100000000001000000000010000000000100000000000000
0000000000000000001100010000011000100000110001100011100001111110000000000100000000001000000000010000000000110000000001100
0000000100000000001000000000010000001000000000010010000000100100000011111110000011111000000000100000000001000000000000000
0000000000000000000000000001100110000110011100011100110011110011000111111110000000111000000001100000000111000000001100000
0000010000000000110000000000100000001001000000010010000001100110000011111110000000111100000000011000000000110000000000000
0000000000000000000100000010011000001101100000111011010011111111100011111111000001100000000111000000001100000000000000000
0000000000000000000100000100001000011000110000100001100011110011000100111110000000001100000000010000000000110000000001000
0000000000000010000000000100000000001000000000001110100000001111000000001100000000010000000001000000000110000000001000000
0000000000000000010001000001100110000110001100011000110000111111000111111110001110011000000000100000000011000000000100000
0000000000000000001000000100010000001000100000010001000001110010000010111100000000001000000000010000000001100000000011000
0000000000000010000000000100010000001000100000100010000001000100000011001101000011111010000001000100000010000000000100000
0000000110000000001100000000010000000001100000011011000001100110000111011111001111111110000011000000000010000000000000000
0000000010000001000100000110001000011000110000110001100011000011000011111110000111111000000000110000000001100000000000000
0000000000000000101000000011010000000110100000011001000000111110000011111110000110011000000000110000000001100000000001000
0000000000000010000010001000000100010000011000100001100001001111000011100100000000001000000000110000000001000000000100000
0000000000000000000001000011000100001100111000011001100000111111100000011100000000110000000011000000001110000000011000000
0000000000000000001000010000010000100000100001000001000011111010000110011100000000001100000000001000000000010000000000100
0000000000000001100011000011001100001100111000111001100011100111000111111111000111111100000111100000001110000000001000000
0000000000000000000000000000110000000011100000011001000001100010000111000111001111101100000000011000000000000000000000000
0000000000000000000100000010001000000100010000010001000000100010000001000100000011110000000000100000000001000000000010000
0000000000000000000000000110110000001101100000011011000000111110000000111000000000110000000001100000000011000000000110000
0000000000000000100000000001000100000110011000011001100001111110000011101100000000110000000011000000000110000000011000000
0000000000000001001000000100010000001000100000010001000000100010000001111100000000010000000000100000000001000000000011000
0000000000000000001000000001010000000010100000001001000000110010000011111100000100111000000000010000000000100000000000000
0000000000000000000000000100000000001000010000010000100000000011000010010000000011001000000000010000000000100000000000000
0000000000000001001000000100100000001001000000010010000001100100000001000110000011111000000000010000000000100000000000000
0000000000000000000100000000001000000100010000011001000000100010000011111100000000110000000001000000000010000000000000000
0000000000000000000010000010000100000100010000001001000000100010000001001110000111110000000001000000000100000000000000000
0000000000000000000010000010001100001100010000010001000001100010000111111100000000011000000001100000000010000000001100000
0000000000000000000000000000110000000011100000011011000001100110000010000100000111111111000000010000000000100000000000000
0000000000000001000000000110010000001101100000011011000000110110000001111100000000110000000001100000000011000000000010000
0000000000000000000001000011000100001100011000110000100001100011000011111110000001111000000001100000000010000000001000000
0000000000000000000000001100011000011000110000110001100000110111000001101110000011111000000000110000000001100000000001000
0000000000000000000110000000001000000100100000011011000001111100000000011100000001100000000010000000001100000000010000000
0000000000000000000000000001000100000100010000010001100001111111000001111100000000010000000001100000000010000000001100000
0000000000000000010000000001001100000100110000011001000000100100000001001000000011111100000010000000000100000000000000000
0000000000000000000000000010001100001100110000011011000000111110000000111000000000110000000001000000000110000000001000000
0000000000000000000000000001010000000110100000001001000001110100000011011000000000011000000000100000000000000000000000000
0001000000000010000010000100000110011000011000110000110011100001100111111111011111111100111100111000100001100000000000000
0000000100000000001000000011110000000101000000001010000000110100000001111111000010010000000000100000000011000000000000000
0000000000000001100000000011001000001100010000011001100001111110000000011100000000110000000001000000000110000000001100000
0000000000000000011000000000111000010001110000110011000011100110000011111100000000111000000000110000000001100000000011000
0000000000000010000100000100001000001000010000010000100001100001000010111100000111111000000000010000000000100000000010000
0000000000000000000110000000001000000100110000001001000000110110000011111100000100100000000011000000000100000000000000000
0000000000000000000100110000011001100000110001000000100110000001000111111110000000001100000000001000000000010000000000100
0000000011000010000110000100011000011000110000110001100001111111000011111111000110011110000000110000000001100000000001000
0000000000000001000001000010000100001000011000110001100011111111000011111100000000110000000011000000000100000000001000000
0000000000000000000110000000001100000100110000011011100001111110000011111100000001110000000011000000000110000000001000000
0000000000000011000000000110001000001000110000110001000001111110000000111100000000011000000000100000000001000000000110000
0000000000000000010000000000100000001001000000011010000001111100000001101000000000010000000000100000000011000000000110000
0000000000000000000100000000011000000100100000011011000000111110000000111110000000100000000011000000001100000000000000000
0000000000000000000011001100001100010000110000100001000011011111000111111110000000110000000001100000000110000000001100000
0000000001000000000110000000001000000100110000011001000001100110000010001000000111111100000001000000000110000000000000000
0000000000000000000010000000001000000110110000011001000001100111000011111000000000110000000001000000000110000000001000000
0000000000000000000000000011001000001100010000010001100001111110000001111100000000010000000001100000000011000000000110000
0000000000000000000100001100011000011000100000110001000001111111000111111110000000011000000000110000000001100000000011000
0000000000000000000100000000001000010000110000100001100001111111000111111110001100001000000000110000000000110000000000000
0000000000000000000000000010001100001100110000011011000000111110000000111000000000110000000001000000000110000000001000000
0000000000000001000000000010000000001100110000011001100000100111000011111110000111001000000000010000000001100000000010000
0000000000000000000100000001001000000100110000011001000011110011000000111100000000011000000000110000000001000000000110000
0000000000000000000000000010001000000000010000000001000000000010000010001000000101010000000000100000000000000000000000000
0000000000000000000000001000010000010000100000100001000001000011100100011100001011001000010000010000000000100000000000000
0000000000000000000010000011001100001100010000011001100000111110000000111100000000110000000011000000000100000000011000000
0000000000000000000000000001000110000100011000010001100001110111110111111110000000100000000010000000001100000000000000000
0000010000000000100000000011000000000110010000001001100000110011000011110100000111111110000000111000000000100000000001000
0000000000000000100000000011000000000100000000011000000000110011000011111100000000001000000000010000000000100000000001000
0010000000001100000010001000000100010000001000100000010001000000100010000011000110111110001111110110000000001100000000000
0000000000000000000000000100000100001000011000110000100001111111000001000100000000010000000001100000000110000000001000000
0000000000000001100000000010000000000100110000011001100000110110000011111100000000011000000000110000000001100000000010000
0000000000000000000100000001011000000110100000001011000000110111000011111110000111100000000011000000000100000000001000000
0000000000000000000100000000011000000110110000011011000000111110000000111100000000110000000001000000000110000000001100000
0000000000000000011000000100110000001001100000110011000001111110000011111100000000011000000000110000000001100000000011000
0000000000000000001100000000010000000100100000001011000000100100000001111000000100110000000001000000000100000000000000000
0000000000000000000000001100000000010000010000100000100001100001000001111110000000001100000000001000000000010000000000100
0000000000000000000000000001100010000110001100011000110001100011000011111100000000011000000001100000000010000000001100000
0000000000000000000100000000011000000000100000001011000000110100000011011100000111100000000010000000001100000000000000000
0000000001000000000110000011001100001110110000111011100011100110000111111111000111110000000111000000001100000000010000000
0000000000000000000110000000001000000100100000001001000000100100000001111110000000100000000001000000000010000000001000000
0000000000000010000000001000000100010000110000100001110001111111100001111100000000110000000001000000000010000000000110000
0000000000000010000000000100000000001000100000010011000000011110000000001100000000010000000000100000000001000000000011000
0000000000000000110000000011110000000101100000011011000000100110000011111100000111111000000000110000000001100000000011000
0000000000000000000100000001001000000110110000011001000000111110000001111100000000110000000001100000000010000000001100000
0000000000000000001000000010110000000101000000001010000000111100000001111100000000100000000001000000000010000000000100000
0000000000000000000000000100000100011000011001100000100010000011000111111111100000111000000001000000000000000000000000000
0000001000000000010000000000110000001001100000110011000001000110000011111100000000011000000000110000000001100000000000000
0000000000000000000000000001110000000111100000011011000011110110000111111100000000011000000000110000000001100000000011000
0000000000000010000000000100010000001000100000010001000000100111000011110100000100001000000000010000000000110000000000100
0000000000000100000000001100001100111000111001110111110011111111000111111110000000011100000000110000000001100000000011000
0000000000000000000010000011001100000110010000011101000000111110000000011000000000110000000001000000000110000000001000000
0000000000000000000001000110000100001000011000110001100001000011000011111100000000010000000001100000000010000000001100000
0000000000000000000000000110001000001000110000110001100011111111000111111110000000001100000000011000000000110000000001100
0000000000000000100000000000000000000100000000000010000000100100000001111100000000010000000000100000000001000000000010000
0000000000000001001100000110011000001100100000011011100001110111000011111100000000011000000000110000000001100000000011000
0000000000000000001100000000010000000001100000001010000000101100000001111100000001000000000110000000001000000000000000000
0000000000000000000110000110001100001100010000011001100001111111000011111100000100011000000001100000000011000000000110000
0000000000000001000100000110001000001000110000110001100001000010000010001100000111111000000000100000000001000000000010000
0000000000000000000000000001100000000110100000011011000011100110000111111111100000110000000011000000000110000000000000000
0000000000000000010000000100000000001000000000010000000000100010000001001100000011001000000000010000000000100000000001000
0000000000000000001100001000011000010000100001100001000011111111000011111100000000110000000001100000000011000000000110000
0000000000000000000000000011000010001110001100111000110011111111000111111110000000011000000001100000000010000000001100000
0000000100000000001100001000011000010000110000100001100011000011000100000110011111111100000000001000000000010000000000000
0000000000000000000100000000001000001000110000010001100001100110000111111100000000110000000001000000000100000000001000000
0000000000000000000011000010001100001100110000110001000001111100000011111100000001100000000011000000000110000000001000000
0000000000000000000100000000001000001000110000010001000001101110000000001100000000010000000000100000000010000000001000000
0000000000000001000000000111000000001110010000111001110001110011000011001110000111111000000111110000000011000000000010000
0000000000000000000010000100001100011000010000110001100011111111100011111111000000100000000011000000001100000000000000000
0000000000000000000010000000001100000110010000001001100000100111000011111000000000110000000001000000000110000000011000000
0000000000000000100000000010000000000000000000010111100001111011000010000010001100000100000000001000000000010000000000000
0000000000000000100000000011011000000100100000011011000000100100000000111000000000100000000001000000000010000000000100000
0000000000000000010000000001101100000110011000011101100000111110000000011000000000110000000011000000001100000000010000000
0000000000000000000110000011011000000110110000011001000001110111000111111110001000110000000011000000000110000000001000000
0000000000000000001000000000010000000010100000001010000000010100000001111000000001100000000001000000000010000000000100000
0000000000000000000000000001000110000110001000011000110001100011000111111110000111110000000001000000000110000000000000000
0000000000000000100000000011011100001100110000011001000001111110000011111110000000110000000001100000000010000000000100000
0000000000000100000000001000100000010001000000010010000000011100000000001110000000010010000000100000000001000000000010000
0000000000000000000100000001101000000110110000001111100000011111000000011000000000100000000010000000001100000000010000000
0000000000000000000100000000010000001000100000110001100001111111000000011100000000010000000001100000000011000000000010000
0000000000000000000000000010010000001100100000001011000000011100000000011000000000100000000001000000000010000000001100000
0000000000000100000000001000000000010000010000100110100001111111000111100111000100000010000000000100000000001000000000000
0000000000000000001000000001010000000110100000001010000000110100000001111000000000010000000001000000000010000000000100000
0000000000000000000100000000011000000011100000011101000001100100000001111000000000110000000001100000000011000000000110000
0000000000000000000100000000011000001000110000110001100001000010000011111100000011011000000000110000000001000000000010000
0000000000000000001000000000010000000100100000001010000000100100000001111010000000100000000001000000000100000000000000000
0000000000000000000010000001000100000110011000011000100001100010000011111100000000010000000001100000000010000000001100000
0000000000000000000110000000001000000010110000001101100000110110000011111100001111111000011011100000000110000000001000000
0000000000000001000000000010000000001001000000010010000000010100000000001000000000010000000000100000000001000000000000000
0000000000000010000000000100000000001000100000010001000000100010000000111100000000011000000000100000000001000000000010000
0000000000000010000000000100001000001000010000110000100001100001000001001110000011111000000011010000000000000000000010000
0000000000000000000100000000011000001100100000010001000001100110000001111100000000110000000001100000000010000000000100000
0000000000000000000100000010011000001100110000010001000000100110000001111100000001011000000000100000000001000000000110000
1111111111111111111111111111111111111111111111111111111111111111111111111111111111111111111111111111111111111111111111111
0000000000000000000000000011101100000110110000011011100000111110000000011100000000110000000011000000001110000000011000000
0000000000000001000000000110000100001000011000110000100001111111000001111110000000011000000000100000000011000000000100000
0000000000000000000000000100001000001000110000100001000011111110000000011100000000010000000000100000000011000000000110000
0000000000000000000000000011100000001100000000110000010001000001100011111110000111111100000000100000000011000000000010000
0000000000000000001000000100010000001000100000010001000001111111100011111110000000011000000000100000000001000000000010000
0000000000000000001000001100010000010000100000110001000001111111000000001100000000011000000000110000000001100000000011000
0000000000000000011000000001100000000111100000011011000001100010100011111111000111001000000000010000000000100000000000000
0000000000000000010000000001100000000010110000001001000000100110000011001000000111111000000011100000000000000000000000000
0000000000000000000000000000011000001100110000011001100000100110000001101100000001110000000001100000000010000000000100000
0000000000000000001100000100010000001000100000110011000001101110000011111110000000010000000001100000000011000000000000000
0000000000000000000010000100001000011000110001100011000011111110000111111111100001110000000010000000001100000000000000000
0000000000000000000000000000001000000100010000000001000000100011100011111100001000010000000001000000000000000000000000000
0000000000000010000000000100110000001001100000010011000000111110000000001100000000010000000000100000000001000000000010000
0000000000000000100000000001001000000100010000001001000000100111110011101000001100010000000000100000000001000000000000000
0000000000000000001000001100010000011000100001100011000001000110000011111100000000011000000000110000000001100000000011000
0000000000000001000000000110001100001100011000010001100001100011000111111100001111111000000000110000000001100000000011000
0000000000000000000000000000010000001000100000110011000000110110000000111100000000010000000000110000000000100000000001000
0000000000000000110000000001001000000110110000011001000000110110000001111100000000111000000001100000000010000000000100000
0000000000000010000000000100000000001001100000010011000000111110000000111100000000011000000000110000000001100000000000000
0000000000000000000000000110000100011000011000100001100001111111000000001100000000010000000001100000000011000000000100000
0000000000000000110000000011100000001101000000110010000001000100000111111111000111111000000000110000000000100000000000000
0000000000000000000000000010001000001000110000011111100001100011000110001101100000010000000001100000000010000000000100000
0000000000000000000010001100001100011000111001100001100011000111000111111111000111111000000001100000000011000000000100000
0000000000000000000100000010010000000100100000010001000000111100000010001000000000010000000001000000000010000000000110000
0000000000000000000000000100001000001000100000110011000001111010000001100100000000011000000000110000000001000000000010000
0000000000000000000000000100010000011000100000100001000001100010000001111100000000001000000000010000000000100000000001000
0000000000000000001100000011010000000100100000001011000000110100000001111111100111111000001101100000000010000000000100000
0000000000000001001000000100010000010000100000100001000001000110000011110100000000001000000000010000000000100000000001000
0000000000000000001000000100110000001001100000110011000001111110000001111000000000110000000001100000000011000000000100000
0000000000000000000010000001101110000110011000011001100000110110000011111000000001100000000011000000001100000000010000000
0000000000000010000100001100011000011000100000110011000000100100000001111000000000111000000001100000000011000000000011000
0000000000000000001000001000110000110001100001100011000001111110000011111100000000011000000000010000000000110000000000000
0000000000000000001000000000110000000001000000100010000001000100100110011111000111110000000001000000000010000000000100000
0000000000000000000000001100001000111000010001110000100011111101000000001110000000001100000000011000000000110000000001100
0000000000000000000000000000100000000011000000001010000000100100000011111000000000010000000000100000000011000000000100000
0000000000000000000000000001000010000100001000010000100001000001000111111100000000010000000001000000000000000000000000000
0000000011000000000100000000010000001000100000110010000001001100000011111111000001100000000011000000000100000000000000000
0000000000000000000000000001100000000110110000011001100001100011000111111110000111111000000000110000000000100000000001000
0000000000000000100000001000100000010001000000100010000001000110000001011100000011101000000000010000000000110000000000100
0000000000000000000010000000000100000100010000001001100000100110000011111000000001100000000010000000001000000000100000000
0000000000000000001100000100011000011000110000110011100001111110000000001100000000011000000000110000000011000000000110000
0000001000000000001000000000010000000001100000110010000001100100000011111111000011111100000000100000000011000000000000000
0000000000000000001000000000010000001000100000010001000001100010000011111100000100011000000000100000000001000000000000000
0000000000000000000000000010001000001000010000110001100001111110000001001100000000010000000000100000000001000000000110000
0000000000000000000010000010000100001100010000011000100001001010000000001100000000010000000001100000000010000000001000000
0000000000000000000000000001000100000110001000011000110001111001000111111110000000001100000000010000000000100000000001000
0000000000000010000000000100000010001000001000110000100001100010000001011000000011111111000010000000000100000000001000000
0000000000000000000100000100011000001000110000110001100001111111100011111111000111111000000001100000000110000000001100000
0000000000000000000000000010001000000100010000011001000000110111000000111000000000110000000011000000000100000000010000000
0000000000000011000000000110000000011100011101110000110011111111000011111110000011011100000000111000000001110000000001100
0000000000000000000000001100010000010000100000010001000000100100000000101000000000111110000001100000000010000000000100000
0000000000000100001100011000011000110000110001000001100011000011000011100110000011111100000001111000000000110000000001100
0000000000000000001000000100010000001000100000110001000001111110000000011100000000001000000000010000000000100000000001000
0000000000000000000000000010110000001101100000011011000000100110000001001100000011111100000001111100000001000000000010000
0000000000000000000000000100000010011000011100100111110011111111000111100100000000011000000001100000000110000000001100000
0000000000000000000010000010001100001100010000011001100000111111000000011000000000110000000001000000000110000000001100000
0000000000000000010000000001101100000110011000011101100000111110000000011000000000110000000011000000001100000000010000000
0000000000000000110000000001100000000111000000011110000000111110000000011100000000100000000001000000000110000000001100000
0000000000000000000010000000001000000100010000001001100000110010000011111110000000010000000001100000000010000000001000000
0000000000000000000000000100000100011000011001100000100010000011000111111111100000111000000001000000000000000000000000000
0000000000000000000000000111010000001000100000110001000001000111000011110100000000001000000000010000000000100000000001100
0000000000000001000100000010001000001100110000010001000000100010000001111100000001110000000000100000000011000000000110000
0000000000000010000000000100100000001001100000010011000000100110000001111100000000001000000000010000000000100000000001000
0000000000000000000100001100001000011000110000110001100011011111000011111110000000011000000000110000000001100000000011000
0000000000000000000000000000110000000111100000011011000001110110000010011000000000010000000000100000000001000000000110000
0000000000000000001000001000010000010000100000100001000001000000000010000100000011110100000000001000000000010000000000000
0000000000000100000000011000000000100000110001100111100001111011000000000110000000001100000000011000000000011000000000011
0000000000000010001000000100010000001000100000110001000001100010000001011100000011101000000000010000000000110000000000000
0000000000000010000000001100000000011001100000110011000001111111000001111100000000010000000000110000000001100000000001000
0000000000000001000100000110001000001100110000010001100001100010000011111111000111001000000000110000000001100000000010000
0000000000000000010000000000110000000011000000001110000000110100000111111111000000110000000000100000000001000000000000000
0000000000000000000100000010001000001100010000011001100001100111000011111100000000011000000001100000000011000000001100000
0000000000000000000100000010011000001100100000011011000001111111110011111000000110110000000001000000000010000000000100000
0000000000000000000100000000011000010000110000100001000011000111110111111111000000110000000001100000000110000000000000000
0000000000000000001000001100010000010001100000100011000001110110000000111100000000011000000000110000000001100000000010000
0000000000000000000000000011000000000100110000011001000000110010000000111100000000010000000000100000000011000000000100000
0001000110000010001100001100011000011000110000110001100001100110000011001100000011111000000111111000000000111000000000000
0000000000000000011000000001110000000111100000001010000000110111100011111111000111110000000000100000000011000000000100000
0000000000000000000000000010010000001100100000011011000000100110000001111110000000010000000000100000000011000000000110000
0000000000000000010010000001101100000110010000011000100000100011100011111111001110010000010001100000000010000000000000000
0000000000000000000000000000000100000110010000011001110000111111000000001100000000110000000011000000000100000000010000000
0000000000000000000100000100010000001000100000110011000000111111100000111000000000110000000001000000000010000000001100000
0000000000000000000100000000011000010000100000100011000001100110000001111000000000110000000001100000000010000000000000000
0000000000000000000000000010011000001100100000010001000000100111000001111100000011110000000001100000000011000000000100000
0000000000000000000000001100001000011000110000110001100000110011000001111100000000011000000000010000000000100000000001100
0000000000000000000110000110001100011000011001100001100011000111000111111100000000011000000000110000000011000000000110000
0000000000000000100110000001001000000100010000001001100000100010000011000100000111111000000011100000000001000000000010000
0000000000000000000000000000110000000111100000001111000000111110000001101100000011110000000000100000000011000000000110000
0000000000000000100000000010000000000100000000001001000000111110000000111100000000010000000000100000000001000000000000000
0000000000000000010000000001000000000110000000001001000000110010000011111100000011111000000000010000000000100000000000000
0000000000000000000100000000001000000100110000011001000001100110000011111100000001111000000001000000000110000000001100000
0000000000000010000000001100010000010000100001110001000001111110000000001100000000001000000000010000000000100000000001000
0000000000000000001000000110011000001100110000011011100001111111000011111111000000011000000001100000000011000000000100000
0000000000000000001100000100011000001100110000111011100001111111000011111110000111111000000001100000000111000000001100000
0000000000000000000100000001001000000010110000001111000000111111100111111000011000110000000001000000000110000000001000000
0000000000000001100000000010001000001100010000010011100000111111000011110110000110001100000000010000000000100000000001000
0000000000000000000000000100001000001000110000110001000001111111100011101100000000010000000000100000000011000000000110000
0000100001000001000010000110001100001000011000110000100011000001000111111110001111111100000000010000000000100000000000000
0000000000000000000010000110001000001000010000010001100001000011000011111110000010011000000000110000000001100000000011000
0000000000000000000110000000001000000110110000011001000000111111000001111100000000010000000001000000000110000000001000000
0000000000000110000100001100001000011000110001100001110011111111110011111100000000111000000001100000000111000000001100000
0000000010000000000100000000001000001000100000010001000001100010000011001100000110011100001111100000000010000000000100000
0000000000000100000100001000001000011000010000110000100001111111000011111110000100000100000000001000000000010000000000110
0000000000000000001000000100010000001000100000010011000000111110000001101100000000011000000000010000000000100000000001000
0000000000000010000000000100000000011000100000110001100001100111000011111110000001001100000000011000000000110000000001100
0000000000000000000000000101100000001111000000011110000000111100000001111000000000110000000001100000000011000000000010000
0000000000000001100000000010100000000101000000001110000000011100000000111000000000010000000000100000000001000000000010000
0000000000000000100000000001001000000100110000011001000000111110000011111100000000100000000011000000000100000000010000000
0000000010000000000100000000011000010000100001100001000011000111110111111111001111110000000001100000000011000000000000000
0000000000000000001000000110011000011101100000110011000001111111100001111110000001110000000011000000000110000000001000000
0000000000000000000011000010000100001000011000110000110011111111000111110110000000001000000000110000000001100000000010000
0000000000000000000000000000110000000011000000001110000001111111110011110000000001100000000110000000001100000000000000000
0000000000000000000010000000001000000100010000010001000000100110000010011000000111100000000001000000000100000000000000000
0000000000000000000000000011100000000101000000011010000000100100000001011110000011111000000000100000000001000000000010000
0000000000000000000100000010001000001100110000011001100001111111100011111111000000110000000001100000000110000000001100000
0000000000000000001000001000010000010000100001100001000011000110110011111111000000010000000001100000000011000000000100000
0000000000000000000000000000110000000011100000011010000000100100000011111111000111110000000000100000000001000000000010000
0000000000000000000100000000001000000100110000010001000000100110000001111110000000110000000001000000000010000000000100000
0000000000000000010000001000110000011001100000110001000001100110000001111100000011001000000000010000000000110000000001100
0000000010000000000100000000001000000100110000011001000000100110000011111100000111011000000000100000000011000000000000000
0000000000000000000100000000011000000100100000011001000001100111100011111110000000010000000001100000000010000000000100000
0000000000000000000010000000001110000000010000011001000001111111000111111110000000100000000010000000001100000000000000000
0000000000000000000000001000111000011001100000110011000000111110000000111100000000110000000001100000000011000000000110000
0000000000000000000000010000000000110001000000100010000001111111100000111111000000001000000000011000000000010000000000000
0000000000000000000001000000000100000000010000000001000000100110000011011000000111100000000010000000001000000000000000000
0000000000000000000100000001001000000100110000001111000000000100000000011000000000100000000010000000001100000000010000000
0000000000000001001000000010011000000100010000010000100001100001000010001110000111100100000000001000000000010000000000100
0000000000000000100000000011001100000110110000011011000000111110000011111100000010110000000011000000000110000000001100000
0000000000000000000010000000001100001000010000010001100001000010000111111110001000110000000001000000000110000000001000000
0000000000000000010000000001001000000010110000001001000000100100000001111000000011110000000001000000000010000000000000000
0000000000000000010001000001100110000110001100011000110000111111000111111110001110011000000000100000000011000000000100000
0000000000000000001000000000010000001101100000010001000000111111000011111100000000011000000000100000000001100000000010000
0000000000000000000000000000111000110001110011100011100111111111001111111110000000001110000000011100000000111000000000000
0000100000000001000000000010011000000110100000001001000000110010000001101110000011111000000110110000000001100000000000000
0000000000000000001000000110010000001100100000111011000000100110000001111100000001110000000001100000000011000000000110000
0000000000000000001000000000010000001001100000010010000000101100000000111100000000100000000001000000000110000000001100000
0000000000000011100000000111110000001111100000110111000011111111100111111111101111111111011000111000000001110000000001000
0000000000000000010000000100100000001001000000010010000000100100000001101000000001111000000000100000000001000000000010000
0000000000000000001000000000010000000110100000001001100000100111000011111000000000110000000001000000000010000000001000000
0000000000000001100000000011000100000110011000011000110000100001000011000100001111111000000000100000000011000000000100000
0000000000000000000000000011000100001100010000110001100001111110000000001000000000110000000001000000000100000000001000000
0000000000000010000100000100001000011000010000100001100001000010000011111100000011001000000000100000000001000000000010000
0000000000000001000010000110001100001000011000110001100001111111000111111111000000011000000001100000000110000000000000000
0000000000000000000000001100010000011000110000110001100000100011000001111100000001111000000000010000000000100000000001100
0000000000000000000010000010001100000100010000011001100001100010000011001100000011110000000011000000000100000000011000000
0000000000000000010000000000100000001001000000010010000000111100000011111000000000010000000000100000000001000000000010000
0000000000000000010000000001101100000110011000011101100000111110000000011000000000110000000011000000001100000000010000000
0000000000000000000000000011000100001000010000100001100001111110000001111100000000011000000000100000000001000000000100000
0000000000000000000100000000011000001000110000010001000001100110000011111110000011110000000001000000000110000000001100000
0000000000000000001100001000011000010000110000100001100001110011000110111100001000001000000000010000000000100000000001000
0000000000000000011000001000110000110001100001100001100011000111000111111111000111000110000000001100000000001000000000010
0000000000000001000000000010001100001100011000110001100001100010000111111111101000111000000001100000000011000000000100000
0000000000000100000000001000110000011001100000110011000001100110000001111110000000011000000000110000000001000000000010000
0000000000000000000000000000100000001001000000110010000001101110000011111100000000010000000000100000000001000000000010000
0000000000000000000001000100000110011000001000100000110001000001000011000110000111101000000111010000000000000000000010000
0000000000000000000001000000000100000000010000001001000000100100000001011000000011100000000110000000001000000000100000000
0000000010000000001100000100010000011001100000100011000001000110000011111100000001111110000000110000000001100000000001000
0000000000000000000001000000000100000100001000001000100000100011000011111110001000010000000001000000000010000000000000000
0000000001000010000010000100001100011000011000100000100001000011000011111100000111111000000000100000000011000000000000000
0000000000000000000010000001001100000010010000001001000000110111000011111100001000100000000011000000000100000000011000000
0000000000000000000100001000001000010000010000100001100001000010000011111100000001111000000000100000000011000000000100000
0000000000000000011000000100110000001001100000010011000000101110000001111000000000110000000001100000000010000000000100000
0000000000000000000010001000001100010000110001100001000001100110000011111100000000110000000011000000000110000000001100000
0000000000000100000000011000000100100000011001000000110011000111000011111010000001000100000000001000000000010000000000100
0000000000000000010000000010110000001101100000010011000001100111100111111100000000010000000000100000000001100000000011000
0000000001000000000110000000001000000100100000011011000000111100000000111110000001100000000010000000001100000000010000000
0000000000000010000000001100000000010000001001100001110011000111100110111011000111001100000000001000000000011000000000010
0000000100000000010000000001000000000110000000010001000000100110000010001001000111111110000001100000000010000000000000000
0000000000000001000000000100010000001000110000110001100001100011000011000110000011111000000000010000000000100000000001000
0000000000000000000100000001010000000100100000001011000000111110000000011000000000100000000001000000000100000000001000000
0000000000000100000000001000100000110001000000111110000000000100000000001000000000010000000000110000000001100000000001000
0000000000000000100000000001000000000100000000001001000000010010000001111100000000111000000000100000000001000000000000000
0000000000000001000000000010001000001000010000010000100001111101000111111110000000000100000000001000000000010000000000100
0000000000000000000001000100000110011000011001100000110010000011000111111100000000011000000000100000000011000000000100000
0000000000000000000110000000001000000010010000001001000000100010000011111000000010010000000001000000000010000000000000000
0000000000000000000000000010001000001100010000110000100011111111000111111110000000000100000000001000000000010000000000100
0000000000000000000011000001000100000110011000011001100001111111000111111111100000110000000011000000001100000000110000000
0000000000001000000000010000000000110000100001100001000011011111000111111111000000000100000000001000000000001000000000001
0000000000000000000001000000000100000000011000011001100001100010000110001110001111110000000010000000001000000000000000000
0000000000000000000010000000001100001000010000110001100001100010000111111100000000110000000001000000000110000000001000000
0000000000000000011000010000110000100001100001100011000001100110000001111100000000001000000000011000000000111000000000100
0000000000000001000000000010000100001000001000010000100001000001000011110100000001011000000000100000000001000000000010000
0000000000000001000000000010110000000100100000001011000000110110000001111000000111110000000000100000000001100000000011000
0000000000000000001100001100011000011101110000110011100001111111000011111110000000111000000001110000000011000000000110000
0000000000000000000000000010000000001100100000010011000000110111000000111000000000010000000001100000000010000000000100000
0000000000000000000000000000100010000010001000001100110000110011000011111100000000110000000011000000001100000000000000000
0000000000000000000100000010011000000100100000011011000000111100000000011000000000100000000001000000000010000000001100000
0000000000000000000000000110001100011100111000111001100001111111000011111100000000111000000001100000000011000000000110000
0000000000100000000011000000000100001100011000110001100011100110000111111100000001111100000011000000001100000000000000000
0000000000000000011000000000010000000010100000001001000000110010000011111100000000111100000000010000000000100000000001000
0000000000000000000010000100000100001000011000110000110001111111100011111100000000011000000000100000000011000000001100000
0000000000000000000010000000100100000010010000001001000000100110000011111000000110100000000001000000000100000000010000000
0000000000000000100000000001001100001110110000111001100011110110000011111100000000110000000001100000000011000000001100000
0000000000000001000000000110011000001100110000110001100001111111000011111110000100011000000000100000000011000000000010000
0000000000000000000000001100001000100000110001000001000011111110000011101100000000011000000000100000000001000000000010000
0000000000000000000000001000011000011000110000110001100001111111000011110110000000001100000000011000000000110000000001000
0000000000000000001000000000110000000111100000011001000001111110000011111100000000010000000001100000000010000000001100000
0000000000000000000000000110010000011000100000111111000000111111000000001100000000010000000001100000000011000000000110000
0000000000000010000000000100010000001000110000010001100001100011000011111110000011011100000000011000000000110000000000000
0000000010000000000100000000011000011000110000110011000011000110000111111111100000110000000001000000000110000000000000000
0000000000000000000010000000001100001000010000110001100001100010000111111100000000110000000001000000000110000000001000000
0000000000000000000000000110001000001100110000110001000001111110000000111100000000110000000001100000000110000000001000000
0000000000000000000000000000000110001110011000111001100001100110000011001100000111110000000111110000000110000000001000000
0000000000000000001100000100010000001001100000110011000001100100000011011100000011110000000001100000000010000000000100000
0000000000001000000000010000001000100000110001000001000011000010000011001100000011111000000000110000000000100000000001110
0000000000000011000110000100001000011000110000100001100011000010000110000111100111111100000000010000000000110000000000000
0000000000000000110000000001110000000101100000010011000001000110000111111110000110011000000000010000000000100000000000000
0000000001000000000100000110011000001100110000010011000001100110000011111110000111111000000011000000000110000000001000000
0000000000000000000010000110001100001100010000110001110001111111100011111100000000110000000001100000000110000000001100000
0000000000000000001100000000010000001000100000010001000000110010000001111100000100001000000000110000000001100000000000000
0000000000000000001000000011010000001100100000010001000000111110000001111100000000011000000000110000000001100000000010000
0000000000010000001100110000011001110000110001100001100011111111000011111110000110001100000000011000000000011000000000000
0000000000000000010000000000100000000001000000010010000000100100000001111000000000110000000000100000000001000000000000000
0000000000000000000000000000001000001000100000010001000001100110000011111110000000010000000001100000000011000000000110000
0000000000000000010000000001000000000110010000011001100000100110000001111100000000110000000011000000000100000000001000000
0000000000000001100000000110000100011100011000110001100001111111000001111100000000111000000011110000000111000000001100000
0000000000000000000000001100000000010000010000100000100001100001000001111110000000001100000000001000000000010000000000100
0000000000000000011000001000110000110001100001100001100011000111000111111111000111000110000000001100000000001000000000010
0000000000000011000000000110000000001000010000110000110011111111100110001111000000000110000000001100000000010000000000100
0000000000000010001100000100010000000000100000110011000000111110000000011000000000010000000000100000000001000000000110000
0000000000000000001000000000010000000100100000010001000000100100000001111000000000110000000001000000000010000000000100000
0000000000000000000011000000001100001000011000110001100001111011000011111100000000110000000011000000001110000000011000000
0000000000000001100000000011000000000110000000001101100000110110000011111100000110011000000000110000000000100000000001000
0000000000000000000000000100001100001000110000111001100011111111000011111100000000011000000000110000000011000000000110000
0000000000000000001000000100011000001000110000100001000001000110000011011100000011001000000000010000000000100000000001000
0000000000000000000000001100000000100000001101000000110001100001000000110100000000111000000000100000000001000000000010000
0000000000000000100000000011010000001100100000010001000001100010000011111100000000011000000000110000000000100000000001000
0000000000000000011000000001110000000111100000010011000001100010000011111100000000011000000000010000000000100000000001000
0000000000000000000000000010000000001000100000010010000000011111000000001000000000100000000001000000000010000000000100000
0000000000000000011000001000110000011001100000110011111001101111100111111000001110010000000000100000000011000000000010000
0000000000000000000100000000001000000100100000001001000000100100000011111000000000100000000011000000000100000000000000000
0000000000000000000001000000000100001100011000010000110001100011100111111110001111110000000011000000000100000000010000000
0000000000000110000000001100000000011000100000110001100001111110000000011100000000001000000000010000000000100000000001000
0000000000000000011000000000110000011001100000110011000001111110000011111100000000110000000001110000000011000000000000000
0000000000000000000100000110001000001000110000110001100011000011000011001110000011011000000000110000000001100000000010000
0000000000000000000100000000011000011000100000100001000011110110000011111100000000011000000000100000000001100000000010000
0000000010000000000100000000001000000100110000011001000000100110000011111100000111011000000000100000000011000000000000000
0000110000000001100000000110000000001100110000011011100001100111100011111110000110111100000001111000000011110000000000000
0000000000000000000110000001001000000100010000011000100001100011000011111100000110011000000000100000000001000000000110000
0000000000000000000011000010001110001100111000110011100011001111000111111111101111111111000111000000001100000000011000000
0000000000001100000100010000011000100000100001100001000011000011000011000110000011111100000000001100000000001000000000011
0000000000000000100000000011000100000100011000011000100001100011000111111110000000011000000000110000000001000000000110000
0000000010000000000100000010011000001100110000110001100011000011001111111110001111001100000000011000000000110000000000000
0000000000000010000000001100110000010001100000110011000001111110000000011100000000011000000000110000000001100000000010000
0000000000000001000001000100000110011000011001100000110011111111000011111100000000111000000011100000000110000000000000000
0000000000000000000100000110001000001100110000110001100001100110000011111100000001111000000000100000000011000000000110000
0000000000000000000010000000001100000100010000011001100001100111000111111110001100110000000011000000000100000000011000000
0000000000000010001100001100011000010000110001100001100011111111000000001111000000011000000000110000000001100000000010000
0000000000000000011000000001100000000111100000011011000001100010100011111111000111001000000000010000000000100000000000000
0000000000000000011000000000110000001101100000010011000000110110000000111000000000110000000001000000000010000000000100000
0000000000000000001000010000111001100001110011000011100111100111000111111110000000111100000000011100000000111000000000110
0000000001000000000110000010001000000111110000001001000000110111000011111100000110110000001001100000000010000000000100000
0000000000000001001000000010010000001101100000011011000000100110000011001111000111111110000000100000000001000000000010000
0000000000000000010000000000110000000010100000001101000000110111000011111100000100010000000000100000000001000000000000000
0000000000000000000110000011001100001100110000111011000011111111001111111111001000011000000001100000000010000000000000000
0000000000000000001000000000110000000011100000001101000000110010000011011110001111111000000000110000000001100000000000000
0000000010000000000100000010001000001100100000010001000001100111000011111100000100110000000001000000000010000000000000000
0000000001000000000110000000001000001100110000110001000001100110000111011100000111110000000001100000000110000000000000000
0000000000000000000000000011001100001100010000010001100001100010000001111100000000010000000000100000000011000000000110000
0000000000001100000000010000011000100000110001000001100011000011000011111100000011111000000000010000000000110000000001000
0000000000000000000000000001011000000110100000001011000000110110000001111100000001111000000001000000000110000000001100000
0000000000000001001000000010111000001101110000011011100000110111000001111110000000111000000001100000000011000000000110000
0000000000000000100000000011000110000100001000011000110000100001000011111100001111111000000001100000000010000000000100000
0000000000000000000011000000000100011000011001100001100010000011000111111110001111111000000000110000000001100000000010000
0000000000000000000000000000000110000111011000011101100001111111000011111000000001100000000110000000011000000001000000000
0000000000000000010000000000110000011001100000110011000001111111100011111100000000011000000000110000000001100000000000000
0000000000000001001000000010010000001000100000010001000000101110000001111100000000011000000000110000000001100000000011000
0000000000000001000100000110001000001000110000110001100001000010000010001100000111111000000000100000000001000000000010000
0000000000000000000010000010001100001100010000110001110011111111100111111100000000110000000011000000001100000000000000000
0000000000000000001000000000010000001000100000010001000001100010000011111100000100011000000000100000000001000000000000000
0000000000000001000100000110011100001100110000110001100001111111100111111111000110111000000001100000000111000000001100000
0000000000000000000100000000001000000100110000011001000001111110100111111111100000110000000001100000000110000000000000000
0000000000000001100000000110001000001000010000100001100001100010000001111100000000011000000000100000000011000000000100000
0000000000000000100000000010000000000100000000001000000000110010000000111100000000010000000000100000000000100000000001000
