0000000000000000110000000111110000011000100001000000010011000001100011111110000000001100000000010000000001100000000011000
0000000000000000000000000011110000011100010000100001100001111110000000001100000000110000000001100000000110000000001100000
0000000000000000000000000001110000001101100000111111000001110110000000001100000000011000000000110000000001000000000010000
0000000000000000000000000000111000000110010000011011000000111110000000101000000000110000000001000000000100000000011000000
0000000000000000000000000011110000001110100000010001100000100110000011111100000011011000000000100000000001000000000110000
0000000000000000000000000110100000001001000000100001000001000110000001110100000000001000000000010000000000100000000001000
0000000000000001000000000111000000001010100000100101000001000110000001111000000000010000000000100000000001000000000010000
0000000000000001110000000111110000011000110000110001100000111110000000111100000000110000000001100000000010000000001100000
0000000000000011111000001100011000011000011000100011110001111111100000100011000100001100011000111000011111100000111100000
0000000000000000000000000011000000001110000000011000000000011110000000001100000000001000000000010000000000100000000001000
0000000000000000110000000010010000001000110000011110100000000011000000001100000000010000000001000000000010000000001110000
0000000000000000001000000001111000000110100000011111000000011110000000011000000000110000000001000000000110000000001100000
0000000000000000000000000001111000001111110000111011000001111110000001101100000000010000000001100000000110000000001100000
0000000000000000011000000011111100001100000000111011000001111111000000111100000000110000000001100000000110000000001100000
0000000000000000001000000001111000000100010000010011100000111110000001101100000000010000000001000000000110000000001000000
0000000000000000001000000001111000001100110000110010000001111111000001111100000000110000000011000000001100000000110000000
0000000000000000000000000000111000000111110000011111100000111110000001111100000000010000000001100000000110000000011000000
0000000000000000011000000001111000000100111000010001100001100110000011111100000000010000000001100000000010000000001100000
0000000000000000000000000111110000010000110001100001000010000010000110001100000111101000000000010000000000100000000001100
0000000000000000000100000011111100001110111000110001110001111111000001111100000001100000000110000000011000000001100000000
0000000000000000000000000011110000000100100000010001000000100100000001111000000000010000000000100000000001000000000010000
0000000000000000000000000011110000001100110000010001100001000010000011111100000011101000000000010000000000100000000001000
0000000000000000000000000001110000001111110000111001100001000111000011111100000000011000000000100000000011000000000100000
0000000000000000000000000011110000011100010000100001100001111110000000001100000000110000000001100000000110000000001100000
0000000000000000010000000011111000001100110000110011000000111110000000001100000000011000000000100000000011000000000110000
0000000000000000000000000011100000011000100000100001100001001111000011111100000001011000000000110000000001100000000010000
0000000000000000000000000111110000011111100000110011100001111110000011111100000000011000000000110000000001100000000110000
0000000000000000000000000001110000000100100000011001000000100110000001111000000001110000000001100000000010000000000100000
0000000000000000000000000001111000001100110000110001000001001110000011110100000010010000000000100000000001000000000110000
0000000000000000100000000011100000001101100000010011000000110110000000111100000000010000000000100000000011000000000100000
0000000000000000110000000111111000011000011000100000110001000011100011111110000011111000000001100000000010000000001100000
0000000000000000001000000001110000000100000000001001000000100110000000111000000000010000000000100000000010000000001100000
0000000000000000000000000011110000001000010000010001100000100110000001111000000000100000000001000000000100000000001000000
0000000000000000010000000011110000001000110000100001100001100010000001111100000001111000000000110000000001000000000010000
0000000000000000100000000011100000000101100000011011000000011100000000011000000000010000000000100000000001000000011100000
0000000000000000000000000011100000001000010000010001100000111110000000111100000000010000000001100000000010000000001100000
0000000000000000000100000011111000001100110000011001100001100110000011011100000111111000000110100000000001000000000010000
0000000000000000000000000000111000000011001000001001100000011110000000011000000000100000000011000000001100000000110000000
0000000000000000011000000011111000011100011000100001100011000111000011111100000011011000000000100000000011000000001100000
0000000000000000001000000011110000001111110000111001100001111111000001111110000000011000000000110000000011000000000110000
0000000000000000000100000001111100000110000000001000100000110011000000111100000000110000000001000000000110000000011000000
0000000000000000011000000111111000011100110000111111100001111111000000011100000000110000000011000000001100000000011000000
0000000000000000111000000011111000001100110000010001100001100011000010001100000101110000001111000000000010000000000100000
0000000000000000001100000001100000000010110000001001000000010110000001111000000001110000000001000000000100000000001000000
0000000000000000111000000011111000001001000000011110000000001100000000010000100001000000000010000000001100000100010000001
0000000000000000010000000011110000001100100000010011000001111110000001101000000000110000000001000000000110000000001100000
0000000000000001000000000111100000001001000000010001000000111110000001111100000000011000000000100000000011000000000110000
0000000000000000000000000011110000001000100000010001000000100110000001111100000000010000000000100000000001000000000010000
0000000000000000000000000001111000001100011000010000100001100001000001011100000001111000000001100000000010000000001100000
0000000000000000000000000011100000000100100000010011000000110100000000111000000000010000000001100000000010000000000100000
0000000000000000000000000111110000011000110000010001100000011000000000011100000000010000000001100000000011000000000100000
0000000000000000011000000001111000000100111000010001100001100111000010011100000111110000000001100000000110000000001000000
0000000000000000000000000011110000011000010001000001110011111101000000000010000000001000000000100000000010000000001000000
0000000000000000000000000001111000000111100000011111000000111100000000001000000000100000000001000000000110000000001000000
0000000000000000100000000010110000001001100000010011000000100100000001110000000000010000000000100000000001000000000010000
0000000000000001100000001111100000011001100000110011000001100110000001111100000000001100000000011000000000110000000001100
0000000000000000000000000111110000011000010000100001100001111111000001100100000000011000000000100000000011000000000100000
0000000000000000010000000011111000001100110000010011100000111110000000011100000000110000000001100000000110000000011100000
0000000000000000000000000000011100000011100000011001000001111110000000001000000000110000000001000000000010000000001000000
0000000000000001100000001111100000110001100001100001100011000011100011111110000001001100000000011000000001100000000011000
0000000000000000000000000000111000000011110000001001100000100110000001111100000010010000000001000000000010000000001000000
0000000000000000000000000000111000000111110000011001100001100110000111111100000000010000000000100000000001000000000010000
0000000000000001100000000111100000001100100000010001000000000010000001000100000011111000000000110000000001000000000010000
0000000000000000000000000011110000001101100000010010000000100100000001111000000000010000000001100000000011000000000100000
0000000000000000010000000011110000001100100000011001000000110110000001111100000000011000000000100000000001000000000010000
0000000000000000001000000001111000000111100000011111000000111110000000001000000000110000000001000000000110000000011000000
0000000000000000001000000001110000001100010000110001100001001110000011100100000000010000000001100000000011000000001100000
0000000000000001100000000011100000001101000000011111000000011110000000001100000000010000000001100000000010000000001100000
0000000000000000001000000001111000000111110000011011100001101110000011111100000010010000000001100000000011000000001100000
0000000000000000010000000001010000000100011000010001100000111110000000111000000000110000000011000000001100000000010000000
0000000000000000000000000011110000001100100000010011000000100110000001110100000000001000000000010000000001100000000010000
0000000000000001100000000011100000001101100000011011000000011100000000001000000000110000000001100000000011000000000110000
0000000000000000000000000011110000101100110000110001100001001110000011100100000000011000000000100000000001000000000110000
0000000000000001100000000110100000001001010000110011100001000111000010011010000111100100000100011000000000100000000001100
0000000000000000000000000000111000000110010000001001100000111110000000011000000000100000000010000000001000000000010000000
0000000000000000000000000011110000001001100000010011000000101100000001101000000000010000000000100000000001100000000011000
0000000000000000010000000011110000001110110000010001100001110111000001111110000000011000000001100000000110000000001000000
0000000000000000011000000011111000001100010000110000000001000111000011111110000111111000000000110000000011100000000110000
0000000000000000000000000011111000001110111000110000110001110111000001111100000000010000000001100000000010000000001100000
0000000000000001000000000100110000010000010001100000100011000011100011111111000000001000000000011000000000010000000000100
0000000000000000000000000011110000001111100000110011000001111100000000011001000000100010000011000100000110000000001100010
0000000000000000000000000011000000001101000000110001000001000010000001111100000000000100000000001000000000010000000000110
0000000000000000111000000111111000001100000001111111100001111111000000001110000000011000000001100000000111000000001100000
0000000000000000001000000001101000000100000000010001000001100110000011110100000000010000000000100000000001000000000110000
0000000000000000000000000111110000011000000000100011000001111110000000000100000000001000000000010000000000100000000001000
0000000000000000100000000111110000011000100000100000000001100000000011111110000000111000000000110000000001100000000011100
0000000000000000001100000011111100011110001000110001110001111111100001111100000000110000000011000000001100000000110000000
0000000000000000000000000011110000001000100000010001100001111110000011111100000000010000000000100000000010000000000100000
0000000000000000100000000011100000001001000000010011000000111110000000000100000000001000000000010000000000100000000001000
0000000000000000000100000001111000001110111000110001100001101111000011111100000110110000000011100000000110000000011000000
0000000000000000000000000011110000001001100000010011000000111110000000101100000000011000000000110000000001100000000001000
0000000000000000110000000111110000011000100000110011000001100110000001111100000000001000000000011000000000110000000001100
0000000000000000000000000111111000011100110001100001100011011111000111111110000000001100000000011000000000110000000001100
0000000000000000000000000011110000001100100000100001000001101110000001110100000000011000000000100000000001000000000010000
0000000000000000000000000011110000001101100000111111000000110110000000001100000000010000000000100000000001000000000010000
0000000000000001000000001111010000110011110001000001100011100111000011111110000000000110000000000100000000001000000111100
0000000000000000000000000000011100000011111000011001100001100110000010111100000110010000000000100000000010000000000100000
0000000000000000011000000011111000001100000000110001100001100111000011111100000000110000000001100000000110000000001000000
0000000000000000010000000011110000001101110000110011100001101110000011111100000000011000000000010000000000100000000001000
0000000000000000000000000111000000010011000000111110000001110110000000001100000000011000000000110000000001100000000011000
0000000000000000000000000001100000000111000000011110000001111110000001001100000000010000000000100000000001000000000010000
0000000000000000110000000001110000000110100000011111000000011100000000011000000000100000000011000000000110000000001100000
0000000000000000000000000111110000001000010000110000100001100001000011101110000011110100000000000000000000100000000001000
0000000000000000000000000000111100000010111000011011100001111110000001111000000001100000000110000000001000000000110000000
0000000000000000010000000011010000000100100000010001000000100010000001111000000000010000000000100000000011000000000100000
0000000000000000000000000001110000000110100000011111000000110110000000011000000000010000000001100000000110000000001000000
0000000000000000000100000001111000000110010000001111000000000110000000011000000000100000000010000000001100000000110000000
0000000000000000000000000011110000001111110000110001100001100010000011111100000001001000000000110000000000100000000001000
0000000000000000000000000111100000011001110000100001100001101110000001111100000000010000000000100000000001000000000010000
0000000000000000000000000111111000011110000000110000111001110111100001111110000000110000000011000000001100000000011000000
0000000000000000100000000111100000011000110000100001100001101110000001111100000001011000000000110000000001000000000010000
0000000000000000000000000111110000111111110001110011100011111111000001111110000000011000000000110000000001110000000011100
0000000000000000000000000001111000000100000000001000000000111100000000001000000000110000000001000000000010000000000010000
0000000000000000000000000001111000001111110000110011100001000111000010011100000111110000000000100000000001000000000011000
0000000000000000001000000011111000001110010000011000100000111111000001111100000001111000000000110000000011000000001100000
0000000000000000010000000111111000011000001000100000100010000111000111111110000111001000000000110000000001000000000110000
0000000000000001110000000100110000001001100000010011000000111010000000000100000000001000000000010000000001100000011110000
0000000000000001110000000111100000011100000001110001100011000111100110011111001111110111000110000110000000001100000000001
0000000000000000000000000000111000000111000000111011000011111111000111100110000000001100000000010000000000100000000011000
0000000000000000011000000001001000000100100000001001000000100110000001111000000000100000000001000000000100000000001000000
0000000000000000100000000011100000001101100000010011000000100110000001111000000001011000000000110000000001100000000011000
0000000000000000000000000011100000000101100000010001000000100110000001111100000000001000000000110000000001100000000011000
0000000000000000010000000110010000011001000000011110000000000100000000001000000000010000000000100000000001000000000110000
0000000000000000000000000011111000011111110000110001100011101111000011111100000000011000000000110000000001100000000011000
0000000000000000000000000001111000000111110000011111000000111110000011111000000000110000000001000000000110000000001000000
0000000000000001100000001111110000110001000001000001000010000010000010001100000011100100000000001000000000010000000000110
0000000000000000011000000011011000001100000000010001100000111111000000111100000000010000000000100000000011000000000100000
0000000000000000000000000011001000001101110000010011000000011110000000001000000000010000000001100000000010000000000100000
0000000000000000000000000001111000000111110000011011000000100110000011111100000010010000000000110000000001100000000001000
0000000000000000011000000011110000001111000000011011000000111110000001111100000011010000000001100000000011000000000110000
0000000000000000010000000011110000001000110000110001000001000010000011111100000001011000000000100000000001000000000010000
0000000000000000000000000001100000001111100000100011000001000010000011111100000000001000000000010000000000100000000001000
0000000000000000000000000001110000000111100000011011000000101100000001111000000000010000000000100000000001000000000010000
0000000000000001110000000111110000011000110000110001100000111110000000111100000000110000000001100000000010000000001100000
0000000000000000000000000001111000001110011000110001100001111110000001111100000000010000000001100000000110000000001100000
0000000000000000001000000011111000000111100000011011100000111110000001111100000000111000000001100000000011000000001100000
0000000000000000100000000111110000001000100000110001000001100110000001111100000000001000000000010000000000100000000001000
0000000000000001000000001111111000110001110001100001100011000011000110001110000110111100000111011000000000100000000001000
0000000000000000001000000001000000000100000000001000000000011100000000011000000000100000000001000000000100000000001000000
0000000000000000000000000111100000001101100000011011000000111100000000011000000000010000000000100000000011000000000110000
0000000000000000001100000011111000001100000000011001100000011111000000001100000000110000000011000000001100000000010000000
0000000000000000000000000011111000001100001000110001110001000111000011111000000000110000000011000000000100000000011000000
0000000000000000011000000011011000001000010000100000100001000011000011111100000000011000000001100000000010000000001000000
0000000000000000000000000011111000001100110000110001101001111110000001111100000000110000000001100000000110000000001100000
0000000000000000010000000011011000001100110000110001100001000011000010000100000011110000000000100000000001000000000001000
0000000000000000001100000001111000000110010000011001100000100110000001111100000000110000000011000000000110000000011000000
0000000000000000100000000011100000001000100000010000000000000000000001001000000000110000000000100000000000100000000001000
0000000000000000001000000000111000000010100000001001000000010110000000111000000000110000000001000000000100000000001000000
0000000000000000010000000011110000001000100000110001000001000010000001001100000011110000000000100000000001000000000010000
0000000000000000000000000001110000000100100000010011000001101110000001111000000000110000000001000000000010000000001100000
0000000000000000010000000111111000011110010000111000100000111110000000111100000000001000000000011000000001100000000110000
0000000000000000001000000001111000000110000000011000100000100010000010011100000111001000000000010000000001100000000010000
0000000000000000000000000001110000000100000000010001000000110110000000001000000000010000000001000000000010000000001000000
0000000000000000010000000011110000000100100000010001000000100110000001111100000000010000000000100000000001000000000010000
0000000000000000000000000011110000000101100000010011000001111110000001101000000000010000000000100000000001000000000110000
0000000000000000000000000011110000011100100001100001000001000110000001111100000000011000000000100000000001000000000110000
0000000000000000001000000001111000000100110000010001100001101111000011100100000000011000000000100000000011000000000100000
0000000000000000011000000011010000000100000000010001000001100110000001111100000011010000000000100000000011000000000100000
0000000000000000010000000011110000001100100000010001000001100110000001111100000000010000000000100000000011000000000100000
0000000000000000000000000111100000001001000000010110000000111100000000001000000000010000000000100000000011000000000100000
0000000000000000000000000000111000000011110000001111100000011110000000011000000000100000000011000000001100000000011000000
0000000000000000110000000011110000001100110000010001100000100111000000111100000000100000000011000000001100000000110000000
0000000000000000000000000011111000000100110000011011000000111110000000001000000000110000000001000000000110000000001100000
0000000000000000011000000001010000000110100000001011000000011110000000011100000000011000000000100000001010000000011100000
0000000000000000001000000001111000000110010000011111000000111110000000001000000000110000000001000000000110000000001100000
0000000000000000010000000111111000011000001000100000100010000111000111111110000111001000000000110000000001000000000110000
0000000000000000000000000011100000000101000000001010000000010100000000011000000000010000000001100000000011000000000100000
0000000000000000000000000001110000001100110000110011100001101110000001111100000000010000000001100000000010000000001100000
0000000000000000000000000001110000001100110000010011000000111100000000001000000000010000000001100000000010000000000100000
0000000000000000000000000011110000001101100000010011000000111100000000001000000000010000000000100000000011000000000110000
0000000000000000110000000011100000001101110000110011100001101110000001110100000000011000000000111000000001100000000011000
0000000000000000000000000111100000011011100000100001000001100010000001101100000000001000000000010000000000100000000011000
0000000000000000011000000001101000001100010000010001100000101110000001101000000000110000000001000000000100000000011000000
0000000000000000000000000001110000000100110000011011100000011110000000001000000000010000000001100000000010000000001000000
0000000000000000100000000111100000001101100000110011000000111110000000111100000000111000000001100000000011000000000110000
0000000000000000100000000111000000010001000000101110000000110100000000001100000000011000000000110000000000100000000001000
0000000000000000000000000000110000000110100000011001000000101110000001101000000000010000000000100000000010000000000100000
0000000000000000000000000111100000001000110000100001100001000010000011011100000001010000000000100000000001000000000010000
0000000000000000000000000011110000000101000000011010000000110100000000111000000001110000000001100000000011000000000110000
0000000000000000100000000011100000000100000000000110000000000100000000001000000000010000000001000000000010000000000100000
0000000000000000000000000001100000000101100000001110000000000100000000011000000000100000000001000000000010000000001000000
0000000000000000010000000111110000011100110000110000100001100111000001111110000000011000000000110000000011000000000100000
0000000000000000000000000001110000000110110000011011000000111110000000111000000000010000000001100000000010000000001100000
0000000000000000010000000011111000001100110000110011000000111110000000001100000000011000000000100000000011000000000110000
0000000000000000000000000111111100110000001001000001110011111111000000000100000000011000000000100000000011000000000100000
0000000000000000000000000011100000000101100000010001000000100110000001011000000000010000000000100000000011000000000100000
0000000000000000000000000001110000000100100000010001000000100110000001111000000000010000000000100000000010000000000100000
0000000000000000000000000111100000011111100000100011100001101111000001111100000000011000000000100000000011000000000110000
0000000000000000000000000110100000001001000000100001000001000110000001110100000000001000000000010000000000100000000001000
0000000000000000000000000001111000001110011000100001100011001111000011101100000000011000000000100000000011000000000110000
0000000000000011111000001111111000011000011000110111110001111111100000000011000000000110001100011000011111100000011110000
0000000000000001110000000111110000011101100000110011000001100110000001111100000011111000000000110000000001100000000001100
0000000000000000010000000011110000001100100000110011000001111110000000001000000000110000000001000000000110000000000100000
0000000000000000000000000011111000001111100000010011000001111110000001101000000000010000000000100000000010000000000100000
0000000000000000000000000111110000011101110000111111100000000011000000000110000000011000000001110000000111000000011100000
0000000000000000110000000011111000001100011000011111100000011110000000011100000000110000000011000000001100000000111000000
0000000000000000010000001111111000111111110001110001100011111111000011111110000000011100000000111000000001110000000011000
0000000000000000000000000111100000001001100000111111000000111110000000001100000000011000000000110000000001100000000011000
0000000000000000000000000011111000001100010000110001100001000010000110001100000100110000001111100000000010000000000100000
0000000000000000000000000001110000000111110000010001000000111100000001111000000001100000000010000000001100000000010000000
0000000000000001000000001111110000110000100000100000000001100010000000111110000000001000000000011000000000110000000001100
0000000000000011100000001111110000111001110001100011100011111111000011110110000000001100000000011000000000110000000001100
0000000000000000010000000011001000001100110000011001000000011110000000011000000000110000000011000000001100000000011000000
0000000000000000000000000001110000000110100000011001000000100110000011111100000010010000000000100000000001000000000010000
0000000000000000001000001111110000011001100000110011000001101110000001111110000000011100000000111000000001110000000011100
0000000000000000000000000011111000011111110001100111100011111011000110000110000000001000000000010000000001100000000011000
0000000000000000100000001110110000010000100001000001100001111110000000000100000000001000000000010000000001100000000011000
0000000000000000110000000011110000001100110000011011100000111110000000001100000000110000000001100000000110000000001100000
0000000000000000000000000011111000001111111000110000110001110011100001111110000000111000000001100000000110000000001100000
0000000000000000001000000001111000001110110000010001100001000110000011111100000011110000000001100000000010000000001100000
0000000000000000000000000001111000001110000000110000100011001111000011111100000000110000000001000000000110000000001100000
0000000000000000010000000111110000011000100000110001100000111111000000111100000000011000000001110000000011000000001100000
0000000000000000000000000011100000001011100000011100000000010100000000001000000000110000000001000000000010000000000100000
0000000000000000000000000000111000001111110000110011100001111110000011101100000000110000000001100000000110000000011000000
0000000000000000000000011111110000111111110001100001110011111111100011111111000000001100000000011000000000110000000001100
0000000000000000000000000110100000010001000000100011000001110100000000001000000000010000000000100000000001000000000011000
0000000000000000000000000000111000000111110000010001000001100110000001111000000000110000000001000000000100000000011000000
0000000000000000100000000011110000001000100000010011000000111110000000101100000000010000000000100000000001000000000110000
0000000000000000000000000001100000000111100000011011000000111110000001100100000000001000000000110000000001100000000011000
0000000000000000000000000011111000001100010000010001000000100110000001111000000000110000000001000000000110000000001000000
0000000000000000000000000001111000001100010000010000000001000111000001110100000000011000000000100000000010000000000100000
0000000000000000000000000001111100001111011000011001110000011111000000001100000000110000000011000000001100000000110000000
0000000000000001100000001111100000010000100000100001000001000010000010001100000011111000000000010000000000100000000001100
0000000000000000010000000001110000000100100000011111000000011110000000001000000000110000000001000000000110000000001100000
0000000000000000010000000011110000000100100000010001000000100110000001011000000001110000000000100000000001000000000010000
0000000000000000000000000011110000001101100000010011000000101100000001111000000000110000000001100000000011000000000100000
0000000000000000010000000011111000001100010000110001100001000110000001111100000000010000000001100000000010000000000100000
0000000000000000000000000001111000000101110000010011000001000100000010111000000110010000000001100000000011000000000110000
0000000000000001000000000111100000001001000000010001000000111110000001111100000000011000000000100000000011000000000110000
0000000000000000000000000111100000111111110011000011100110011011000111000110000000000100000000001000000000010000000000100
0000000000000001000000000111000000011011000000110110000000111100000000101000000000011000000000110000000001100000000011000
0000000000000000010000000001111000000100110000001011000000011110000000011000000000110000000011000000000100000000011000000
0000000000000000110000000110110000001000100000010001000000111110000000010100000000001000000000010000000001100000000110000
0000000000000000000000000001110000000100010000010001100001011110000001101100000000010000000000100000000010000000000100000
0000000000000000010000000001110000000110000000011000000000100011000001111100000001001000000000110000000011000000000100000
0000000000000000010000000001010000000100100000010011000000111100000000001000000000010000000001100000000010000000000100000
0000000000000000000000000011110000001100010000010000100000100110000000111000000000110000000001000000000100000000011000000
0000000000000000100000000111110000001001100000010011000000101110000001111100000001101000000000110000000001100000000011000
0000000000000000000000000001100000000111000000011011000000111110000001101000000000010000000000100000000001000000000010000
0000000000000000000010000000111100001111001000111000110001101111000011111100000010011000000011100000000110000000011000000
0000000000000000010000000001010000001000100000010011000000101110000000101000000000010000000000000000000010000000000100000
0000000000000011000000001111011000011000110000110011100001101110000011111100000011111000000000110000000001100000000011000
0000000000000000110000000110110000001000000000100001100001000111000011110100000010001000000000110000000001100000000010000
0000000000000000100000000010100000001000100000010001000000110110000000111100000000001000000000010000000000100000000001000
0000000000000001100000000110100000011001100000110011000001000110000011011100000011111000000000110000000000100000000001000
0000000000000000000000000000111000000010010000001011100000010010000000001000000000110000000011000000000100000000010000000
0000000000000000011100000111111100011111111001111000110011100011100111111110001111111100000000011000000001110000000001100
0000000000000000100000000011100000001001100000010111000000111110000000001000000000010000000000100000000011000000000010000
0000000000000000010000000011110000001100000000010001000001101110000001111100000000011000000000110000000001100000000011000
0000000000000000000000000001110000001111110000011011000001101110000011111100000011111000000001100000000011000000000110000
0000000000000000011000000011111000001110110000010011100000111110000001111000000001110000000011000000001110000000011000000
0000000000000000000000001111100000111011100001100001100001110111000000111100000000011000000000110000000000100000000001000
0000000000000011111000000111110000001001100000010111000000111110000000000110001100001100001100011000001100110000000111100
0000000000000000110000000111111000001100110000010011100000111110000000011000000000110000000011000000000110000000011000000
0000000000000000100000000111100000001001000000010010000000111100000000101000000000010000000000100000000001000000000010000
0000000000000000000000000011111000001000111000100011000000111110000000001000000000010000000001000000000110000000001000000
0000000000000000010000000001110000001110100000011000100000111111000001111110000000011000000001100000000011000000001100000
0000000000000000000000000001111000001110010000010000100001101111000001111100000000110000000011000000000110000000011000000
0000000000000000000000000111000000011111000000110011000000101110000001011100000011101100000000011000000000100000000001000
0000000000000000000000000011100000001111110000110011100001111111000011111100000100011000000000100000000011000000000100000
0000000000000000000000000111000000011110000001100011100011000111100111111011000111000011000000000110000000001100000000001
0000000000000000000000000011100000001100100000010011000001111110000001101100000000010000000001100000000011000000000100000
0000000000000000011100000001111000000110110000011011100000111110000000011000000001100000000011000000001100000000110000000
0000000000000000000000000011100000011000100000100001000011000110000011111100000000011000000000010000000000100000000001000
0000000000000000111000000011011000001000010000100000100001000011000010001100000111111000000000110000000001000000000110000
0000000000000000001000000000110000000011100000001111100000011110000000001100000000110000000011000000000110000000011000000
0000000000000000110000000010010000001000100000010001000001000110000001001000000011110000000000100000000001000000000010000
0000000000000000010000000011110000001000110000010001100001100110000001111100000001110000000001100000000010000000000100000
0000000000000000000000000011100000001101000000010010000000100110000000111100000000010000000000100000000001000000000010000
0000000000000000111000000011110000001101100000011111000000011110000000001100000000011000000000110000001111100000001110000
0000000000000000000000000001110000000110110000011011000000101110000011111100000000010000000000100000000011000000000110000
0000000000000000000000000111110000011111100000110011100001111110000011111100000000011000000000110000000001100000000110000
0000000000000000011000000001110000000110110000011001100001100111000011111100000011111000000001100000000011000000000110000
0000000000000000011100000001110000000110100000011111000000111110000000111000000001110000000111000000001100000000110000000
0000000000000000000000001111110000111111110011100001110111011111101111111111001111101110000000011100000000110000000001100
0000000000000000100000000010110000001001100000010011000000100100000001110000000000010000000000100000000001000000000010000
0000000000000000010000000001110000000100000000011010000000101100000001101000000000010000000001100000000010000000000100000
0000000000000000000000000111110000111111110001111111000001111111000000011110000000001100000000011000000001110000000011000
0000000000000000010000000111110000001000100000100000100001000011000011001100000011111000000000100000000001000000000010000
0000000000000000000000000011110000001000100000100011000001101100000001111000000000010000000000100000000011000000000110000
0000000000000000010000000011100000000100100000010001100001100110000011111100000000011000000000100000000001000000000110000
0000000000000000011000000011110000000100000000011001100000100010000000111000000000110000000001000000000110000000001000000
0000000000000000000000000111100000011101100000110011000001100110000001001110000011111100000010001000000000010000000000100
0000000000000000000000011111100000011111100000111111000001111111100000111111000000011100000000110000000001100000000011000
0000000000000000000000000001110000001100110000011111100000000010000000001100000000010000000001100000000110000000001100000
0000000000000000011000000011011000001000000000110001000001101110000000101100000000010000000001100000000011000000000110000
0000000000000000011100000011111000001100110000111111100000110110000000011100000001110000000111000000001100000000110000000
0000000000000001000000000111110000011001100000110011000000111110000000001100000000011000000000110000000001100000000011000
0000000000000000010000000011110000001100100000110001000001100110000001111100000000010000000000110000000001100000000001000
0000000000000000000000000001111000000110111000011001100001100011000011111100000011110000000001100000000010000000001100000
0000000000000000000000000001111000000110000000011001000000111110000000111100000000010000000001000000000110000000011000000
0000000000000000100000000111100000001000100000010001000000100110000001001100000001101000000000010000000000100000000001000
0000000000000000000000000001100000000111000000011110000001111110000001001100000000010000000000100000000001000000000010000
0000000000000000000000000111110000011000010000100001100001111111000001100100000000011000000000100000000011000000000100000
0000000000000000100000000011100000001111100000011111000001101100000011111100000000011000000000110000000001100000000011000
0000000000000000011000000011111000001100110000010001100000111111000000011100000000110000000001100000000110000000001100000
0000000000000000000000000001111000000110011000011000110001100011000011111100000001110000000011000000000110000000011000000
0000000000000000010000000010010000001000000000010000100001000010000010001100000110101000000000010000000000100000000011000
0000000000000000100000000010000000000001000000000010000000010100000000111000000000010000000000100000000001000000000010000
0000000000000000010000000011110000001000100000110001000001000010000001001100000011110000000000100000000001000000000010000
0000000000000000000000000011010000001000110000010001000001000110000001111000000000010000000001000000000010000000001100000
0000000000000000110000000011110000001110010000110000110001100110000001111100000000111000000001100000000011000000000100000
0000000000000000001000000001111000000111110000011101100000110111000001111100000001111000000001100000000011000000001100000
0000000000000000100000000011100000001001100000010011000000100110000001001100000011110000000000100000000001000000000010000
0000000000000000010000000011110000001100110000011001100000111110000000111100000000110000000001000000000110000000011000000
0000000000000000010000000011110000001000110000010001100000100010000000111100000000110000000001000000000100000000011000000
0000000000000000001000000011110000001100110000010011000001001110000011111100000000010000000001100000000110000000001100000
0000000000000001111100000110001100011000010000110001100000111111000000110010000000000100010000011000110001100000111110000
0000000000000000010000000011110000001100100000010011100000111010000000001100000000010000000001100000000010000000001000000
0000000000000000000000000000110000000110100000011011000001111110000001101000000000010000000000100000000011000000000100000
0000000000000000110000000010110000001000100000010001000001100110000001011100000011111000000000010000000001100000000010000
0000000000000000110000000111110000111000100001100001100011000111000111111110000011001100000000011000000000110000000000110
0000000000000000000010000000111100000111001000011001110001101110000011111000000100100000000011000000001100000000110000000
0000000000000000000000000011100000001100110000110011100001100110000011111100000011110000000001100000000011000000000100000
0000000000000000000000000001100000000110000000010011000000111010000000000100000000010000000000100000000001000000000010000
0000000000000000010000000011110000001101100000010111000000111110000001000100000000011000000000110000000001000000000010000
0000000000000000000000000001111000000110100000011011100000111110000000001000000000110000000011000000001100000000110000000
0000000000000000010000000011100000001101000000011111000000000110000000001000000000110000000001000000000010000000001100000
0000000000000000001000000011111000000100000000010001000000100110000001111100000000010000000001000000000010000000001000000
0000000000000000000000000000110000000010000000001000000000010010000000001000000001110000000001000000000010000000000100000
0000000000000000000100000000111100000110011000011001100000111111000000011100000001110000000111000000011100000000110000000
0000000000000000100000000011110000001000100000010001000000101110000001111100000000010000000000100000000011000000000100000
0000000000000000001000000001111000000111110000011001100000111111000000111100000001110000000011000000001100000000110000000
0000000000000001000000001111100000110001100000111111100000111111000000001100000000011000000000110000000011000000001110000
0000000000000000011000000011110000001100100000010011000000101110000001111100000011011000000000100000000011000000000110000
0000000000000000000000001111110000111111100001100011000011011110000111111100000000001000000000011000000000110000000001110
0000000000000000110000000011110000001100110000110011000000111110000000001100000000010000000001100000000011100000000111000
0000000000000000000000000111100000001111100000110011100000111110000000111100000000011000000001100000000011000000001100000
0000000000000000000000000001110000000100010000010001100000110110000000111100000000010000000000100000000010000000000100000
0000000000000000000000000011100000001101110000100111100011001110000011110100000000011000000000100000000001000000000110000
0000000000000000000000000011100000011001000000100010000001111100000001111000000000011000000000110000000001100000000011000
0000000000000000000000000001111000001110110000110001100001101111000011110110000000001000000000010000000001100000000010000
0000000000000000000000000011110000001100010001100000111010000011100100000111001100110100000110001000000000010000000000100
0000000000000000000000000011100000011001000000100010000001111100000001111000000000011000000000110000000001100000000011000
0000000000000000100000000011100000001001110000010011100000101010000001100100000000010000000000100000000011000000000100000
0000000000000000000000000000111000000110110000010001000001101110000001111100000000010000000001100000000010000000001100000
0000000000000000100000000011110000001100110000010001100000100111000001111100000001111000000001100000000011000000000100000
0000000000000000011000000001110000000110100000001011000000011110000000111000000000100000000001100000000111000000001100000
0000000000000000110000000011111000001100010000010001100000100110000001111100000001010000000001100000000010000000000100000
0000000000000000000000000111110000011000000000100011000001111110000000000100000000001000000000010000000000100000000001000
0000000000000000111000000011111000001001000000011110000000001100000000010000100001000000000010000000001100000100010000001
0000000000000000000000000000110000001111111000100001100001111110000000001100000000010000000001100000000010000000001100000
0000000000000000011000000001110000001100110000010001100001111111000001101100000000010000000001100000000010000000001100000
0000000000000000001000000011111000001110011000111111100000111111000000011100000001110000000111000000011110000000111000000
0000000000000000011000000001110000000110110000011001100001100111000011111100000011111000000001100000000011000000000110000
0000000000000000000000000000011100011111111011110000110100000001101111111111000110000010000000000100000000001000000000010
0000000000000000000000000011110000011000110000100011100001111110000000001100000000010000000001100000000010000000001100000
0000000000000000000000000011110000001100110000110111000001111100000001101100000000011000000000110000000000100000000011000
0000000000000000111100000111001100010000011000111111110000111110000000011100000000110000000011000000001110000000011000000
0000000000000000010000000011110000001111110000111011100001111110000001111100000000011000000000110000000001100000000011000
0000000000000000000000000011111000011110010001000000100011000111000011111010000000000100000000001000000000110000000001100
0000000000000000010000000111110000011100110000110000100001100111000001111110000000011000000000110000000011000000000100000
0000000000000000000000000011100000001001010000100011100001000110000010011000000011010000000000100000000001000000000010000
0000000000000000001000000011111000001100110000100011100001001110000011101100000000010000000001100000000010000000001100000
0000000000000000110000000100010000010000010000100001100001001110000001000100000000001000000000010000000001100000000011000
0000000000000000000000000011110000001100100000010011000000101100000001111000000000110000000001100000000010000000000100000
0000000000000000000000000111111000011000001001100000000010000001100111011111000111111100000000010000000001100000000010000
0000000000000000000000000001110000000100000000001000000000000100000000001000000000000000000001000000000010000000001000000
0000000000000000010000000011101000001000110000010011000000111100000000001000000000110000000001100000000010000000001100000
0000000000000000000000000011110010011100011100110011110001111111000000001100000000110000000011000000000110000000011000000
0000000000000000001000000011111000000111100000011011100000111110000001111100000000111000000001100000000011000000001100000
0000000000000000000000000011110000001111100000011011100000111110000000001000000000110000000001100000000110000000001000000
0000000000000000000000000011110000011000100001100011000001111110000000000100000000001000000000010000000000100000000001000
0000000000000000000000000000111000000110100000011001000000101110000001111000000000100000000001000000000100000000001000000
0000000000000000000000000111100000011001100000100001000001111110000001111100000000001000000000010000000001100000000001000
0000000000000000000000000111110000011000110000100001100001100111000001111100000000010000000001100000000010000000001000000
0000000000000000000000000001100000000101010000010001000000111100000000111000000000100000000001000000000110000000001000000
0000000000000000100000000111110000011001100000100001000011000010000011100110000011111100000000001000000000011000000000110
0000000000000000000000000011111000001110000001100000111110000111100111111110000000011000000001100000000110000000011000000
0000000000000001100000001111110000111111100001110100111111000001110110000111001111111110001111111000000000110000000001110
0000000000000000000000000000111100000111000000011001000001000110000011111100000110110000000011000000000100000000010000000
0000000000000001110000000111111000001100110000111001100000111111000000111110000000001100000100111000011111100000110000000
0000000000000000000000000011101000001100110000010011000000111110000000001000000000110000000001000000000010000000001100000
0000000000000000100000000101110000011000000000011111000000000110000000001000000000110000000001100000000010000000000100000
0000000000000000110000000011110000001100110000010001000000111110000001111100000000010000000000100000000001000000000110000
0000000000000000010000000001111000000100000000001000000000110110000000111000000000110000000001000000000010000000000100000
0000000000000000000000000000110000000110010000010011100000111110000000001000000000110000000001000000000010000000001000000
0000000000000000000000000001110000000111100000001011000000011110000000001000000000010000000001100000000010000000001100000
0000000000000000000000000011110000001100000000100000110001111111100000000110000000011000000001100000000110000000011000000
0000000000000000000000000001110000000110000000001011000000111010000000001100000000010000000001000000000010000000001000000
0000000000000001111000001111111000110000011011000001111011111110110001110001100000000110000100001100011111110000001110000
0000000000000000000000000000011100000011001000001101110000111111000000001000000001100000000110000000010000000001000000000
0000000000000000100000000011110000001000100000110001000001100010000001111100000001111000000000010000000000100000000001000
0000000000000000000000000001111000001110111000110001100001111110000001111100000000110000000001100000000110000000001100000
0000000000000000000000000001110000000100110000010001100001001110000011111100000000010000000000100000000010000000000100000
0000000000000000000000000111100000011101100000100011000001111010000000000100000000001000000000100000000001000000000110000
0000000000000000000000000001100000000111100000001000100000100110000001111100000000010000000000100000000010000000000100000
0000000000000000000000000001110000001110010000111001100001100010000011111100000010010000000000100000000001000000000110000
0000000000000000000000000000111100000011111000011001100001101110000011111000000000110000000001000000000100000000011000000
0000000000000000000000000011111000011000011000100000000000110011000000111100000000110000000001000000000100000000011000000
0000000000000000000000000011110000001111100000111011100001101111000111111110000111001100000000011000000000110000000000100
0000000000000000000000000001110000000111010000011001100000110111000001111100000001111000000001100000000011000000000110000
0000000000000001100000000111100000001100100000010001000000000010000001000100000011111000000000110000000001000000000010000
0000000000000000100000000011111000001100000000110001100001100110000001111100000000110000000001100000000110000000001100000
0000000000000000010000000011110000000100100000011111000000010110000000001000000000110000000001000000000110000000001000000
0000000000000000110000000111110000011000000001000001000010000111000011110110000000001000000000010000000000100000000011000
0000000000000001100000000110100000001001010000110011100001000111000010011010000111100100000100011000000000100000000001100
0000000000000000000000000001111000000111110000011001000000101110000001111100000001010000000000100000000001000000000010000
0000000000000000000000000001111000000111110000010001100000111110000000011000000000110000000001000000000110000000001000000
0000000000000001000000000100010000011000110001100001100011000110000011111100000011111000000000110000000000100000000001100
0000000000000000000000000111000000011111000000110111000011001111000011111110000010001100000000011000000000110000000001100
0000000000000000010000000001111000000110110000011011000000111110000000001000000000010000000001100000000010000000000110000
0000000000000000000000000011110000001100100000110111000001111010000000001100000000010000000001100000000010000000000100000
0000000000000000010000000011110000001100110000011001000000011110000000001100000000110000000011000000000100000000011000000
0000000000000000100000000011100000001001100000010011000000111110000000001100000000011000000000100000000001100000000011000
0000000000000000000000000001110000000110000000010001000000100110000001011000000001110000000001000000000010000000000100000
0000000000000000010000000011010000011000010000100001100010000011000100001000001101101000000000010000000000100000000001100
0000000000000000010000000001100000000101100000010010000000101100000001101000000000010000000001000000000010000000000100000
0000000000000000000000000000110000000111100000011011000000111100000000111000000000010000000001000000000010000000000100000
0000000000000001110000000111100000010001000000000011000010000010000100100100001100001100000000001000000000011000000000010
0000000000000000001000000001111000000110010000001001100000111110000001111100000000110000000011000000001100000000110000000
0000000000000001110000000110010000001100100000001111000000000010000000001100000000011000000100100000001011000000011100000
0000000000000000000000000011110000001101100000010010000000100100000001111000000000010000000001100000000011000000000100000
0000000000000000111000000111110000011000100000110001110001000011000010001110000111111000000010110000000001100000000010000
0000000000000000000000000111100000011111000001000011100011000110000011111100000000001000000000010000000000100000000001000
0000000000000000000000000111111000011111110000110000100001000011000011111100000111111000000000100000000001000000000110000
0000000000000000000000000000001000001111110000110011000000111110000000001000000000010000000001100000000010000000001000000
0000000000000000000000000011100000001001100000010011000000100100000001111000000000010000000000100000000001100000000001000
0000000000000000001000000001101000000100011000010001100001000110000011111100000000110000000001000000000110000000001000000
0000000000000000000000000011111100011000001000100000110001000011000011111100000000011000000001100000000011000000001100000
0000000000000011000000001000000000010001100001100011100011001001000011110010000010000110000000000100000000001000000000011
0000000000000000000000000011110000001100010000010000100000111110000000000100000000010000000000100000000010000000000100000
0000000000000000100000000010110000001000100000010001000000100110000001111100000000001000000000010000000000100000000001000
0000000000000000000000000000001000001111110000110011000000111110000000001000000000010000000001100000000010000000001000000
0000000000000000110000000111110000011011100000100011100001111111000000111100000000111000000001100000000111000000001100000
0000000000000001100000000111110000011000110001100001100011000111000011111110000001001100000000011000000000100000000011000
0000000000000001100000000111100000010001100000100001000001000110000010001100000111101000000000010000000000100000000001000
0000000000000000000000001111000000011011110001100011100011001110000111110100000110001100000000011000000000110000000000100
0000000000000000010000000111111000011100110000110011100001111111000001101100000000011000000001110000000011000000000110000
0000000000000001110000000111100000001011000000011110000000000100000000001100000000001000000000010000000110100000000111000
0000000000000000010000000000110000001111100000011111000001110110000011001100000011111000000011110000000001000000000010000
0000000000000000000100000001111110001100000100010000000000011110000000001000000000100000000011000000001000000000100000000
0000000000000000110000000111110000011101110000110001100001100011000011111110000011111000000000110000000001100000000011000
0000000000000000000000000011100000000101000000011010000000010100000000111000000000010000000000100000000001000000000010000
0000000000000000011000000001111000000110010000011000100000100111000011001100000011111000000001100000000011000000001100000
0000000000000000010000000111110000011110110000111111110001111111000000001110000000111000000011110000000111000000001100000
0000000000000000011000000111111000011111110000110001100001100111000011111110000011111100000000111000000001110000000001100
0000000000000000100000000011100000001001100000010011000000100110000001001100000011110000000000100000000001000000000010000
0000000000000000010000000011110000001101100000110011000001101110000011111100000000011000000000110000000001100000000001000
0000000000000001111000000111010000011000000000110011000011100110000011111110000011001100000000011000000000110000000001000
0000000000000000100000000011100000001101000000011110000000011110000000000100000000011000000000110000000001000000000110000
0000000000000000010000000011010000001100110000010001100001000110000011111000000000010000000001000000000010000000000100000
0000000000000000000000000000111100001111111000110011100001111110000001111100000000110000000011000000001100000000011000000
0000000000000000001000000001010000000100100000001001000000010110000000111000000000110000000001000000000110000000001100000
0000000000000111100000011111100000110011000001100010000001000101000011101110000011111110000000001100000000001100000000011
0000000000000000001100000011111100001100001000100000110001000111000001111100000000010000000001100000000110000000011000000
0000000000000000000000000011110000001111100000110011000001001110000011111100000000011000000000110000000001100000000011000
0000000000000000000000001111100000110001111001000011110011000111000111111100000000011000000000110000000001100000000011000
0000000000000000000000000011111000001110110000110011100000111110000000001100000000011000000000110000000011000000000110000
0000000000000000100000000011100000000111000000011111000000010100000000001000000000010000000001100000001110000000001100000
0000000000000000000000000011111100011100011001110000110011000011000111111100000011111000000000110000000001100000000011000
0000000000000000000000000000110000001111100000111111000001111110000000111100000000011000000000110000000001100000000011000
0000000000000000000000000011110000001100110000110001010001100110100001111100000000010000000001100000000010000000000100000
0000000000000000010000000001110000000100110000010001000000101110000000111000000000100000000010000000000100000000011000000
0000000000000000000000000000111000000110000000011001000001001111000011110100000000001000000000100000000001000000000000000
0000000000000000110000000111110000011000110001100001000010000011000111011100000011001100000000001000000000010000000000100
0000000000000000000000000001110000001111100000011111000001111110000011111100000011001000000000011000000000110000000001100
0000000000000000001100000000100000000110000000011001000000100100000001111000000000100000000010000000000100000000010000000
0000000000000000000000000001111000001110011000110000000011000010000110011100000111101000000000010000000000100000000010000
0000000000000000010000000001110000000101100000010011000000101110000000101100000000011000000000100000000001000000000010000
0000000000000000000000000111100000011011100000100001000001100010000001101100000000001000000000010000000000100000000011000
0000000000000010000000011111000000100011000001000111000011000110000011000100000000001100000000011000000000011000000000110
0000000000000000000000000111100000011111100000110001000001100010000011111110000001101100000000011000000000100000000001000
0000000000000000100000000011100000001100000000010011000000100110000000111100000000011000000000110000000001100000000011000
0000000000000000000000000011100000001100100000100001000001111110000001100100000000011000000000100000000001000000000010000
0000000000000000000000000011110000001101100000110111000001110110000000001100000000010000000001100000000010000000001100000
0000000000000000000000000011111000001110010000011011100000111111000000000110000000011000000001100000000110000000001100000
0000000000000000000000000011100000001111100000010011000001111110000001111000000000010000000000100000000000000000000001000
0000000000000000000000000011111000001100010000110000100001110111100001111110000000011000000000100000000011000000000100000
0000000000000000110000000010010000001100100000010111000000011110000000001000000000010000000000100000000101000000001110000
0000000000000000100000000011100000001001100000110011000001111110000000001000000000110000000001100000000011000000001100000
0000000000000000100000000111100000011001110000110001100001101111000011111100000000011000000000110000000001000000000110000
0000000000000000010000000011110000011100100000100011000011001110000011100100000000011000000000110000000001100000000011000
0000000000000000000000000001110000000100110000010001000000000010000010001100000011111000000000100000000001000000000010000
0000000000000000011000000011011000000100110000001111000000001110000000001000000000110000000011000000001100000000010000000
0000000000000000000000000111100000011111100000111111000000000110000000001100000000011000000000110000000001000000000010000
0000000000000000100000000011110000001000100000010001000001100110000001111100000000011000000000100000000001000000000010000
0000000000000000010000000001111000000110110000011011000000111110000000001000000000010000000001100000000010000000000110000
0000000000000000000000000001111000000110010000011001100000100110000001111100000000010000000001000000000010000000001000000
0000000000000000111000000001111000000100000000011011000001111110000011111100000010001000000000110000000001100000000010000
0000000000000000001000000001111000000010100000001001000000111110000000001000000000110000000001000000000110000000001000000
0000000000000000000000000011000000001111100000110111000011011011000111100110000000000110000000000110000000000100000000000
0000000000000000010000000001111000001100010000010011100001000110000010011100000101111000001110110000000001100000000010000
0000000000000000000000000011110000001100110000110011100001111110000001111100000000010000000000100000000010000000000100000
0000000000000001100000000100110000010000100000100001000001000010000010001000000011100000000000010000000000100000000001000
0000000000000000001000000001111000000110110000011111100000000110000000001100000000110000000011000000000110000000011000000
0000000000000000000000000011100000001101100000011010000000011100000000011000000000110000000001100000000011000000000110000
0000000000000000010000000011111000001100010000010001100000111110000000111000000000110000000001000000000110000000011000000
0000000000000000110000000011110000001111100000010011000000110110000001111100000001111000000000110000000001100000000011000
0000000000000000001000000001110000000111110000011011000000111110000000111000000000100000000011000000001100000000010000000
0000000000000000000000000001110000000100110000010011000001101110000001111000000000110000000001000000000010000000000100000
0000000000000000000000000010100000001000100000010001000000111110000000110100000000001000000000010000000000100000000001000
0000000000000000000000000001111000001110110000010001100000111110000001111000000000110000000001100000000010000000001100000
0000000000000000100000000111110000011000110000100011100001001110000011111100000011011000000000110000000000100000000001000
0000000000000000010000000011110000001110010000010001110000111111000000011100000000110000000011000000001100000000110000000
0000000000000000000010000000011100000011000000001001000000111110000000011000000001100000000011000000001100000000010000000
0000000000000000100000000111100000011001110000100001100011000111000011111110000011101100000000011000000000010000000000100
0000000000000000010000000001110000001100110000011111000000011110000000001000000000110000000011000000000100000000011000000
0000000000000000000000000001111000000110010000011001100000111110000000111000000000100000000011000000001100000000110000000
0000000000000000001100000001111100001110011000010001110001100011000011111100000011110000000011000000001100000000110000000
