0000000110000000011100000001101000000110010000011000100000110011000011000110000110001100001101110000001111000000000000000
0000110000000011111000000110011000011000011000110000110011100000100110000001101100000111011111111110011111110000000000000
0000000000000000111000000001011000000000010000000000110010000001101100000010001000001100011000100000011111000000000000000
0000000000000001111000000111111000011100110000110001100001100001000011000011000110001110001111111000001111110000001111000
0000001000000001111100001111001100011100001001100000011011000000110110000001101100000111001000111100011111110000000000000
0000000000000001111100000110011100011000001001100000011011000000110100000001101000000111001100011100001111100000000000000
0000011000000001110000000011110000001110110000111001100001100001000011000011000110001110001111111000011111100000001100000
0000010000000001110000000100101000011001110000100000110001000000100010000001000110000010000100001000000111110000000010000
0000000000000000111000000001111000000111011000011000110001100001100011000110001100011100010001110000111111000000010000000
0000001000000001111000000110001000001100010000110000100001000001100010000011000100000100001100111000001111100000001000000
0000000000000001110000000111111000011100111001110000111011000000110110000001101111011110011111111100000111000000000000000
0000001100000000110000000010000000001000000000110000001001000000010010000000100100000001001100000100001111100000000000000
0000000000000000011110000001111100000110001100011000011011100001100110000110011000011000011111100000011000000000000000000
0000001100000000111000000011011000001100110000010000110001100001100010000010001100011100011111110000011111000000000000000
0000000000000000001000000001110000000111111000111001111001100000010110000001101000000110011111111000001000000000000000000
0000011000000001101000000010000000000100010000010000000000100001000001000010000011001100000010010000000111000000000000000
0000001000000000111000000001010000000100100000011001000000100010000001000100000010001000000100100000001111000000000000000
0000000000000001111000000110011000011100010000110000110001000001100010000011000100000110001100011100001111110000000000000
0000000000000000111100000111001000011000011001100000010011000000111100000001111000000110011010111000011111000000000000000
0000000000000001111100000011001000001100010000010000100000100001000001000010000010001000000100010000001001000000001110000
0000000000000000111100000011101100001110001000010000010001100000100010000010000100000100001000110000010011000000111100000
0000000000000001111000000111011000001100010000110000100001100001100011000011000110000100000100011000001101110000001111000
0000000000000000110000000011010000001100010000010000100001100001000010000010000100001000001000110000011011000000011000000
0000000000000011000000001101111100011100001100110000001001100000110010000011100100001110001100111000011111000000011000000
0000000000000000111100000011111100001111011000111100110001100001100011000011000110001100001100110000011111000000001100000
0000000000000011110000000111100000001000100000010000100001000001100010000011000100000100001100011000001111100000001100000
0000001100000011011100001110111100011100111001110000110011000001100110000111001100001110011000111000111111110000111111000
0000000100000000111100000111111000011110111000110001010011100000111110000011111000011110011111111000111111100000011000000
0000001000000001101000000110001000011000011000110000010001100000100010000001000100000010001000001100001101110000000100000
0000000000000001110000001111111000011111111001100000111011000000110100000000101100000011001000001100011101110000001110000
0000000000000000110000000011100000000100100000011001100000100001000001000010000010000100000100011000001111100000001100000
0000000000000001110000000111110000001100110000011000100000100001000001000010000011000100000111011000000011110000000001000
0000000010000000001100000001111100000011111000001110110000110011000011100110001110111000011111100000111100000000000000000
0000100000000011110000001111111000111011111001100000011011000000110110000000101100000001001100000100001111111000000111000
0000000000000000011100000001111100000110001100011000001001100000010110000011001100001100011111100000011100000000000000000
0000000000000000111100000011111100001111111100111100011001101000110111000001101110000110011101111000111111000000111000000
0000000000000001111000000110001000001000010000010000100000100001000010000010000110000100000100011000001111100000000000000
0000100000000001110000000111110000001001100000010001100000100001100011000011000110000110000100001000001111100000001110000
0000000000000001100010000111100100011001101000100001110001000011100010000110000100001100001100110000011111100000011100000
0000000000000000011111000001111110000110001100011000010001100001100111000110001100011000011011100000111110000000110000000
0000001000000000111000000011110000001111100000010001100001100001000011000010000110001100001100111000001111100000000100000
0000000000000000011000000001111000000110010000011000100000100001000001000010000110001100000100110000001111000000001000000
0000000000000000100000000011110000001110110000111000110001100001100011000011000110001100001111110000001110000000000000000
0000000000000000111000000010001000001000010000010000000000100001000011000010000010000100000100010000001111000000000000000
0000000010000000011110000001110110001110000100111000001001100000110110000011001100001100011001110000011110000000000000000
0000000000000001110100000100000100010000000000100000000001000000100010000001000100000000000100001000000111100000000100000
0000100000000011110000001100111000010000011001000000010010000000111100000001101000000010011000001100011111110000000000000
0000011100000011111110001110001110110000001101010000011001100000110110000001101100000110011000111000111111100000011000000
0000000000000000111100000011111000000111010000011100110000110001000011000010000111001100001100111000001111100000001100000
0000000110000000011110000001111100000111011000011100110001110001000011000110001100011100011001110000111110000000110000000
0000000000000000011110000001111110000111101100011100110001110001100111000110011101111000111111100000111100000000000000000
0000000000000000000000000000100000011111111001100000001011000000010110000000100010000011000011111000000000000000000000000
0000000000000001111000000111111000011110111000111110111011000001110110000011111100000110011111111000011111100000000000000
0000001110000000011100000011111100001110011000111000110001100000110110000011001000000110110000011000111111100000010000000
0000000000000000111000000001110000000100100000001001000000110010000001100100000010001000000110110000000111000000000100000
0000000000000000111100000011111100001111001000111000010011100000100110000001101100000110001111111100011111110000000000000
0000000000000000111100000111011100011000011001100000010010000000110100000001101000000010010000001000110001110000111110000
0000011000000001110000000111100000001001100000010001000001000010000010000110000110001100000100010000001111100000001100000
0000011000000011111100001100001100010000001000100000010001000000100010000001000110000010000110001100001111110000000110000
0000011000000011111100001100001100010000001001100000010010000000110100000001001100000010001000011100001111110000000100000
0000000000000000011100000001100000001111111000111011110011100000110100000001001000000110011000001100011111100000000000000
0000000000000001111110000111111110011110001100110000011011100000110110000011101111111110011111111000011111100000000000000
0000000000000000111100000011111100001111001000110100010001101000100011000011000100001100001001110000011111000000111000000
0000000110000000111100000011111000001110110000011001100001100011000011000110000110001100001101110000011111000000011000000
0000000000000000111000000011110000000100100000011001100000100011000001000110000110001000000100010000001101100000001110000
0000000000000001111110000111111100001111011100111000111001100001100111000011001100001110011100111000011111100000111110000
0000001000000000111000000011010000000110110000001000100000010001000001100110000011001000000110110000001111000000001000000
0000000000000000011100000011111100001100001100110000011011000000100100000011011000001100011111110000011100000000000000000
0000000000000001111000000111111000001100110000110000100001100001000011000010001100000100001100011000011001100000011111000
0000000000000000111100000011111000000110010000011000100000110001000001100110000110011000001111110000001111000000011100000
0000010000000001110000000110110000001100110000010000100000100001000001000010000010000100000100011000001111100000001100000
0000111000000001111100000011011000000110011000011000110000110001100011000111000110011100001111111000011111000000000000000
0000000000000000000000000000000000000011111000011000010001100000100110001110001111110000000000000000000000000000000000000
0000000000000000010000000001111110000110001100011000011001100001100110000110001100011000011011100000011100000000000000000
0000000000000001100000000111111000010110011000100000010001000000100010000011000100000100000100011000001101100000001110000
0000000000000000100000000001001000000110001100001000001000110000110011000111001100111000011111000000110000000000000000000
0000010000000001110000000100110000001001100000100000100001000000100010000001000110000010000100000100000110110000000111000
0000000000000000011110000001111100000110001000011000010000110001100011000010000110001100001100110000011111000000111100000
0000000000000000001100000000111000000011110000001111100000110011100011000010000110001000011101110000111110000000100000000
0000000100000000011100000001111000000110110000011000100000100011000011000110000100011000001001100000011110000000010000000
0000000000000000011110000011111100001111001000011000010001100001100011000010000100001100001000110000011111000000111000000
0000010000000001110000000111110000001101100000011001100001100011000011000110000110001100001100011000001111100000001100000
0000000000000000111000000111111100011101111100100011000011000011000110000011001100000110011111001100011111111000000000000
0000000000000001110000000010010000001100000000010000100000100001000001000010000010000100000010010000000111100000000000000
0000010000000011111000000111111000011111111001111001110011100001101110000111011111111110011111111100111111100000011000000
0000000000000011111000001011101100000110011000011000010001110000100011000011001100000100011000111000111111100000011000000
0000000100000000011100000011111100001110011000111000110001100000100110000011001100001110011101111000111111000000011000000
0000000000000000000110000000111110000011001000001110010000100001000011000100000100011000011001100000111110000001110000000
0000000000000000000000000111110000011100011000100000011010000000010100000000101000000010010000111000011110000000000000000
0000010000000001100100000111001100001100011000110000110001100001100010000011000100011100001111111000011111000000001000000
0000010000000001111100000011001100001100011100111000111001100001100011000111001110011100001111110000011111000000000000000
0000000000000011110000000111110000001100110000111000100001100001100011000001000110000011001100000100001110111000001111100
0000001000000000111100000011111100001110011000111000110001100001100111000111001100011100011111110000011111000000000000000
0000010000000001101100000111011100001100011000110000010001100001100111000011001100001100011100110000011111000000001000000
0000000000000001110000000110110000010000011001100000010010000000110100000000101100000011001110011100000111100000000000000
0000001000000001111100000011111000001100010000110000110011000001100100000011001000001110011001111000111111000000011000000
0000000110000000011110000001110110000110001100011100011001111000110011011011001100001100011011110000111110000000110000000
0000000000000000111100000111111100011000111100100000111011000000100100000011011000001100110001110000111110000000110000000
0000000000000001111100000110001100011000011000110000011011000000110110000001101100000010011000001100011000110000011111000
0000001000000001111100000111001100001100001000110000010011000000100100000001001000000110011000011000011111100000011100000
0000000100000000011100000001111100000111011000111000110011100001101110000011011100011110111111111000011110000000000000000
0000001000000000111000000011011000000110010000011000100000100001100011000010000110000100001100011000001111100000001100000
0000000000000000001100000001111100000111011000011100110001100001100110000110001000011100110011110001111110000000000000000
0000000100000000011100000001101000000110010000011000100000100001000011000010000100001100001000110000011111000000001100000
0000000000000000011100000111111100011000001100100000011011000000010100000001101000000010011000011000011111100000011000000
0000000010000000011110000001100100000100001000010000010001100000100010000011001100001100001000110000011111000000001000000
0000000000000000000000000001111100000111111000011000010001100001100110000111001111111100011111000000000000000000000000000
0000000000000001011100000011001000001100010000011000100000100001000001000010000100001000001000100000010010000000011000000
0000000100000000011100000001100100000011001000001100010000110001100011000010000100001100001001110000011110000000010000000
0000000100000000011100000111101100011010011000110000010001100001100011000011000110001100001100010000001111100000001110000
0000000000000000111110000011101110001100001100110000011011100000110110000001101100000110011000011000111111100000111100000
0000011000000001100000000111111000011000011001000000010010000000111000000001110000000110011111111100011111100000000000000
0000000000000000000110000000111100000111001000011000010001100001100110000110001000011000110011100000111100000000000000000
0000000000000000111110000011111100000110011000011000110001100001100111000111001100111100111111110001111110000001110000000
0000000000000000111100000011101000001110001000011000010000100000100010000011000100001100001000110000011111000000001100000
0000000000000000111000000011111000000110011000011000110000110001100011000011000110001100001101110000001111000000001000000
0000000000000001111000000111011000001000010000110000110001000000100010000001000110000010000100001000001100110000001111000
0000000000000000111000000011111000001111111000110000010001100000100011000001000110000110001100001100001111110000001110000
0000000000000000000110000001111110001110000100111000011011000000100110000011001000001100010001110000111110000000000000000
0000000000000000001100000001111000000111110000001100100000110001000011000110000110001100001100110000011111000000000000000
0000000000000000111110000011101110001100001100110000001011000000110110000011001100001110011111110000011111000000000000000
0000000000000000000000000001100000001111110000100100011011000000010100000001101110011110000111100000000000000000000000000
0000000000000000000000000111111000011111111101110000111011000000110110000011101110000110001111111100001111110000000000000
0000000000000000110000000111111000001111111000111100110011101000110110011001101100001111011111111100111111000000000000000
0000001000000000111000000001110000000100010000011000100000100001000001000010000010000100000100001000001101100000000100000
0000000000000000111100000011111100000111101100011000011001100000110011000011001100000110011000111000111111100000111110000
0000000000000001111000000110011000001000011000110000010001100000100010000011000100001100001000110000011111000000001000000
0000000000000001110000000110010000011001111001100111111011000000110110000001101100000110001111111000001111100000000000000
0000000000000001111000000111001000011100011000110000010001100000100010000001000110000010001100001100001100110000001111000
0000000000000001110000000011110000000100110000011000100000110001000001000010000010001100000100011000001111100000011110000
0000000000000001110000000111111100001000001000110000010001000000100010000011001100000100001000110000011111000000011000000
0000001100000001111100001111111000011111111001111001110011000011100110000111001111111100011111111000011111100000001100000
0000000100000000111000000011111000001100110000010000100001100001000010000010000100001100001000110000011111000000001000000
0000000000000000000000000000011100000011111000001100010000110000100010000110001100011000011111000000110000000000000000000
0000000000000000111100000111011100011100001100100000011010000000110100000001011000011110111111110000111100000000000000000
0000000000000000000000000011011110001100010100110000001011000000100100000011001000001100010000110000111110000000000000000
0000000000000001110000000011110000000100110000011000100000110001000001000010000010000100000100111000001111100000000100000
0000000000000001111100000111111000001100011000011000010000100000100011000011000110000100001100111000001111100000001100000
0000010000000000110000000011100000000101100000011001000000100010000001000100000010001000000100110000001111000000001000000
0000000110000000111110000011101100001100011000110000110001100001100010000110001100011100001011110000011111000000011000000
0000000000000000111100000111111100001111001100111000001001100000110011000001100110000110001101111000011111100000111100000
0000110000000111111100000011111100001100111000110000110011100001100110000011001110000110011111111000011111100000001100000
0000000000000011110000000111110000001101110000010001100001100011000001000110000010001100000110011000001111110000001110000
0000000000000000000000000000011000001111111001111111110011000000111100000011001100001110011110110000000100000000000000000
0000000000000000111000000011110000000100100000011001000000100010000001000100000010011000000100100000001111000000001100000
0000000000000000110100000011000100001100001000010000010001000000100010000001000100000110001000011000011111000000001000000
0000000000000001110000000111111000011110110001000000110010000001100100000001001000000110011000011100011111110000001110000
0000011000000001111100000111111000011110111000111000110011100001100111000011001110001110011111111100011111100000001000000
0000000000000000001110000001111110000111111100011001110001100001100010000110001100011000010011100000111110000001110000000
0000000000000000000000000001000000001111111000110000011011000000110110000001101111111110001111111000000000000000000000000
0000000100000000111110000011111100001111111000011000110001110011000011000110000110011000011111100000011111000000011000000
0000011000000011111100001111111000011111111001111000010011100000110011100000100111000001001110000110001111111100001111000
0000000000000000000110000000101110000011000000000010001001111000100011000010001100001000011111000000000000000000000000000
0000000000000000001100000001111100001111111100111101111001110001110111000111001111111100011111100000011100000000000000000
0000000000000000110000000011110000000100100000011001000000100010000001000100000010001000000100110000000111000000000100000
0000000000000000011000000001111100001110011000110000011011000000110100000011011000011100010011110000111110000000000000000
0000000000000001111000000011011000001111110000011100100000110001000011000010000110001100001100110000011111000000011100000
0000000000000000110000000011111000000111010000001000100000110001000001100010000011001000000110110000000111000000001100000
0000001100000000011100000001111000000110110000001100100000110001000001000110000110001100001101110000011111000000000000000
0000000000000000011110000000111100000111010000011000110001100001100110000010001100001100010001110000111110000000110000000
0000000000000000110000000011100000001101110000011111100000110011000001100100000011011000000111110000000111000000001100000
0000000000000000011000000011001000001100010000011000100000100001000001000010000010001100000100010000001101100000001110000
0000010000000001111000000111111000011101111000110000110011000000110110000001101100000010011000011000011111100000011000000
0000000000000000001110000000111100000011111000011100110001100001100110000110001100011100010001110000111110000000010000000
0000000000000000111000000011111000001110110000110001100001100011100011000111000100001100001100111000011111100000001110000
0000001000000000111000000011001000001100010000011000110001100001100011000011000110001100001100110000011111100000001100000
0001000000000011110000001111110000111111110001110011110011100011100111000111101111100111001111111100001111111000000100000
0000000000000000011100000011110100001100001000110000010011000000100100000011011000000100010000011000100001100000111100000
0000000000000001100000001111111000110110001001000000011010000000110100000011001000000110011000011000011111100000001000000
0000000000000001111000001111111000111110111011110000110111000001101100000011101000000110011000011100011111110000001111000
0000000000000000111000000111111000001101111000110001011001000000010110000001101100000011011000000100011101100000000100000
0000000000000000000000000111110000011100011000111000010011000000010100000000101000000011011100111100001111000000000000000
0000000000000000111100000000001100011000000101100000001011000000010100000001001000000110011000110000001110000000000000000
0000000000000000111100000011111110001110001100111000011011111001110111100011001110001100011111110000011111000000000000000
0000001000000011111000000101011000001010010000101100110001010000100010000001000100000110001100001000001111110000000110000
0000000000000000110100000011100100001100001000010000010001100000100010000001000100000110001100011000001111100000001100000
0000011000000000111000000011010000001100010000011000110001100000110011000001100110000010001111111000001111100000000000000
0000000000000000111100000001111000000011110000001100100000110001000001000110000110001000001000110000011111000000111000000
0000000100000000011000000001111000000111011000001100110000110001100011100010000110001100001100110000011111000000010000000
0000000100000000011110000011111100001110001100011000011001100000110011000011001100001110011001110000111111000000110000000
0000000000000001100000000010000000001000010000010000010000100000100001000001000010000010000100001000000110110000000000000
0000001100000000111100000011111100001110011000111000011001110001100011000011001110001110011111111000011111100000011100000
0000000000000001111100000111111000001100011000011000110001100001100011000011000110001110001111111000001111110000011110000
0000010000000011111000001111111000011000011001110000011011000000110110000011101100000110011000011100011111100000001110000
0000000000000011111000011111111000110000011001000000010010000000110100000001101000000011011000000100011000011000011111100
0000000100000000011100000001111000001111010000011000000001100001000010000010001100001100011000110000011111000000011100000
0000000110000000011100000001111000001110111000111000110001100001100111000111001100011100011001110000111111000000110000000
0000000000000000000000000111010000011111011000100000011010000000010100000001001000001100011111100000000000000000000000000
0000000100000001111000000011110000001111110000011111100001111001100011111011000111011110001111111000001111100000001000000
0000001000000001111100000111111100011100111100111001111011100001100111000111001110011100011111110000111111100000111110000
0000011000000000111000000001111000000110010000011000100001100001000011000010000110001000001111110000001111100000000000000
0000000010000000011110000001111100000111110000011100100001110011000011000110000110111100001111110000011111000000000000000
0000000000000011111000001111111000011110011000111000010011010000110110000001101100000011001100000100011000011000011111100
0000011000000001111000000111111000001100110000010000110001100001100011000011000010000100001100011000001111100000001000000
0000111000000011111100001111111000011111111000111001110001110001100011100111100111111110001111111100001111110000001110000
0000010000000001000000000111110000001110100000010001100000100001000011000010000110000100000110001000001111110000000000000
0000000000000000000000000111111000011111111100110000111011100001110110000011101110111110011111111000011111000000000000000
0000000000000100011000011011111100111100011101000000011110000000111000000001001100011110011111111000011110000000000000000
0000000010000000011110000001110100000110001000001000110000110001000011000110001100011000010011000000111100000001000000000
0000000000000000011100000001111000000111110000011001100001100011000010000100001100001000011000110000010011000000111100000
0000000000000000001100000000111000000011100000001101100000011011000001100110000010011000001100100000011111000000011000000
0000000000000000011110000001111100000111011000001100110000110011100011100110000110011100001111110000011111000000010000000
0000000000000000111100000011001100011100011001110001110011000111100100000010001000001100011000110000011111100000011000000
0000001000000000110000000001100000000011100000001111000000010110000001101100000011111000000111100000001111000000000000000
0000000000000000000010000000111110000110110100011000000001100000100110000010001100011000011011100000011110000000000000000
0000000111000000011110000001110000000011000000001100000000110000100001100011000010001100000111110000001110000000001000000
0000000100000000011100000011111100001111111000111111110011111111111111111111111111111110111111111000111111000000000000000
0000000000000001110000000111110000011100110000110000100001110001100011000011000010000110000100001100001111110000000111000
0000000110000000111110000011111100001111111000111111110001111001100011000011001110111110011111111000011111100000111100000
0000000000000000111100000011001000001100011000010000110001100001100010000011001100000100011000011000011111100000001100000
0000000000000011110000000110011000011000010000110000110001000000100011000001000110000010000100001000001110110000001111000
0000000000000000001100000001111100000111111100011011111011100001100110000011001100000110011100011000011111100000001110000
0000000000000000001000000001111100000111001000011000011001100000100110000011001100011100011011100000111110000000000000000
0000000000000000111000000011111000011101111000110000111011000000110110000001101110001110001111111000001111100000000000000
0000000000000000111100000011111100000110001000011100010000110001100011000011000110001100011000110000011111000000111100000
0000000000000001111100000111111100011111111001110010111011000000110110000001101100000011011000001110111111111000011111100
0000000000000000000000000000111110000111001000011000110001100001000010000110001100011000011011100000111100000000000000000
0000000000000000000000000000111100000011110000001110110001110000100111000011001111111110011111100000000000000000000000000
0000000000000000000000000111100000111111110001100000010010000000010110000000100110000011000111011100000111100000000000000
0000000000000000111000000011111000001101110000110000110001000001100110000010001100001100001100110000001111100000000010000
0000000000000000000000000011111100011111101001110010011010000000111100000001011000000110011001111000011111000000000000000
0000011000000001111000000100010000001000010000010000100001000001000010000010000100001000001000010000001111000000001000000
0000000000000000011000000001110000000111110000011000100000100001000011000110000100001000001000110000010111000000111100000
0000000000000001111000000111111000001110110000111001110001100001100011000011000100001100001101111000011111100000011100000
0000000000000001110000000110010000001000000000110000100001000000000010000001000100000010001000000100010000010000011111000
0000000000000000011110000001111110000110000100011000001001110000110011000011000110001100001101110000011110000000000000000
0000000100000000011100000001111000000011110000001101100000110011000001100100000110011000001101100000011111000000011000000
0000001000000001101000000110000000011000100000100001110011000000110110000000100100000011001100001100001111110000000000000
0000000000000001111000000111110000001101110000110001100001100001100011000011000110000110001100011000001100110000001110000
0000000000000011111000001100011000011000011000100000010001000000100011000001000110000010000110001100000111110000000111000
0000000000000000110000000011110000001100010000011000110001110000100011000001000110000010001100011100011111100000011000000
0000010000000011110000000111111000011010010000100000110001000000100010000001000100000110001100001000011001110000011110000
0000000100000000001100000001111000000111010000011000100000110001000011000110000100001100001000110000011111000000001000000
0000000000000000000110000001111110000111111000011100110001110001100011000011001100000100011000011000111111100000111000000
0000001100000000111000000011110000001100110000010000110001000000100010000001000100000010001111111100001111100000000000000
0000000000000001110000000111111000011100011000110000010011000000110110000001101100000110001111111000001111000000000010000
0000001100000001111100000011001100000100011000000000010011000001100110000011001100011110011111111000011111000000001000000
0000000000000000001100000111100100011000000100100000001011000000010100000000101000000110011000111000011111000000000000000
0000001100000000011100000001111000000111011000011100110000110001000011000110001110011100011111110000011110000000000000000
0000000000000011110000000111110000001111110000110011100001100001100011000011000110001110001100111000011111100000001100000
0000100000000000001110000001111100000110001000011000110000100001100011000010000100001100001000110000011110000000011000000
0000000000000000000000001111111000110110011001001000011110000000111100000001011000000110011000111000011111100000000000000
0000000000000000001110000000111110000011101100011110011001110001100111000110001101111100011111100000011000000000000000000
0000000000000001111000000111011000011100010000010000110000100000100001000011000010000100000100011000001111100000001111000
0000000000000000111100000010001100001100001000110000010001100000100011000001001100000110001100011000011111100000001000000
0000000010000000001110000000111100000011001000001100110000110001000001100110000110011000011001100000111110000000110000000
0000100000000010010000000100010000010000010000100000100001000000100010000001000110000010000100001000000111110000000000000
0000001000000000111000000011111000001100110000110000100001000001000110000010001100001100001101110000011111000000001100000
0000001000000001111000000011110000001111110000011001100000110011000001100110000011011100000111111000000111100000000100000
0000000000000001100000000111110000011101010000100000010010000000100100000001001000000001010000000110010000011000111111100
0000000000000000001110000000111100000011001000001100110000110001100011000110001100011000111011100001111100000000100000000
0000000000000011111000000110011000011000110000110000100001000001100110000010001100000100011000011000011000110000001111000
0000000000000001110000000011110000001100011000011000010001100001100011000011000100001100001000111000011111000000000000000
0000000000000000000000000000000000000011100000001111100000110011000011000110000111011100000000000000000000000000000000000
0000000000000001000000000111111000011110011001111000011011100000110110000001101100000110001100011000001111100000000000000
0000000100000000011100000001001100000110001000001000010000110001000011000010000110001000001100110000011111000000011000000
0000000000000000111100000111111000011000011000100000010011000000100100000011001000000110010000111000111111100000111000000
0000000000000000011000000001010000000100110000010000100000100000000001000010000110000100000100010000001111000000000100000
0000000000000011100000000111100000001001110000110000110001000000100010000001000110000110000100001000001101100000000110000
0000000100000000011100000001111100000111111000011101100001110011000011001110001110011000011111100000011111000000011100000
0000000100000000011100000001111000000111110000011110100000110001000011000110000110001000001001110000011111000000011000000
0000000000000000001100000001111000000110110000011000100001100001000110000010001100001100011000110000011111000000010000000
0000000100000000111100000111011000001000010000110000100001000001000110000010000100001100001101110000011111000000001000000
0000000000000010110000000111010000010000010000100000010001000000100011000000000010000001000100000100000100010000000111000
0000010000000001111000000111111000111111111001110000111011000000110110000001101110000011001110001100001111111000001111000
0000000000000001100000000111111000011101111000110000011011000000110110000001101100000011011100001100011111110000001000000
0000000000000000110000000011101100000100011000010000110011000001100000000110000000111000011111000000111000000000000000000
0000000110000000111000000011000000001100000000011011100001100100100010000001001100000110011000011000011111100000000000000
0000001000000000111110000001111100000111111000011110110001101101100011011010001100011100011001110000111111000000100000000
0000000000000001100000000011100000001000100000010001000000100001000001000010000010000100000100011000000100100000001110000
0000000100000000111100000011001000001100010000010000010000100000100010000011000100000100001000010000011111000000001000000
0000000000000011110000001111110000001100110000111000110011100001100010000001100100000011001100001100001111110000000110000
0000100000000001110000000001110000000110100000001001100000110011000001100110000011001000000110010000000111000000000100000
0000001100000000011100000001111000000111011000011000110001100001000010000010001000001000010001100000111111000000111000000
0000000000000011110000001111110000011100110000110000100011100001100011000011000110000110000100001100000111110000000111000
0000000000000001100000001111111000011000011001100000011011000000010110000000100100000011001110001100000111110000000000000
0000000000000001100000000110110000001000010000110000100001000000100010000001000100000010001100001000001111100000001100000
0000000000000000110000000001100000000111000000001011000000010010000001100100000010001000000100110000001111000000001000000
0000000000000000111000000011111000000110110000011000100000100011000011000110000110011000001111100000011110000000000000000
0000000000000000100100000011001000000100010000011000100000110001000001000110000010001000000101110000001111000000000000000
0000000000000001101100000010011100001100111100110001011001000000110110000011001100001110011001111000111111000000010000000
0000000000000000011000000011111000000110010000011000100000100001000001000010000010001100000100010000001011000000011100000
0100000000000000111000000111111000001100011000110000110001100001100110000011001100000110011100011000011111100000000000000
0000000000000000111100000011111100000110011000001100010000110001100001100010000110001100001101110000011111000000111100000
0000001100000001111110000110000100011000001100110000011011000000110110000001101100000111011100111100011111110000001100000
0000000010000001111100000111110100011011001000100100011001010000110110100001001101000110001000011100011111110000011000000
0000001000000000111000000011011000001100011000110000011001000000110110000001001100000110001110011000001111100000000010000
0000000000000000111000001111111110111000000101100000001011100000110100000001001000000110011000111000011111100000001000000
0000000000000000001110000001111100000111001000011000010001100000100010000011001100001100011001110000011111000000011000000
0000000000000001000000000111111000001000011000110000010001000000100010000001000100000010001000011000011111000000011000000
0000000100000000011100000011111100001110001000111000010001100001100110000011001000001100011001110000011111000000011000000
0000001000000000111000000011010000000100100000011000100001100001000010000010000100001100001100110000001111000000000000000
0000000100000001111100000110011000001000110000100000010001000000100100000001001000000100001000011000011111100000001100000
0000000010000000011100000001111000000111010000001100100000110011000011000110000110011000011011100000111110000000110000000
0000000000000001110000000111100000001001000000010101000000100010000001000100000010011000000100010000000100000000001110000
0000110000000001000000000101100000001001100000110001100001000001100010000001000100000010001100011000001111100000000000000
0000000000000000011000000001111000000111111000011110010000100100100011000011000100000100001000010000010011000000111100000
0000001100000001111100000111001100001100001000111000010011100000110110000001101100001111011111111000011110000000000000000
0000000000000000000000000111110000011000111001100000010010000000010100000000101000000001001000000100001111110000000000000
0000000000000000111000000001111000000110011000011000110000100001000010000010000100001000010001100000111110000000110000000
0000000000000000001110000001111110000111000100011000001001100000110110000001001000000100010000110000111011000000111100000
0000001000000000111100000011001000000110001000011000010000100000100011000001000110000100001100011000001111000000001000000
0000000000000000000010000000111100000011110000001111100000110011000011000100000100001000001100100000001111000000000000000
0000000000000001111100000111111000001100010000010000100001100011000011000100000110011000001101110000001111000000011100000
0000000100000000011000000001110000000010110000001100110000110001100001000011000110000100001000110000111110000000110000000
0000001000000001111100000111011000001000011000110000110001000001100100000011001000000100011100111000011111110000001100000
0000000000000000111000000011111000000110110000011001110001100001100111000011001100001100011101110000011111000000011000000
0000000000000000111100000011111100011110011001111000111011100000111110000011101110001110011111111000001111000000000000000
0000001000000001111100000011011000001100011000010000010001100000110011000001101100000110011000111000111111100000111000000
0000000000000000000000000001110000001111100000110000110011000000110100000001101100000111001111111000000000000000000000000
0000000000000000111100000011111100000110011000011000110000100001000011000110000110001100001001100000011110000000010000000
0000000000000000011100000011101100001110001000110100010001001001100010010010000100001100001000110000011111000000011100000
0000000010000000011110000001101100000110000000011000010000100000100011000001000100000110001000011000011111100000001100000
0000000000000000011000000001111000000100010000011000100000100001000011000100000100001000001000100000011110000000010000000
0000010000000011001000001000001000010000010000100000100001000001000010000010000010000100000100001000000100100000000010000
0000000100000000111000000011011000001100110000110000110001100001100011000011000110000110001110011100001111110000000100000
0000000000000011101100000111111100011000001100100000001011000000010110000001101000000110011000011000111111100000011100000
0000000000000000000000000001111100001111111000111101110011100001100110000111011000011100111111100000111100000000000000000
0000000000000001101100000111111100011111001100110000011011000000110110000001101100000011011100011100011111110000011110000
0000000000000000111110000011000010001100000100010000001001000000010110000001101000000010010000011000111011100000011100000
0000110000000001100000000011010000000100100000011001100000100001100011000011000110001100000111110000001111000000000000000
0000000000000000110000000011111000001100110000011000100000100001000001000110000010001000000100110000001111000000001100000
0000000000000000001100000001111100000011101100011100001001100000100110000010011000001000100001100001111110000000100000000
0000000000000001111110000111000110011000000001100001100011000011000110000110001100001100001100011000001101100000001111000
0000000000000000111100000111001100011000001000110000010001000000100110000001001100000100011000011000011011100000011100000
0000011000000001110000000111111100011101111100110000011001100000110110000011101100001110011111111000011111100000000000000
0000000000000010111000001111011100011000001101100000011011000000110110000001101100000010001100001100001111110000001111000
0000000000000001110000000011111000001100111000010000110001100000110010000001101100000010011000000100011111111000001111000
0000000000000000011000000011111000001111111000111111111001100100110111000011101111111110001111100000000000000000000000000
0000001000000001111100000111111000011100111000110000110011000001101110000011001000000110011100111000011111100000001100000
0000000000000111100000001001110000110000110001100000110011000000110110000001100100000011001100000110001111111000000011000
0000000000000000111100000001111100000110001000011000110000110001100011000110000110011100001101110000011111000000000000000
0000001100000000111100000011011000001101010000001100100000011011000001100110000011011000000111110000001111000000001000000
0000000000000001111000000111111000011111011000111000010001000000100110000001001100000110011000011000011111100000011110000
0000011000000001111100000110011100011100011000110000011011100000110110000001101100000110011110011100011111110000001100000
0000000000000000111000000111110000011000011000110000011011000000010110000000101100000010011100011000011111100000000000000
0000000000000000111000000011101000001000010000010000010001000000100010000001000100000100001000001000001000100000001110000
0000000000000001111000000011011000001100011000011000110001100001100011000011001100001100011001110000011111000000010000000
0000010000000001110000000100010000001000100000110001100001000001000010000010000110001100000100010000001100100000001110000
0000000000000000011000000011111000001111011000011000010001100000100011000001000100000110001000011000011011100000011110000
0000011000000001111000000000011000000110010000011000100000100001000011000011000100000100001000011000011111100000011100000
0000000000000000001100000001111100000111001100011000011001100000100010000011000100001100011000110000110011000000111100000
0000000000000000001110000001110100011100001001100000010110000001101100000011001100001100011111110000000110000000000000000
0000000000000001111000000111111000011000001001100000001010000000010100000000101100000001001110001100001111110000000000000
0000000000000011111100001111111100011000001101100000011011000000110110000001101100000110011000001100011111110000011111000
0000000000000000111000000111011000011000111001100000111011000000110110000001101000000011011000011100011111110000001000000
0000000000000000111100000111101100011100001001100000010010000000101100000001001000000100011000011000011111100000011000000
0000000000000000000000001111100000111111111001100000110011000000110110000001101110000011001111111100001111100000000000000
0000000010000000001110000001111100000111011000011100100000110001000011000110001100011000011011100000111110000000100000000
0000000000000111111000001111110000011011111000100000110001000001100010000011000110011110001111111000001111000000000100000
0000000000000000001110000011100100001110001000011000011001100000100011000011001100000110011000011000011111100000111100000
0000000000000011100000001111111000010000011000100000010001000000100010000001000100000010000100001100001111110000000110000
0000011000000001110000000111111000011000011000110000010001000000100010000011000100000110001100011000001111100000000110000
0000000000000001111100000100000100010000001001000000001010000000010010000000100100000000001000000100001000010000001111000
0000000100000000111100000011111000001100110000110001100011100011000110000110001000001100011000111000011111100000001100000
0000000110000000111100000011111100001111111000011001110001100011000011001110001110111100011111110000111111000000111000000
0000001100000000111100000001111000000110010000011100110000111101100011001111000100001100011111110000011111000000000000000
0000001000000000111100000011111100001110001000110100010011100000100110000001001000000110011000111000111111100000000000000
0000000100000000111100000011111000001111111000111100111001110001110111000011001110011100011111110000111111000000111000000
0000000000000000001110000001111000000111111000011111110011110001101111000011011100001110111111111000011111100000000000000
0000000000000000011000000001110000000110110000001000100000110001000001000100000010001000000100110000000111000000001100000
0000000000000011111000001110011000110000011001000000110010000000100100000011001000000110010000001000110000100000111110000
0000000000000000111000000011010000000100010000011000100000110001000001000110000010001000000100110000001111000000001000000
0000000100000000011100000001111100000111011000011100110000110001100011000110000110011100001111110000011110000000010000000
0000000000000011110000001111111000110000011001000000010010000000100100000001001000000010011000001100011111110000000111000
0000000000000001111000000111111000001000011000110000110001000000100110000011001100000110001000001000011111110000011110000
0000000000000011111000000110011000011000110000100000100001000001000010000010000110000100001110011000001111100000000010000
0000000000000001111000000111111000011000010000100000110011000001100110000011001100000110001100001100001100110000001111000
0000011000000001110000000111110000001101100000110001100001100111100011000011000110000110001100011100001111110000001110000
0000000000000000110000000010010000000100010000010000100000100001000001000010000010000100000100010000001111000000001000000
0000000000000000011100000001111000000111110000011111100001111011000001100110000011011000001111110000001111000000011100000
0000000000000000000110000000111110000011111100011100110001110011100011001110001100011000011111100000111110000000001000000
0000000000000011111000001111111000111110011011111100011011100000110110000001101100000110001100011100001111110000001111000
0000001000000000111000000010001000001000011000010000010000100000100010000010000100000100001000011000001001100000001100000
0000001000000000110000000001110000000110110000011001100000100010000001000100000110011000001101100000001110000000001000000
0000000000000000011100000011111100001111101100110111011011000001100110000011011000001100110001110000111111000001111000000
0000000000000000110000000011110000000110100000001001100000010011000000101100000011011000000111100000000110000000001000000
0000000000000000111100000011001100001100001000011000010001100000100011000001000100000100001100011000011111100000001100000
0000000100000000011100000011101100001100001000010000010001100000100110000011001000001100010001110000111110000000000000000
0000001000000000011100000011111000001100011000010000110001100001100011000010000100001100001100110000011111100000001100000
0000000000000000011100000011111100011111001101101010011011000000110100000001001000000110011000111000111111100000010100000
0000010000000011111000001100011000011000011001100000010011000000100110000001001100000011001000001100011111110000001100000
0000000000000001100000000111100000001101100000001001000000010010000000100100000011011000000010110000000111000000001100000
0000000100000000111100000011111000001110110000111001100001100001000010000110001100001100001000110000011111000000011000000
0000001000000000111100000011001000000100011000011000110000110001100001000010000110001100001100110000011111000000011000000
0000000000000000011000000001111000000111110000001101100000110011000011000110000110001000001100110000011111000000001000000
0000000000000001111100000111011100011000011000110000010001000000110110000001001100000110011000011000011001110000011110000
0000011100000001111100000011011100001110011100011100011001100000110011000011001100001100011000110000111111000000001000000
0000000000000000000010000000111100000011111100011100011001110001100111000111001000111100111111100000111100000000000000000
0000000000000011111100001000011100010000001000100000010001000000100010000001000100000110001110011000001111100000000100000
0000000000000000110000000001111000001011011000110000010011000000010110000000101100000001001000001100011111110000000000000
0000000000000001100000000111110000001111111000010000110001100001100011000011000110001100001100111000001111000000001000000
0000000010000000111110000011001100001100001000110000010011000001100110000011001100001100001101111000001111000000000000000
0000000000000001111000000011011000001100011000011000110000100001100011000110000110011100001101110000001110000000000000001
0000010000000001110000000111111000001100110000110000110001100001100011000011000110000110001110011100001111110000000100000
0000001110000011111100000110000000011000110000100000110001000000100110000001001100000110001000011000011111100000011100000
0000000000000000011100000011111000001110010000011000100000110001000011000110000110001100001100110000001111100000011100000
0000011000000000111000000011010000001100110000011001100001100011000011000110000100001100001110111000001111100000000000000
0000000000000000011110000011110000001111100000011001100001100011000010000110000100001100001100010000001101100000001110000
0000000000000000000000000111111100011111111101111100011011000000110110000001101110000111001111111100001111110000000000000
0000000000000000011110000011111110001111101100011000011001100000110111000011001100011110011111110000111110000000000000000
0000000100000000111100000011011000001100010000110000110001000001100110000010001100001100011000110000011111000000011000000
0000000100000000111100000011111000001110011000011000010001100000100110000011001100001100011001110000011111000000010000000
0000000000000000111000000111111000011011101000100011010001000000100110000001000100000110001000001000001001100000011110000
0000000000000001111000000111110000001100110000011000100001100001100001000010000010001100000110111000001111100000000100000
0000000000000000110000000011110000000100100000011001000000100010000001000110000110001000001100110000001011000000001000000
0000000000000000000110000000111110000011000100001100001000110000100011100011001101001000011111100000010000000000000000000
0000000100000000011100000001111000000111110000011101100000110011000011101110000110011000001111110000011111000000011000000
0000000000000000111100000011111000001111010000111100100001100001100011000010001110001100001111110000011111000000000000000
0000000000000000111000000001111000000111110000011101100000110011000011100110000111011100001111110000011111000000000000000
0000000000000000011111000001100110000110000100011000011001100000100110000111001000011000011111100000111110000000000000000
0000010000000011111100000110111100011000011100110000011001100000110010000011000100001110001101111000011111100000001100000
0000100000000011111000001100111000110000011001000000010010000000100100000001001100000110011100001100011111110000000110000
0000000000000000001100000011111100001110001000110000011011000001100100000011011000001100011111110000000110000000000000000
0000000000000000111110000011101100001100001000110000011011000000100100000011011000001100110000110000111110000000000000000
0000000000000000011100000000111100000110001100011000010001100000100110000011001000011100111111110000111110000000000000000
0000000000000000011100000001111000000110011000001000110000110001000001000110000100001000001000100000011011000000011100000
0000010000000001111100000110001100011000011000110000010011000000100110000001101100000110001100011000011111100000000000000
0000000000000000000000000111110000011000010001000000010010000000010110000000100100000010000111111000000000000000000000000
0000000000000000111100000111111000001100011000110000110001100001100011000010000110001100000100110000001111000000000100000
0000000000000011111100001111111100011110011001110000111011100001110110000111101110011110001100111100011111110000011111000
0000000100000000111000000011110000001111100000011011000000100010000001000100000010001000000110110000001111100000000100000
0000000000000001111100000110001000001100011000111000110001110001100011100011000011000110000010011000000111110000000010000
0000000000000000001110000000110110001111000100110000001011000000110100000001001000001110011111110000011110000000000000000
0000000000000000000000000001111100000111111100011000110001100001100110000011001100011100011111110000011110000000000000000
0000001000000000111000000011111100001111111000011000110001100000100010000011001100001100011001110000011111000000010000000
0000010000000001111000000011111000001100110000011000100000100001000001000010000110001100000111111000001111100000001100000
0000000011000000001110000000110000000111110000011000110001100000100110000001011000000010110000011001111111100000110000000
0000000000000001111100000011101100001110001000011000010000110000100001100001000011000100000111010000001111100000001110000
0000000000000000111000000011111000000010110000000100100000010011000001101110000011111000000111110000001110000000011000000
0000000000000000000000000001111000001111111001111100111011100001110110000011101111111110011111111000000000000000000000000
0000000000000000001100000000111000000001000000000101000000011010000000100100000011010000000100100000001110000000000000000
0000000100000000011000000001111000000111110000011101100000110010000011000100000110011000001100100000001111000000001100000
0000000000000000111000000001010000000100010000010000100001000001000010000010000100000100001000001000001000100000001110000
0000000000000011100000001111110000011001111001100000111011000000110110000000101110000011001111111100000111100000000000000
0000001000000000111100000001111000000111011000011100110001110001100011000011001100001100011001111000111111100000011100000
0000000000000000011100000011111000001111011000111000010011000000110100000001001000000110011100110000011111000000000000000
0000000000000000011000000001111000000110110000011000100000100011000001000100000110001000001100100000001111000000001000000
0000001000000001111100000111111100001100011000110000110001100000110110000001101100000110001110111000001111100000001100000
0000000000000001011000000110011000001000011000110000010001000000100010000011001100001100001111110000011100000000000000000
0000000000000000011100000011111100001111111100011100011001110000100011000111001100111100011111110000111110000000000000000
0000000000000000011100000011111100000111011000011100110000110011000011100110000111011100001111110000011111000000010000000
0000001000000001110000000111100000001100100000011001000000100001000001000010000010000100000100010000000111100000000100000
0000000000000000011000000001111000000111110000011000100000100001000011000010000100001100001001110000011110000000010000000
0000001000000000110000000001010000000100010000011000100000100000000001000010000100000100001100010000001111000000000000000
0000001100000000111100000011111100011111111001111111110011110011100110000011001111001110011111111100011111110000000010000
0000000000000000000000000000111100000111101100111000011011000000100100000011011000011000011111100000011100000000000000000
0000000000000001111100000111111100001111111000011110111001110001110011100011001110011110011111111000111111100000111000000
0000000000000000001111000001111110000111011000011100110001110011000011001100001100011000011101100000011110000000010000000
0000000110000000111110000011100100001110001100011000110001110001100111000011001110001100011001110000111111000000110000000
0000000000000011111100000111001100011000101000100011010001000100100010010001000101100100001110011000011101100000011100000
0000000100000000111110000011000100001100001000010000010001100001100010000010000100001100001000110000011111000000011000000
0000000000000000011110000001100100000111001100011101101001110001000011000010001000000100010000010000110001000000111100000
0000000000000000011100000011111100001101101100110000011011000000110100000001011000000110110000011000111111100000011000000
0000000000000000110000000111110000001100110000011001100000100001000001000010000011001100000110011000000111110000000111000
0000000110000000011110000001101100000110011000011000110001100011100110001110001100111000011111100000111110000000000000000
0000000000000000000000000000111000000111111000111110111011001000110110000001101100001110001111110000000000000000000000000
0000000000000000000000000111110000011111111001110000011011000000010110000001101110000110001111111000000000000000000000000
0000000000000000000000000011111000011111110001111111110011001001111110000011101111001110001111111000000111000000000000000
0000001000000000111000000111110000001111100000111011110001100001100011000011101110000110001111111100001111100000000000000
0000110000000011110000001111110000011111110000110000110011000000100110000001100110000111001111111100001111110000000110000
0000001000000000111000000011010000001000100000010001000001000011000010000110000100001100001000110000001111000000001100000
0000011000000011111000000110001000011000001000100000110001000001100010000011000100110110001000111000001111100000001100000
0000000000000000001100000011111100001111111100111110011001101101110110001111001100111110011111111000111111000000010000000
0000000000000000011010000001110100000111001000011100010000110001100011000010000110001100001101110000011110000000010000000
0000000100000000011000000001101000000110010000001000100000110001000001000110000010011000000101110000001110000000000000000
0000000000000000000000000011110000001111100000110000100011000000100110000000101111000011000111111100000000000000000000000
0000001100000000111100000011101100001100011000011000110001100001100110000011001100011100011001110000111110000000110000000
0000000000000000000000000000110000000111101100011111011001100000100110000110001100111000001111100000000000000000000000000
0000000011000000011110000011111110001111011100111000010001100001100111000011001100011100011111110000011111000000010000000
0000000000000001111000000011111000001100110000010000110001100001100010000011000100000100011000010000110011000000111000000
0000000000000000000000000111111000010010001001100000001011000000010010000000100100000011000110011000000111000000000000000
0000000000000001100000000011110000001100100000011001100000100011000001000110000010001100000110010000001111100000001110000
0000000000000000011100000011111100001111111000111000010011100001100110000011001100000110011000011000111111100000000000000
0000000000000001111000000011111000001110011000111100110001100001100110000011001100001110011001111000011111100000011000000
0000000000000000000000000111111000011000011000100000011011000000110110000011001100011110011111100000000000000000000000000
0000000000000000111000000111111000011010011001100000110010000000100100000001001000000110011000001100011101110000011110000
0000100000000011100000001111110000010000110001100000110011000000100110000001101100000011001100001100001111110000000110000
0000000000000011110000001111110000111000110001100000110011000001100110000011000100000110001100001100001111110000001111000
0000000000000000111100000011111000001101011000110000110011000001100110000011001000000110011000011000011111100000011000000
0000000010000000011110000011100110001110001100010000010001100000100010000011001100000100011000010000110001100000000000000
0000000100000000011000000001101000000110010000001100100000110001000001100010000010000100000100011000001111100000000100000
0000000000000000111010000011100110011110001100111000011011100000110111100011001111111110001111111000001110000000000000000
0000000000000000011100000001100100000110001000011000010001100000100110000001001000000100110000110000111110000000000000000
0000111100000111111000001100011100110000011001111000010001100000110110000001101100000110011101111100011111110000011110000
0000000000000001111110000111101100011100001000110000010001100000100010000011000100001100011000110000011011100000011100000
0000000000000000001100000001111100000111111000011110110001100001100110000111001100001100011111110000111111000000000000000
0000000000000001110000000010110000000100110000011001100000110011000001100110000011001000000111110000000111000000000100000
0000000100000000111100000011111100000110011000011000110001100001100011000011001100001100001111111000011111000000001000000
0000000000000000000000000000011000011111001101100000001010000000010100000001101000000110011000110000001110000000000000000
0000000000000000000110000000111100000111111100011110110001110011100111001110011111111000011111000000010000000000000000000
0000001000000000111000000011110000000110110000001001100000110110000001101100000011011000000111110000000111000000000100000
0000000000000001110000000100100000011001100000100010100001000000100010000001000100000010001100001100001111110000000110000
0000000000000011000110001110111100010011101101100100011010011000111100010001001000000110010000011000011011100000011100000
0000000000000001110000000111111000011000111000110000111011000000110110000001101100000011011000001100011110110000001110000
0000000000000011110000001111110000011111110001110001110011000001111110000011101110001110011111111100011111110000000100000
0000000000000010111000001100011000010000010000100000010001000000100010000001000110000010000110000100000111111000000011000
0000000010000000001100000000111000000010011000011000110001100001000010000110001100011000010011100000111110000000010000000
0000000000000010000000001100111110110000001101000000001010000000010100000001001100001100001111110000000100000000000000000
0000000100000000011100000001111000000110010000011000100001100001000011000010001100001100011001110000111111000000111000000
