1000000000000000000000000000000000000000000000000000000000000000000000000000000000000000000000000000000000000000000000011
0000000000000000000000000000000000000000000000000000000000000000000000000000000000000000000000000000000000000000000001100
0000000000000000000000000000000000000000000000000000000000000000000000000000000000000000000000100000000001000000000110000
0000000000000000010000000000100000000000100000000000000000000000000000000000000000000000000000000000000000000000001000000
0000001000000000000000000000000000000000000000000001000000000000000000000000000000000000000000000000001000000000010000000
0000000000000000000000000000000000000000000000000000000000000000000000000000000000000000000000000000000000000001100000000
0000000000000000000000000000000000000000000000000000000000000000000000000000000000000000000000000000000000000110000000000
0000000000000000000000000000000000000000000000000000000000000000000000000000000000000000000000000000000000011000000000000
0000000000000000000000000000000000000000000000000000000000000000000000000000000000000000000000000000010000100000000000000
0000000000000000000000000000000000000010000000000000000000000000000000000000000000000000000001000000000010000000000000000
0000000000000000001000000000010000000000000000000000000000000000000000000000000001000000000010000000000100000000000000000
0000000000000000000000000000000000000000000000000000000000000000000000000000000000000000000000000001100000000000000000000
0000000000000000000000000000000000000000000000000000000000000000000000000000000000000000000000000110000000000000000000000
0000000000000000000000000000000000000000000000000000000000000000000000000000000000000000000000011000000000000000000000000
0000000000000000000000000000000000000000000000000000000000010000000000100000000010000000000100000000000000000000000000000
0000000000000000000000000000000000000000000000000000000000000000000000000000000000000000011000000000000000000000000000000
0000000000000000000000000000000000000000000000000000000000000000000000000000000000000001100000000000000000000000000000000
0000000000000000000000000000000000000000000000000000000000000000000000000000000000000110000000000000000000000000000000000
0000000000000000000000000000000000000000000000000000000000000000000000000000000100001000000000000000000000000000000000000
0000000000000000000000000000000000000000000000001000000000000000000000001000000000010000000000000000000000000000000000000
0000000000000000000000000000000000000000000000000000000000001000000000010000000000100000000000000000000000000000000000000
0000000000000000000000000000000000000000000000000000000000000000000000000000011000000000000000000000000000000000000000000
0000000000000000000000000000000000000000000000000000000000000000000000000001100000000000000000000000000000000000000000000
0000000000000000000000000000000000000000000000000000000000000000000000000110000000000000000000000000000000000000000000000
0000000000000000000000000000000000000000000000000000000000000000000011000000000000000000000000000000000000000000000000000
0000000000000000000000000000000000000000000000000000000000000000001100000000000000000000000000000000000000000000000000000
0000000000000000000000000000000000000000000000000000000000000000110000000000000000000000000000000000000000000000000000000
0000000000000000000000000000000000000000000000000000000000000011000000000000000000000000000000000000000000000000000000000
0000000000000000000000000000000000000001000000000010000000000100000000000000000000000000000000000000000000000000000000000
0000000000000000000000000000000000000000000000000000000001100000000000000000000000000000000000000000000000000000000000000
0000000000000000000000000000000000000000000000000000000110000000000000000000000000000000000000000000000000000000000000000
0000000000000000000000000000000000000000000000000000011000000000000000000000000000000000000000000000000000000000000000000
0000000000000000000000000000000000000000000000010000100000000000000000000000000000000000000000000000000000000000000000000
0000000000000000100000000001000000000000000000000100000000000000000000000000000000000000000000000000000000000000000000000
0000000000000000000000000000000000000000000001100000000000000000000000000000000000000000000000000000000000000000000000000
0000000000000000000000000000000000000000000110000000000000000000000000000000000000000000000000000000000000000000000000000
0000000000000000000000000000000000000000011000000000000000000000000000000000000000000000000000000000000000000000000000000
0000000000000000000000000000000000001100000000000000000000000000000000000000000000000000000000000000000000000000000000000
0000000000000000000000000000000000110000000000000000000000000000000000000000000000000000000000000000000000000000000000000
0000000000000000000000000000000011000000000000000000000000000000000000000000000000000000000000000000000000000000000000000
0000000000000000000000000000001100000000000000000000000000000000000000000000000000000000000000000000000000000000000000000
0000000000000000000000000110000000000000000000000000000000000000000000000000000000000000000000000000000000000000000000000
0000000000000000000000011000000000000000000000000000000000000000000000000000000000000000000000000000000000000000000000000
0000000000000000000001100000000000000000000000000000000000000000000000000000000000000000000000000000000000000000000000000
0000000000000000000110000000000000000000000000000000000000000000000000000000000000000000000000000000000000000000000000000
0000000000000011000000000000000000000000000000000000000000000000000000000000000000000000000000000000000000000000000000000
0000000000001100000000000000000000000000000000000000000000000000000000000000000000000000000000000000000000000000000000000
0000000000110000000000000000000000000000000000000000000000000000000000000000000000000000000000000000000000000000000000000
0000000011000000000000000000000000000000000000000000000000000000000000000000000000000000000000000000000000000000000000000
0000010100000000000000000000000000000000000000000000000000000000000000000000000000000000000000000000000000000000000000000
0001100000000000000000000000000000000000000000000000000000000000000000000000000000000000000000000000000000000000000000000
0110000000000000000000000000000000000000000000000000000000000000000000000000000000000000000000000000000000000000000000000
