0000000000000000000000000000000000000000000000000000000010000000000000000000000000000000000000000000000000000000000000011
0000000000000000000000000000000000000000000000000000000000000000000000000000000000000000000000000000000000000001000000100
0000000000000010000000000000000000000000000000000000000000000000000000000000000000000000000000000000000000000000000001000
0000000000000000000000000000000000000000000000000000000000000000000000000000000000000100000000000000000000100000000010000
0000000000000000000000000000000000001000000000000000000000000000000000000000000000000000000000001000000000010000000100000
0000000000000000000000000011000000000000000000000000000000001000000000000000000000000000000000000000000000000000001000000
0000000000000000001100000000000000000000000000000000000000000000000000000000000000000000000000000000000000000000110000000
0000000000000000000000000000000000000000000000000000000000000000000000000000000000000000000000000000000000000110000000000
0000000000000000000000000000000000000000000000000000000000000000000000000000000000000000000000000001000000001000000000000
0000000000000000000000000000000000000000000000000000000000000000000000000000000100000000000100000000000001000000000000000
0000000000000000000000000000000010000000000000000000000000000000000000000000000000000000000000100000000010000000000000000
0000000000000000000000000000110000000000000000000000000000000000000000000000000000000000000000000000001100000000000000000
0000000100000000000000000000000000000000000000000000000000000000000000000000000000000000010000000000010000000000000000000
0000000000000000000010000000000000000000000000000000000000000000000000000100000000001000000000010000100000000000000000000
0000000000000000000000000000000000000000000000000000000000000000000000000000000000000000100000000010000000000000000000000
0000000000000000000000000000000000010000000000000000000000000000000000000000000000000010000000000100000000000000000000000
0000000000000000000000000000000000000000000000000000000000000000000000000000000000010000001001000000000000000000000000000
0000000000000000000000000000000000000000000100000000000000000000000000000000000000000000000010000000000000000000000000000
0000000000000000000000000000000000000000000000000000000000000000000000000000000000100001000000000000000000000000000000000
0000000000000000000000000000000000000000000000000000000000000000000001100000000001000000000000000000000000000000000000000
0000000000000000000000000000000000000000000000000000000000000000000000000000010010000000000000000000000000000000000000000
0000000000000000000000000000000000000001000000000000000000000000000000000000001000000000000000000000000000000000000000000
0000000000000000000000000000000000000000000000000000000000000000000010000000100000000000000000000000000000000000000000000
0000000000000000000000000000000000000000000000000000100000000000100000000001000000000000000000000000000000000000000000000
0000000000000000000001000000000000000000000000000000000000000001000000000010000000000000000000000000000000000000000000000
0000000000000000000000000000000000000000000000000001000000000110000000011000000000000000000000000000000000000000000000000
0000000000000000000000000000000000000000000000000000000000000000001100000000000000000000000000000000000000000000000000000
0000000000000000000000000000000000000000000000000000000100000000010000000000000000000000000000000000000000000000000000000
0000000000000000110000000000000000000000000000000000000000010000000000000000000000000000000000000000000000000000000000000
0000000000000000000000000000000000000010000000100000000001100000000000000000000000000000000000000000000000000000000000000
0000000000000000000000000000000000000000000001000000001000000000000000000000000000000000000000000000000000000000000000000
0000000000000000000000001000000000000000000000000000010000000000000000000000000000000000000000000000000000000000000000000
0000000000000000000000000000000000000000000000000110000000000000000000000000000000000000000000000000000000000000000000000
0000000000000000000000000000001100000100000000001000000000000000000000000000000000000000000000000000000000000000000000000
0000000000000001000000000100000000000000000000010000000000000000000000000000000000000000000000000000000000000000000000000
0000000000000000000000000000000000100000000010000000000000000000000000000000000000000000000000000000000000000000000000000
0000000000000000000000000000000000000000111000000000000000000000000000000000000000000000000000000000000000000000000000000
0000000000000000000000010000000001000000000000000000000000000000000000000000000000000000000000000000000000000000000000000
0000000000000100000000100000000000000000000000000000000000000000000000000000000000000000000000000000000000000000000000000
0000000000011000000000000000000000000000000000000000000000000000000000000000000000000000000000000000000000000000000000000
0000000001100000000000000000000000000000000000000000000000000000000000000000000000000000000000000000000000000000000000000
0000001010000000000000000000000000000000000000000000000000000000000000000000000000000000000000000000000000000000000000000
0000110000000000000000000000000000000000000000000000000000000000000000000000000000000000000000000000000000000000000000000
0011000000000000000000000000000000000000000000000000000000000000000000000000000000000000000000000000000000000000000000000
1100000000000000000000000000000000000000000000000000000000000000000000000000000000000000000000000000000000000000000000000
