0000000000000000000000000000000000000000000000000000000000000000000000000000000000000000000000000000000000000000000000011
0000000000000000000000000000000000000000000000000000000000000000000000000000000000000000000000000000000000000000000001100
0000000000000000000000000000000000000000000000000000000000000000000000000000000000000000000000000000000000000000000110000
0000000000000000000000000000000000000000000000000000000000000000000000000000000000000000000000000000000000000000011000000
0000000000000000000000000000000000000000000000000000000000000000000000000000000000000000000000000000000000000001100000000
0000000000000000000000000000000000000000000000000000000000000000000000000000000000000000000000000000000000000110000000000
0000000000000000000000000000000000000000000000000000000000000000000000000000000000000000000000000000010000001000000000000
0000000000000000000000000000000000000000000000000000000000000000000000000000000000000000000000000000000000110000000000000
0000000000000000000000000000000000000100000000000000000000100000000001000000000000000000000000000000000001000000000000000
0000000000000000001000000000000000000000000000000000000000000000000000000000000000000000000000000000001110000000000000000
0000000000000000000000000000000000000000000000000000000000000000000000000000000000000000000000000001100000000000000000000
0000000000000000000000000000000000000000000000000000000000000000000000000000000000000000010000000010000000000000000000000
0000000000000000000000000000000000000000000000000000000000001000000000000000000000000000000000001100000000000000000000000
0000000000000000000000000000000000000000000000000000000000000000000000000000000000100000000001110000000000000000000000000
0000000000000000000000000000000000000000000000000000000000000000000000010000000000000000000010000000000000000000000000000
0000000000000000000000000000000000000000000000000000000000000001000000000010000010000000000100000000000000000000000000000
0000000000000000000000000000011000000000000000000000000000000000000000000000001000000000001000000000000000000000000000000
0000000000000000000000000000000000000000000000000000000000000000000000000000010000000000100000000000000000000000000000000
0000000000000000000000000100000000001000000000000000000000000000000000000000000000000001000000000000000000000000000000000
0000000000000000000000000000000000000000000000100000100000000000000000000000000000000010000000000000000000000000000000000
0000000000000000000000000000000000000000000000000000000000000110000000000000000001000100000000000000000000000000000000000
0000000010000000000000000000000000000000000000000000000000000000000000001000000000011000000000000000000000000000000000000
0000000000000000000000000000000000000000000000000000000001000000000010000000000100000000000000000000000000000000000000000
0000000000000000000000000000000000010000000000000000000000000000100000000000100000000000000000000000000000000000000000000
0000000000000000000000000000000000000000000000000011000000000000000000000001000000000000000000000000000000000000000000000
0000000000000000000000000000100000000010000000001000000000010000000000000100000000000000000000000000000000000000000000000
0000000000000000000000000000000000000000010000000000010000000000000000100000000000000000000000000000000000000000000000000
0000000000000000000000000000000000000000000000000000000010000000000100000000000000000000000000000000000000000000000000000
0000000000000000000000000000000000000000000000000000000100000000001000000000000000000000000000000000000000000000000000000
0000000000000000000000001000000000000000000001000000000000000000010000000000000000000000000000000000000000000000000000000
0000000000000000000000000000000000000000000010000000001000000000000000000000000000000000000000000000000000000000000000000
0000000000000000000000000000000000000001100000000100000000000000000000000000000000000000000000000000000000000000000000000
0000000000000001000000000010000000000000000000010000000000000000000000000000000000000000000000000000000000000000000000000
0000000000000000000000000000000001000000000100000000000000000000000000000000000000000000000000000000000000000000000000000
0001100000000010000000000000000000000000001000000000000000000000000000000000000000000000000000000000000000000000000000000
0010000000000100000000010000000000100000000000000000000000000000000000000000000000000000000000000000000000000000000000000
0000000000000000000000000000000110000000000000000000000000000000000000000000000000000000000000000000000000000000000000000
0000000100000000010000000001000000000000000000000000000000000000000000000000000000000000000000000000000000000000000000000
0000000000000000000001100000000000000000000000000000000000000000000000000000000000000000000000000000000000000000000000000
0000000001100000000110000000000000000000000000000000000000000000000000000000000000000000000000000000000000000000000000000
0000011000000000100000000000000000000000000000000000000000000000000000000000000000000000000000000000000000000000000000000
0000000000011000000000000000000000000000000000000000000000000000000000000000000000000000000000000000000000000000000000000
1100000000000000000000000000000000000000000000000000000000000000000000000000000000000000000000000000000000000000000000000
