0000000000000000000000000000000000000000000000000000000000000000000000000000000000000000000000000000000000000000000000011
0000000000000000000000000010000000000000000000000000000000000010000000001000000000000000000000000000000000000000000000100
0000000000000000000000000000000000000000000000000000000000000000000000000000000000000000000000000000000000000000000011000
0000000000000000000000000000000000000000000000000000000000000000000000000000000000000000000000000000000000000000001100000
0000000000000000000000000000000000000000000000000000000000000000000000000000000000000000000000000000000000000000110000000
0000000000000000000000000000000000000000000000000000000000000000000000000000000000000000000000000000000000000011000000000
0000000000000000000000000000000000000000000000000000000000000000000000000000010000000000000000000000000000000100000000000
0000000000000010000000000000000000000000000000000000000000000000000000000000000000000000000000000000000000011000000000000
0000000000000000000000000000000000000000000000000000000000000000000000000000000000001100000000000000000000100000000000000
0000000000000000000000000100000000000000000000000000000000000000000000000000000000000000000000100000000101000000000000000
0000000000000000000000000000000000001000000000000000000000000000000000000010000000000000000000000000000010000000000000000
0000000000000000000000000000000000000000000000000000000000000000000000000000000000000000000001000000001000000000000000000
0000000000000000100000000000000000000000000000000000000000000000000000000000000000000000000010000000010000000000000000000
0000000100000000000100000000001000000000000000000000000000000000000000000000000000000000000000000000100000000000000000000
0000000000000000001000000000000000000000000000000010000000000101000000000000000000000000000000000001000000000000000000000
0000000000000000000000000000000000000000000000000000000000000000000000000000000000000000000000001110000000000000000000000
0000000000000000000000000001100000000001000000000000000000000000000000000000000000000000000000010000000000000000000000000
0000000000000000000000000000010000000000100000000000000000000000000000000000000000000000000100000000000000000000000000000
0000000000000000010000000000000000000000000000000001000000000000000000000000000010000000001000000000000000000000000000000
0000011000000000000000000000000000000000000000000000000000000000000000000000000000000000010000000000000000000000000000000
0000000001000000000000000000000000000000000000000000000000000000000100000000000000000000100000000000000000000000000000000
0000000000000000000000000000000000000000000000000000000000001000000000000000000000000001000000000000000000000000000000000
0000000000000001000000000000000000000000000000000000000000000000000000000000001000000010000000000000000000000000000000000
0000000000000000000000000000000000000000010000000000100000000000000000000100000000010000000000000000000000000000000000000
0000000000000000000000000000000000000000000000000000000000000000000000010000000001100000000000000000000000000000000000000
0000000000000000000000000000000000000000000000000000000000000000000011100000000100000000000000000000000000000000000000000
0000000000000000000000000000000000000000000000000000000000000000001000000000100000000000000000000000000000000000000000000
0000000000000000000000000000000000000010000000000100000000010000000000000001000000000000000000000000000000000000000000000
0000000000000000000000000000000000000000000000000000000000100000010000000000000000000000000000000000000000000000000000000
0000000000000000000000010000000000000000000000000000010000000000100000000000000000000000000000000000000000000000000000000
0000000000000000000000000000000000000000000000000000000011000000000000000000000000000000000000000000000000000000000000000
0000000000000000000000000000000000000000000000000000001100000000000000000000000000000000000000000000000000000000000000000
0000000000000000000000000000000000000000000000011000000000000000000000000000000000000000000000000000000000000000000000000
0000000000000000000000000000000000000000000001100000000000000000000000000000000000000000000000000000000000000000000000000
0000000000000000000000000000000000000000000110000000000000000000000000000000000000000000000000000000000000000000000000000
0000000010000000000010000000000100000000001000000000000000000000000000000000000000000000000000000000000000000000000000000
0000000000000000000000000000000001000100000000000000000000000000000000000000000000000000000000000000000000000000000000000
0000000000000000000000001000000000110000000000000000000000000000000000000000000000000000000000000000000000000000000000000
0000000000000000000000100000000010000000000000000000000000000000000000000000000000000000000000000000000000000000000000000
0000000000000100000001000000000000000000000000000000000000000000000000000000000000000000000000000000000000000000000000000
0000000000011000000000000000000000000000000000000000000000000000000000000000000000000000000000000000000000000000000000000
0010000000100000000000000000000000000000000000000000000000000000000000000000000000000000000000000000000000000000000000000
0001100000000000000000000000000000000000000000000000000000000000000000000000000000000000000000000000000000000000000000000
1100000000000000000000000000000000000000000000000000000000000000000000000000000000000000000000000000000000000000000000000
