1000000000000000000000000000000000000000000000000000000000000000000000000000000000000000000000000000000000000000000001001
0000000000000000000000001000000000000000000000000000000000000000000000000000000000000000000000000000000000001000000000010
0000000000000000000000010000000000100000000000000100000000000000000000000000000000000000000000000000000000000000000000100
0000000000000000000000000000000000000000000000010000000000000000000000000000000000000000000000100000000001000000000010000
0000000000000000000000000000000000000000000000000000000000011000000000000000000000000000000000000000000000000000000100000
0000000000000000000100000000000000000000000000000000000000000000000000000000000000000000000000000000000000000000001000000
0000000000000000000000000000000000000000000000000000000000000000000000000000001000000010000100000000000000000000010000000
0000000000000000000000000000000000000000000000000000000000000000000000000000000000000000000000000000000000000001100000000
0000000000000000000000000000000000000000000000000000000000000000000000000000000000000000000000000000000000000110000000000
0000000000000000000000000010001000000000000000000000000000000000000000000000000000000000000000001000000000010000000000000
0000000000000000000000000000000000000000000000000000000000000000000000000000000000000100000000000000000000100000000000000
0000000000000000000000000000000000000100000000001000000000000001000000000000000000000000000000000000000010000000000000000
0000000000000000000000000000000000000000000000000000000000000000000000000000000000000000000011000000000100000000000000000
0000000000100000000001000000000000000000000000000000000000000000000000000000000000000000000000000000001000000000000000000
0000000000000000000000000000000000000000000000000000000000000000000000000000000000000000000000000000110000000000000000000
0000000000000000000000000000000000000000000000000000000000000000000000000000000000000000000000000011000000000000000000000
0000000000000000000000000000000000000000000000000000000000000000000000000000000000000000001000000100000000000000000000000
0000000000000000000000000000000000010000000000000000000000000000000000000000000000001000000000010000000000000000000000000
0000000000000000000000000000000000000000000000000000000000000000000000000000000000000000110000000000000000000000000000000
0000000000000000000000000000000000000000000000000000000000000000000000000000010000000001000000000000000000000000000000000
0000000000000000000000000000000000001000010000000000100000000000000000000000000000010000000000000000000000000000000000000
0000000000000000000000000000000100000000001000000000000000000000000010000000000000100000000000000000000000000000000000000
0000000000000000000000000000000000000000000000100000000001000000000000000000000001000000000000000000000000000000000000000
0000000000000000000010000000000000000000000000000000000000000000000000000000000110000000000000000000000000000000000000000
0000000000000000000000000000000000000000000000000000000000000000000100000000100000000000000000000000000000000000000000000
0000000000000000000000000100000000000000000000000000000010000000000000000011000000000000000000000000000000000000000000000
0000000000000000000000000000000000000000000000000000000000000000000000001100000000000000000000000000000000000000000000000
0000000000000000000000000000000000000000000000000000000000000000000001110000000000000000000000000000000000000000000000000
0000000000000000000000000000000000000000000000000000000000000000011000000000000000000000000000000000000000000000000000000
0000000000000000000000000000000000000000000000000000000100000000100000000000000000000000000000000000000000000000000000000
0000000000000000000000000000000000000000000000000001000000000010000000000000000000000000000000000000000000000000000000000
0000000000000000000000000000000000000000000000000000000000100100000000000000000000000000000000000000000000000000000000000
0000000000000000000000000000000000000000000000000000011000000000000000000000000000000000000000000000000000000000000000000
0000000000000000000000000000000000000001000000000010000000000000000000000000000000000000000000000000000000000000000000000
0000000000000100001000000000000000000000000001000000000000000000000000000000000000000000000000000000000000000000000000000
0000000000000000000000000000000000000000000110000000000000000000000000000000000000000000000000000000000000000000000000000
0000000000000000000000000000010000000000100000000000000000000000000000000000000000000000000000000000000000000000000000000
0000000000000000100000000001000000000010000000000000000000000000000000000000000000000000000000000000000000000000000000000
0000000000000000000000000000000011000000000000000000000000000000000000000000000000000000000000000000000000000000000000000
0000000000000000010000000000100000000000000000000000000000000000000000000000000000000000000000000000000000000000000000000
0000000000000010000000100000000000000000000000000000000000000000000000000000000000000000000000000000000000000000000000000
0000000000001001000000000000000000000000000000000000000000000000000000000000000000000000000000000000000000000000000000000
0000000001010000000000000000000000000000000000000000000000000000000000000000000000000000000000000000000000000000000000000
0000000110000000000000000000000000000000000000000000000000000000000000000000000000000000000000000000000000000000000000000
0000011000000000000000000000000000000000000000000000000000000000000000000000000000000000000000000000000000000000000000000
0001100000000000000000000000000000000000000000000000000000000000000000000000000000000000000000000000000000000000000000000
0110000000000000000000000000000000000000000000000000000000000000000000000000000000000000000000000000000000000000000000000
