0000000000000000000000000000000000000000000000000000000000000000000000000000000000000000000011000000001110000000011100000
0000000000000000000000100000000001000000000000000000000000000000000000000000000000000000000000000000000000000000000000001
1000000000000000000000000000000000000000000000000000000000000000000000000000000000000000000000000000000000000010000000000
0000000000000000000000000000000000000000000000000000000000000000000000001000000000010000000000100000000001000000000010000
0000000000000000001100000000011000000000110000000001100000000010000000000000000000000000000000000000000000000000000000000
0000000000000100000000000000000000000000000000000000000000000000000000000000000000000110000000001000000000010000000000100
0000000000001000000000010000000000100000000011000000000000000000000000000000000000000000000000000000000000000000000000000
0000000000000000000000000000000000000000000000000000000000000000000000000000010000000000100000000001000000000000000000000
0000000000000000000000000000000000000000000000000000000000000000000000000000000000000000000000000100000000001100000000010
0000000000000000000000000000000000000000000000000000001000000000000000000000000000000000000000000000100000000000000000000
0000000000000000000000000000000000000000000000000000000000000000000000000000000000000000011100000000010000000000100000000
0000000000000000000011000000000110000000001100000000010000000000000000000000000000000000000000000000000000000000000000000
0000000000000000000000000000000000000000000000000000000000000000000001110000001111100000000000000000000000000000000000000
0101000000000000000000000000000000000000000000000000000000000000000000000000000000000000000000000000000000000000000000000
0000000001100000000000000000000000000000000000000000000000000000000000000000000000000000000000000000000000000000000000000
0000000000000000000000000000000000000000000000000000000000000000000000000000000000000001000000000010000000000000000000000
0000001100000000000000000000000000000000000000000000000000000000000000000000000000000000000000000000000000000000000000000
0000000000000000010000000000100000000001000000000110000000011100000000000000000000000000000000000000000000000000000000000
0000000000000000000000001000000000010000000000100000000011100000000110000000000000000000000000000000000000000000000000000
0000000000000001000000000111000000001110000000011000000000000000000000000000000000000000000000000000000000000000000000000
0000000010000000000000000000000000000000000000000000000000000000000000000000000000000000000000000000000000000000000000000
0000000000000000000000000000000000000000000000000000000100000000001000000000000000000000000000000000000000000000000000000
0000100000000000000000000000000000000000000000000000000000000000000000000000000000000000000000000000000000000000000000000
0000010000000000100000000000000000000000000000000000000000000000000000000000000000000000000000000000000000000000000000000
0000000000000000000000000000000000000000000000000000000000000000000000000000000000000000000000000000000000000001000000000
0000000000000010000000000000000000000000000000000000000000000000000000000100000000001000000000010000000000100000000001000
0000000000000000000000000000000000000000000000000000000000000001110000000011100000000000000000000000000000000000000000000
0010000000010000000000000000000000000000000000000000000000000000000000000000000000000000000000000000000000000000000000000
