0000000000000000000000000000000000000000000000000000000000000000000000000000000000011000000000110000000001100000000011000
0000000000000000000000000000000000000000000000000000000000000000000000000000000000100000000011000000001110000000011100000
0000000000000000000000000000000000000000000000000000000000000000000000000001000000000110000000001000000000010000000000100
0000000101000000000000000000000000000000000000000000000000000000000000000000000000000000000000000000000000000000000000000
0000000000000000000000000000000000000000100000000011000000000110000000001110000000000000000000000000000000000000000000000
0000000000000000000001000000000000000000000000000000000000000000000000000000000000000000000000000000000000000010000000000
0000000010000000000000100000000000000000000000000000000000000000000000000000000000000000000000000000000000000000000000000
0001000000000000000000000000000000000000000000000000000000000000000000000000000000000000000000000000000000000100000000000
0000000000000000000000000000000000000000000000000000000000000000000110000000011100000000000000000000000000000000000000000
0000000000000000000000000000000001111111000000000000000000000000000000000000000000000000000000000000000000000000000000000
0000000000000000000000000000000000000000000000000000000000000000010000000000100000000000000000000000000000000000000000000
0000000000000000000010000000000000000000000000000000000000000000000000000000000000000000000100000000010000000001100000000
0000000000100000000000000000000000000000000000000000000000000000000000000000000000000000100000000000000000000000000000000
0000000000000000000000000000000000000000000000000000000000000000000000000000000000000000000000000100000000001000000000010
0000000000000000000000000000001100000000011000000000110000000001100000000000000000000000000000000000000000000000000000000
0000000000000000000000000000000010000000000100000000001000000000000000000000000000000000010000000000000000000000000000000
0000000000000011111000000000000000000000000000000000000000000000000000000000000000000000000000000000000000000000000000000
0000000000000000000000000000000000000000000000000000000000000000000000000000000000000000000000000010000000000000000000001
0000101000000000000000000000000000000000000000000000000000000000000000000000000000000000000000000000000000000000000000000
0000000000010000000000000000000000000000000000000000000000000000000000000000000000000000000000000001000000000000000000000
1010000000000000000000000000000000000000000000000000000000000000000000000000000000000000000000000000000000000000000000000
0000000000000000000000000000000000000000000000000000000000011000000001110000000011000000000000000000000000000000000000000
0000000000000000000000000000000000000000000001111100000011100000000000000000000000000000000000000000000000000000000000000
0100010000000000000000000000000000000000000000000000000000000000000000000000000000000000000000000000000000000000000000000
0000000000000000000000000000000000000000000010000000000100000000001000000000000000000000000000000000000000000000000000000
0000000000000000000000011111110000000000000000000000000000000000000000000000000000000000000000000000000000000000000000000
0000000000001100000000000000000000000000000000000000000000000000000000000000000000000000000000000000000000000000000000000
0000000000000000000100000000000000000000000000000000000000000000000000000000000000000001001000000000100000000000000000000
