0011000000000000000000000000000000000000000000000000000000000000000000000000000000000000000000000000000000000100000000000
0000000000000000000000000000000000000000000000000000000000000000000000000000000000000001000000000100000000010000001111000
0000000000000000000000000000000000000000000000000000000000000000000000000000000000011010000011101000000000100000000000000
0100000000000000000000000000000000000000000000000000000000000000000000000000000000000000000000000000000000000010000000000
0000000000000000001100000000001100000000001000000000010000000000100000000001000000000000000000000000000000000000000000000
0000000000000000000000000000000000000000000000000000000000000000001000000000010000000000100000000001000000000001000000000
0000000000000001110000000111000000001100000000010000000000000000000000000000000000000000000000000000000000000000000000000
1000000000000000000000100000000000000000000000000000000000000000000000000000000000000000000000000000000000000000000000000
0000000000000000000000000000000000010000000001100000000011000000000110000000000100000000000000000000000000000000000000000
0000000000000000000000000000000000000011000000001100000000110000000001100000000000000000000000000000000000000000000000000
0000000000000000000000000000000000000000010100000000101000000001010000000010100000000000000000000000000000000000000000000
0000000000000000000000000000000000000000000000000000000000000000000000000000000000000100000000010000001111000000000000000
0000000000000000000000000000000000000000000010000000000100000000000000000000000000000000000000000000000000000000000000000
0000000000100000000000000000000000000000000000000000000000000000000000000000000000000000000000000000000000000000000000011
0000000000000000000000000000000000000000000000000000000000000000000000000000001010000000011100000000110000000000110000000
0000000011000000000011000000000010000000000000000000000000000000000000000000000000000000000000000000000000000000000000000
0000100000000110000000011000000000100000000000000000000000000000000000000000000000000000000000000000000000000000000000000
0000000000000000000000000000000000000000000000000010000000001100000000010000000000000000000000000000000000000000000000000
0000000000001000000000000000000000000000000000000000000000000000000000000000000000000000000000000010000000001000000000100
0000011100000000000000000000110000000000000000000000000000000000000000000000000000000000000000000000000000000000000000000
0000000000000000000000000000000000000000100000000001000000000010000000001100000001100000000000000000000000000000000000000
0000000000010000000000000000000001000000000000000000000000000000000000000000000000000000000000000000000000000000000000000
