0000000000000000000000000000000000000000000000000000000000000000000000000000000000000000000000000000000000000000011111100
0000000000000000000000000000000000000000000000000000000000000000000000000000000000000000000000000000111111000000100000000
0000000000000000000000000000000000000000000000000000000000000000000000000000000000011111000000000000000000110000000000000
0000000000100000000000000000000001000000000100000000001000000000000000000000000000000000000000000000000000000000000000000
0000000000000110000000011110000000110000000000000000000000000000000000000000000000000000000000000000000000000000000000000
0000000000000000000000000000000000000000000000000000000001100000001100000000010000000000000000000000000000000000000000000
0000000000000000000000000000000000000000000000000000000000000000000011100000001110000000011000000000000000000000000000000
0111100000000000000000000000000000000000000000000000000000000000000000000000000000000000000000000000000000000000000000000
0000000000000000000000000000010000000000100000000001000000000010000000001000000001100000000100000000000000000000000000000
0000000000000000000000000000000000001110000000111000000000000000000000000000000000000000000000000000000000000000000000000
1000000000010000000000000000000000000000000000000000000100000000000000000000000000000000000000000000000000000000000000000
0000000000000000000100000000001100000000011000000000110000000001000000000000000000000000000000000000000000000000000000000
0000000000000000000000000000000000000001000000000110000000011100000000010100000000000000000000000000000000000000000000000
0000000000000000000000000000000000000000000000000000000000000000110000000011100000000000000000000000000000000000000000000
0000000000001000000000100000000000000000000000000000000000000000000000000000000000000000000000000000000000000000000000000
0000000000000000000000000000000000000000000011000000000010000000000000000000000000000000000000000000000000000000000000000
0000000000000000000001000000000010000000000000000000000000000000000000000000000000000000000000000000000000000010000000000
0000000011000000000010000000000000000000000000000000000000000000000000000000000000000000100000000001000000000001000000000
0000011100000001111000000001100000000000000000000000000000000000000000000000000000000000000000000000000000000000000000000
0000000000000000000000000000000000000000000000000000000000000000000000000000000000000000000000000000000000001100000000011
0000000000000000000000000000000000000000000000000000000000000000000000000000000000000000000011111110000000000000000000000
