0
0
0
0
0
0
0
0
0
0
0
0
0
0
0
0
0
0
0
0
0
0
0
0
0
0
0
0
0
0
0
0
0
0
0
0
0
0
0
0
0
0
0
0
0
0
0
0
0
0
0
0
0
0
0
0
0
0
0
0
0
0
0
0
0
0
0
0
0
0
0
0
0
0
0
0
0
0
0
0
0
0
0
0
0
0
0
0
0
0
0
0
0
0
0
0
0
0
0
0
0
0
0
0
0
0
0
0
0
0
0
0
0
0
0
0
0
0
0
0
0
0.149466
0.145435
0.145435
0.140597
0.140597
1.59
0.115173
0.115173
-0.619793
0.304552
0.0977643
0.0977643
-0.0432416
-0.675618
0.0845439
0.0961026
0.0961026
0.0722395
0.21945
-0.211354
-0.0220187
0.0963167
0.0963167
0.0447278
-3.72626
-2.26069
-0.766125
-0.107579
0.118089
0.118089
0.0559066
0.299287
-2.78567
-4.22165
-0.552366
-0.108111
0.135885
0.135885
0.110813
0.52228
-0.52061
0.120662
-2.36962
-0.459232
0.204093
0.149312
0.149312
0.168946
0.648196
1.60075
1.74006
2.01218
0.495153
-3.01749
2.06547
0.145166
0.145166
-0.00629237
0.59642
0.981311
0.544113
1.44226
0.383825
1.10999
0.417782
0.369537
0.143316
0.143316
-0.0386427
0.549847
0.637095
0.181431
0.970323
-0.176071
1.01531
0.410898
0.364631
0.407725
0.134845
0.134845
0.711305
0.0995589
-5.33723
-2.63056
-4.21823
-6.56452
-0.755854
0.15469
0.323921
0.342706
1.04247
0.117654
0.117654
1.05063
0.436489
-0.16856
-0.429519
-0.387063
-2.44548
-3.94794
-1.1663
0.260542
0.29942
0.803464
40.8828
0.0603147
0.0603147
-1.68913
0.612914
0.592342
-0.290509
-0.476353
-0.666847
-2.28043
-1.95432
0.116121
0.233626
0.121451
-22.4703
0.645001
0.00678847
0.00678847
-0.956891
-0.550013
-0.183211
0.740056
-0.110638
-0.493955
0.0473014
-2.6344
0.0249889
0.186809
0.132563
-14.4173
-0.358666
0.312494
0.00929525
0.00929525
-0.541851
-0.920358
-0.534042
-0.248816
0.774823
0.234393
-0.460757
-2.62578
-0.015342
0.154275
-0.094243
21.9265
0.183912
-0.21861
0.101981
0.0337298
0.0337298
-0.528333
-3.72318
-0.25721
-0.228781
-0.33041
0.468824
0.48169
-1.0264
-1.21897
0.24468
0.113375
-7.1595
0.382195
-0.0959019
-0.363914
0.0985022
0.090943
0.090943
-0.125663
-0.41762
-1.05094
-2.9461
-0.504911
-0.351043
0.277558
6.76131
0.395939
0.0254248
0.644578
20.9535
-0.925195
-0.45115
-0.505852
-0.298026
0.501653
0.127928
0.127928
0.0471327
0.351949
-6.14569
-4.35278
-7.48875
-0.665547
-0.401513
0.748356
1.23689
0.0818893
-0.121658
20.6413
2.75584
1.27022
-0.593715
-0.221784
-0.359968
3.6756
0.147419
0.147419
0.159536
0.638924
1.37261
0.970996
1.71036
-0.165603
-3.32602
-0.347479
-0.0989507
0.109344
0.0542374
2.02274
0.130692
-0.77788
0.115265
0.50795
-2.36044
-10.2931
4.64092
0.142246
0.142246
-0.0662768
0.403679
-1.30792
-0.507482
-0.485092
-3.91466
0.552839
0.373113
0.361441
0.354055
1.13258
-14.6725
0.195537
1.26424
0.357344
-0.547712
-0.284105
1.78191
-0.521371
0.198429
0.138741
0.138741
-0.134245
0.227674
-1.34511
-1.79317
-5.28948
2.41056
-2.10553
0.0838689
0.34634
0.319968
0.731621
-12.6247
-2.91415
-1.44604
-0.807988
-0.183481
0.930548
-1.98942
-2.63165
1.11579
3.23336
0.132628
0.132628
1.21845
-2.62285
-4.79727
-4.34324
-7.16619
-5.90233
5.05643
-0.0388223
0.322133
0.238641
-0.240031
6.95827
0.153725
-0.141161
0.337653
1.10102
-0.0576109
-0.602599
1.95277
1.004
1.07452
10.7389
0.119609
0.119609
1.36331
0.162281
-0.107492
-0.249824
-0.0677821
-6.03775
1.46725
-1.37138
0.270142
0.176604
-0.68095
17.8085
0.788361
-0.00524759
-0.109116
-0.0504873
0.036831
3.19379
2.93869
0.763906
0.491902
6.65786
15.5854
0.052464
0.052464
0.429543
-0.166225
-0.121676
-0.148432
-0.38298
-0.280546
0.543457
-2.35151
0.0764063
0.0691172
0.281664
-27.493
-0.0352028
0.839962
-0.261612
-0.19409
-0.364685
0.18407
-0.30813
0.335359
-0.19708
3.18352
3.71382
0.723402
-0.0349479
-0.0349479
-1.57813
-0.180455
0.136376
0.105533
0.199094
-0.243641
-0.340484
0.0755399
-0.10847
0.0373239
-1.79826
-4.35185
-0.222657
-0.21986
0.74453
0.359394
-0.123528
-0.115361
-0.856259
0.193059
-0.414669
-0.0671747
0.90422
-0.275463
0.0221671
-0.0186473
-0.0186473
-0.629918
-0.152741
-0.112462
-0.0532377
-0.0281029
0.122904
0.0271475
-0.114066
-0.686209
0.10069
-0.142688
9.34559
-0.917911
-0.241744
-0.496462
1.01619
0.607522
-0.863693
-0.144598
-0.780188
0.579282
0.826261
1.38798
0.520224
-0.321198
-0.562262
0.0495731
0.0495731
-0.465099
-3.2761
-5.51453
-0.130735
-0.197535
0.0742948
0.36774
-0.692286
0.336703
0.209637
0.496907
8.83614
-0.755471
-0.490388
-0.210711
-0.535132
0.817415
3.57914
-3.13611
0.808557
-0.48074
3.57001
2.6364
0.512257
-0.191738
-0.285911
0.492868
0.115261
0.115261
-0.0053411
0.110064
5.27055
-0.108247
-0.0821697
-0.328442
0.175581
0.50909
0.610663
0.0791928
-0.137502
-12.8564
0.79747
0.0134194
0.420428
-0.0295885
-0.611415
2.17231
12.7526
1.48156
-0.323853
0.654054
-1.73832
-1.84178
1.21983
-0.00146021
-0.149603
5.86234
0.142301
0.142301
0.142108
0.60178
-0.00314959
-2.56249
0.545822
-1.16618
0.0299138
2.06306
-0.782565
0.113909
0.0858941
1.87428
-0.10983
-2.20718
-0.77712
-3.31783
0.332423
1.23373
0.226718
3.99741
-0.0624349
1.91485
0.84502
0.696691
-0.305929
-4.96009
-0.649103
1.06669
6.19495
0.149466
0.149466
0.170049
0.650959
1.63423
1.76989
2.06842
0.761646
1.22723
0.420003
0.372504
0.116488
0.109343
2.98765
0.359041
2.00165
0.488902
0.388489
0.118599
0.700326
0.482728
0.235237
0.0372005
0.347231
-0.378614
-0.161175
0.207456
1.42434
0.281829
-0.148671
-0.764452
0.252514
0.148439
0.148439
0.14442
0.509547
-0.252842
1.16651
0.626873
-0.331036
-0.533537
0.380189
0.368986
0.0726991
0.0208073
-0.270256
-0.508276
-9.50891
-2.1562
3.3252
-2.92369
-2.31586
-0.95825
0.211468
1.74511
2.43001
1.42111
0.827974
0.756829
-2.17214
0.152175
3.86046
2.46836
3.2437
0.148439
0.146781
0.146781
0.11267
0.483163
-0.853171
0.486811
0.435397
-2.20064
0.616219
0.407046
0.365633
0.0136639
0.881856
-21.8209
-1.07051
0.235722
0.597402
-0.304829
-0.790832
1.79811
0.377528
0.213191
1.91048
4.75002
-0.427497
1.6903
0.912135
-17.7926
-2.02195
-2.49558
-0.588386
0.171945
0.146781
0.569554
0.139687
0.139687
0.0488357
-0.159768
-4.0874
-3.85868
-3.73397
-7.06269
0.103099
0.367293
0.351272
0.316887
0.902446
-22.0852
-5.22784
0.0350439
-0.533201
-0.0379951
0.593863
-0.118705
-0.463734
0.174828
0.486213
-5.10341
2.85034
1.71519
0.65877
7.21796
1.2696
2.61313
2.77406
0.12068
0.139687
0.492035
1.78611
0.132083
0.132083
0.764052
-0.300329
0.0417847
0.275693
-0.659477
1.38675
-2.67909
0.264481
0.317961
0.27304
0.756153
2.70971
0.243057
-0.289276
-0.353048
-1.4821
-0.671125
-1.82168
-2.63215
0.0726103
0.292147
-2.6706
1.56704
1.33414
-0.803047
0.353168
1.12812
-0.920259
11.2849
-0.338144
0.132083
0.297244
-0.0970855
4.92476
0.0501987
0.0501987
0.448886
-0.225439
0.0796369
0.149617
0.00405869
-0.105058
0.164355
2.53666
0.0788148
0.0753311
0.434708
11.7823
0.151343
-0.0783102
0.0137404
-0.160621
0.0210156
0.716515
-0.221914
0.373528
-1.23754
-0.524355
-3.79045
-0.369292
0.91458
-0.175645
-0.175601
-0.499819
-0.958211
0.674243
0.0501987
0.126377
0.333303
0.184297
3.23791
-0.0903354
-0.0903354
-0.589407
-0.00404171
-0.0702916
-0.121437
-0.0298448
-0.0562751
-0.130811
-0.42416
-0.808902
-0.311157
-0.154573
12.9933
-0.160507
0.260341
-0.225734
0.24226
-0.0108144
0.0193779
0.183324
-0.873445
-1.46164
-1.7786
2.99979
-0.302244
-0.15177
0.762826
0.729781
-0.313199
-0.100163
0.949261
-0.0903354
-0.0562472
-0.653464
1.03696
-7.97249
-0.30743
-0.00423197
-0.00423197
-0.341637
0.232854
-0.0961143
-0.0732796
0.0254495
-0.0395381
2.43177
-3.11225
0.341898
-0.0960867
0.704502
8.69001
-0.389081
0.122082
-0.158962
-0.133057
0.504735
-3.20291
-2.86172
-2.28695
-0.440228
0.754174
5.37607
-0.414446
-0.0738566
-0.298138
1.45013
0.649358
-2.9427
1.5696
-0.00423197
-0.491469
0.657529
2.33625
-7.65166
-0.0319738
-0.563788
0.0980076
0.0980076
-0.0737527
-1.69364
-4.24964
-0.49161
-0.016025
-0.176719
-0.00576337
-1.04064
0.63213
0.0178148
0.95501
4.10162
0.724279
-0.269195
-0.337376
-0.275172
-0.360042
0.392741
-3.17011
0.458582
1.8712
2.48523
0.00844655
-3.75057
0.148964
-0.257598
-0.813046
0.969566
0.973531
7.16706
0.0980076
0.656587
1.35049
0.160209
-4.60863
-0.0524786
-0.156967
1.31689
0.138149
0.138149
0.103569
0.551407
-4.11728
0.0902512
-8.6068
-0.135498
-0.580481
-2.20889
-0.586227
0.0585049
1.07489
-15.573
-0.73492
-8.72229
-1.46039
0.118501
-0.191181
-1.40395
0.097522
-0.0733567
1.35405
1.76702
1.08841
2.03464
-3.45791
0.364128
-0.35634
0.792092
9.63166
10.9643
0.138149
1.08801
0.307391
0.580767
-1.16587
1.52911
0.0380232
-1.03668
6.64745
0.149029
0.149029
0.167285
0.633329
-0.475965
4.07556
1.16955
-4.17473
-0.32394
0.411534
0.371169
0.116044
0.0955217
2.9269
0.345333
0.98737
5.40324
-3.19769
-1.51086
-0.222543
-0.357141
0.216802
-0.0323035
1.99084
0.912384
0.859364
0.538286
2.07293
1.11651
-0.343739
3.01855
3.28969
0.149029
0.716261
0.190832
0.384651
-1.06445
0.0293461
1.23185
0.837146
1.39385
17.3446
0.149466
0.149466
0.170049
0.650959
1.63423
1.76989
2.06842
0.761646
1.22723
0.420003
0.372504
0.116488
0.109343
2.98765
0.359041
2.00165
0.488902
0.388489
0.118599
0.700326
0.482728
0.235237
0.0372005
0.347231
-0.378614
-0.161175
0.207456
1.42434
0.281829
-0.148671
-0.764452
0.252514
0.149466
0.113597
0.202892
0.40498
-0.421034
-0.292031
0.448423
0.374075
0.0505197
-0.348133
0.135605
0.149466
0.149466
0.170049
0.650959
1.63423
1.76989
2.06842
0.761646
1.22723
0.420003
0.372504
0.116488
0.109343
2.98765
0.359041
2.00165
0.488902
0.388489
0.118599
0.700326
0.482728
0.235237
0.0372005
0.347231
-0.378614
-0.161175
0.207456
1.42434
0.281829
-0.148671
-0.764452
0.252514
0.149466
0.113597
0.202892
0.40498
-0.421034
-0.292031
0.448423
0.374075
0.0505197
-0.348133
0.135605
0.149466
0.149123
0.149123
0.159662
-0.289173
-1.48106
-1.35332
-1.71975
0.698554
1.16469
0.417802
0.371583
0.113058
0.105098
1.79663
-0.220249
-4.78443
-2.99759
3.11265
0.406932
0.0613032
0.475985
0.232688
0.0190818
-0.158061
-6.63278
0.453884
-0.113597
13.6258
1.80577
0.316665
1.39931
0.246523
0.149123
0.0958955
1.30593
0.817885
-0.0343535
-1.38099
0.789964
1.37887
0.0374322
-0.367191
0.135281
0.149123
0.149123
0.149177
0.149177
0.163829
0.638235
-0.192674
-2.97312
1.74396
2.91064
0.912202
0.414869
0.370594
0.115934
0.107377
-3.19055
0.34893
-2.15563
0.389873
-1.9799
0.262881
0.595533
0.480081
0.232264
0.033513
0.272109
-0.586093
-0.206564
-0.973054
-1.49125
0.369728
2.73394
-1.56491
0.2426
0.149177
0.112345
0.19277
-0.899163
11.13
-1.57927
0.389032
0.380933
-0.803868
-0.380027
0.135376
0.149177
0.149177
0.25038
0.135583
0.135583
0.459154
0.238749
-0.406507
0.344464
0.150851
0.280661
-0.574465
0.0590805
0.32966
0.335268
0.868716
-24.2185
-1.0715
0.114781
-0.277454
-0.329561
-0.939281
1.58871
-1.04014
0.0275208
0.0558594
-2.04458
3.75488
-0.483556
2.91216
-0.232882
-0.375669
-0.97039
-6.50603
-0.234179
0.135583
-0.417124
-0.935675
0.768184
11.0738
0.561053
-0.373643
1.76151
-1.39894
0.465606
0.064048
0.135583
0.135583
0.0616485
0.533302
0.010307
0.010307
0.7419
-0.0063113
-0.0297981
-0.0166895
0.0878824
0.10238
0.048885
0.00444492
-0.71209
0.0916172
-0.718485
-8.93907
0.0302994
0.161824
0.0728618
0.108811
0.0284016
0.0850542
-0.395454
-0.726672
-0.574692
-1.56901
-0.741124
0.446667
0.179994
0.305737
0.0129538
0.0423886
0.223514
4.19436
0.010307
0.262697
0.218352
-1.73558
-4.72222
1.04872
0.419811
-0.088251
0.0368474
-0.355764
0.534849
0.010307
0.010307
0.00733313
-0.144907
1.58602
-0.129772
-0.129772
0.32571
-0.339258
0.334595
-0.234252
-0.368616
-0.459439
4.53355
0.511462
-0.0717298
-0.308048
-1.30195
-33.1112
0.00450686
-0.564714
0.108696
-0.255008
-0.111736
-1.13811
3.22744
-0.59252
-0.592706
-4.16919
1.95156
-0.430906
-0.164032
0.209016
-0.349785
-0.447325
-1.37008
1.19213
-0.129772
-0.0596121
0.0489016
-2.05462
-2.53513
0.169227
1.54562
1.20747
-0.219147
-2.61482
0.201487
-0.129772
-0.129772
-0.000438623
-0.499282
-2.27083
-0.693359
0.0396495
0.0396495
0.180505
0.200914
0.131561
0.0443938
0.0644145
-0.066376
-0.0886716
-0.962723
0.334037
-0.00323784
-0.21109
-9.65364
-0.0441664
-0.00705815
0.0560697
0.00825758
0.184415
0.365167
1.08896
0.0977799
0.693077
1.86838
0.0254578
-0.0370726
-0.262791
-0.154908
-0.213279
0.486854
1.60295
1.76763
0.0396495
0.0279042
0.201752
-0.296466
-6.67947
-0.283132
-0.257876
0.985856
6.69803
-2.73806
-0.570845
0.0396495
0.0396495
-1.02506
0.242284
-4.12743
-0.139285
-2.32846
0.134327
0.134327
0.608164
-3.24219
4.4042
0.0672034
0.200288
0.144033
0.0522882
-0.698432
-0.761038
0.0918124
0.0134789
-5.29133
-0.276017
0.702306
-0.194045
-0.0199056
-0.420417
0.0853925
0.347697
-0.233377
0.973175
-0.875759
1.0546
-1.51724
-0.15798
0.0950306
-0.16402
-0.765167
0.329361
1.66983
0.134327
0.638782
-0.223287
-0.451932
4.91694
-0.056151
-0.366892
-1.54019
2.25061
25.4174
0.823037
0.134327
0.134327
0.258883
0.0530661
-0.778085
0.0656863
0.0724618
1.54514
0.146017
0.146017
0.724218
-0.222945
0.676094
-1.98181
-2.20771
3.6147
1.32134
0.490535
0.335663
0.111847
0.0982265
5.98604
-1.92282
-1.01992
1.00532
-3.64278
-0.0970012
1.88977
0.756855
0.131645
1.15438
-0.379797
2.61583
-0.556641
1.60826
1.08119
-4.01415
-0.721037
-0.20489
1.35631
0.146017
0.802974
-0.0971849
0.157206
2.53464
-3.36097
0.396665
-1.19965
-5.82609
14.0948
1.07824
0.146017
0.146017
0.304121
0.113743
-0.806372
-0.944607
0.515798
3.49919
8.20214
0.149364
0.149364
0.168481
0.649281
1.24858
4.29752
-0.387065
-5.44022
1.20493
0.393879
0.371866
0.116398
0.109141
2.97784
0.345521
-0.0238247
0.855287
-0.0356765
0.0550864
-2.18498
0.47055
0.229312
0.0368195
0.345927
-0.382005
-0.163887
-3.20037
2.75935
0.25621
-0.191992
-0.775874
0.243083
0.149364
0.113155
0.202685
0.404116
-0.719294
5.10323
-3.07199
0.25309
-0.0321677
-1.75222
0.0880657
0.149364
0.149364
0.310815
0.134906
0.0800439
0.375664
-3.77639
-6.43048
4.057
1.50377
0.149466
0.149466
0.170049
0.650959
1.63423
1.76989
2.06842
0.761646
1.22723
0.420003
0.372504
0.116488
0.109343
2.98765
0.359041
2.00165
0.488902
0.388489
0.118599
0.700326
0.482728
0.235237
0.0372005
0.347231
-0.378614
-0.161175
0.207456
1.42434
0.281829
-0.148671
-0.764452
0.252514
0.149466
0.113597
0.202892
0.40498
-0.421034
-0.292031
0.448423
0.374075
0.0505197
-0.348133
0.135605
0.149466
0.149466
0.311164
0.135071
0.0938031
-0.199387
-1.1408
-0.0366357
-0.357273
0.0837673
0.160213
0.149466
0.149466
0.170049
0.650959
1.63423
1.76989
2.06842
0.761646
1.22723
0.420003
0.372504
0.116488
0.109343
2.98765
0.359041
2.00165
0.488902
0.388489
0.118599
0.700326
0.482728
0.235237
0.0372005
0.347231
-0.378614
-0.161175
0.207456
1.42434
0.281829
-0.148671
-0.764452
0.252514
0.149466
0.113597
0.202892
0.40498
-0.421034
-0.292031
0.448423
0.374075
0.0505197
-0.348133
0.135605
0.149466
0.149466
0.311164
0.135071
0.0938031
-0.199387
-1.1408
-0.0366357
-0.357273
0.0837673
0.160213
0.149466
0.149277
0.149277
0.168929
0.621376
1.08174
0.548371
5.02531
3.866
0.730125
0.418159
0.37197
0.116241
0.108747
-1.80594
0.310764
1.01921
0.174823
2.90104
1.3663
0.691159
0.481646
0.234646
0.0250018
0.228355
-0.41073
-0.170509
0.154863
-2.80369
2.04995
-1.79252
-0.769779
0.248147
0.149277
0.11272
0.177161
0.374583
-0.433231
-0.403042
1.37246
1.49938
-1.34026
-0.357046
0.135679
0.149277
0.149277
0.253661
0.10749
0.0743227
-0.373692
-0.908815
0.919462
-0.362401
0.0830426
0.160088
0.149277
0.149277
0.148988
0.148988
0.16247
0.610717
-5.27096
-4.04286
-6.18895
3.46601
0.41348
0.412527
0.369962
0.11568
0.106751
-8.01642
-3.41772
-3.53641
-1.74046
1.36991
2.59575
0.58329
0.478572
0.231394
0.0212582
0.117592
-0.654169
-0.324007
-1.46555
-5.24515
1.28971
-0.765737
-1.57104
0.237525
0.148988
0.111468
0.164304
-0.93985
11.1121
-2.19952
-3.95427
0.777638
-2.07937
-0.389581
0.135425
0.148988
0.148988
-0.0964709
0.607811
5.00115
-0.847605
1.87559
1.83325
-0.495535
0.0808347
0.158919
0.148988
0.148988
0.521481
0.121646
0.121646
-0.0359417
-1.26903
4.55795
-0.30739
0.237898
0.330609
0.347118
-0.450133
-0.174969
0.331718
1.14488
-18.8011
3.25882
0.115561
0.354313
0.314408
0.114164
0.110617
0.740532
0.191549
0.113901
2.47542
-3.01107
1.84759
0.488035
0.485901
-0.00134556
0.604273
-0.0494331
1.25358
0.121646
-0.483331
-0.234751
-0.286948
10.4842
0.392392
0.213892
0.205151
-0.158443
-0.85979
-0.0864468
0.121646
0.121646
-0.167158
-0.0120298
21.7346
0.907454
-0.315685
0.228983
-0.181946
0.232321
-0.0189316
0.121646
0.121646
0.0497262
0.976496
-0.0706664
-0.0706664
-1.02456
-0.0632479
0.0574585
-0.0386958
0.0250651
-0.0727726
0.0834723
2.63848
0.156479
-0.0138792
0.23165
-3.12944
-0.130614
-0.07091
0.113562
-0.0555226
-0.020475
0.21707
0.0908102
0.475428
-1.13659
-6.27523
5.3537
-0.365758
0.0382338
0.178183
0.182484
0.348301
0.442255
3.24959
-0.0706664
-0.406374
-1.08417
-1.63514
7.35348
0.176505
0.527899
-0.0719717
0.26927
-4.37108
0.122461
-0.0706664
-0.0706664
-1.16432
-0.336534
-0.401126
1.1731
0.483831
-0.0437607
0.0441045
-0.811754
0.0969899
-0.0706664
-0.0706664
-0.684438
-0.624731
6.35361
-0.132322
-0.132322
0.112195
4.16129
-0.423673
0.118495
0.140187
-0.171089
-0.0235891
0.389908
-0.248723
0.0368524
-0.752247
-11.3067
0.240607
0.244204
-0.222925
-0.147118
-0.32537
0.0394814
-6.79537
-0.706945
0.609503
-2.3367
-1.16692
0.250153
-0.461926
0.148274
0.377384
0.0862806
3.2595
-1.36277
-0.132322
-0.00525391
-0.948152
-2.43891
15.1911
-0.102744
0.216233
0.921863
-0.931634
-3.53144
-0.407773
-0.132322
-0.132322
-0.0285141
-0.521783
-3.13171
0.0388721
2.971
1.7039
3.16704
0.452439
0.000553544
-0.132322
-0.132322
0.0342695
-0.237303
-0.934109
-0.237935
0.104018
0.104018
0.730283
0.0597227
0.0712066
0.225196
0.160229
0.150352
-0.158467
0.0933395
-0.554668
0.00227135
-0.334599
4.68969
0.222439
0.368913
0.142119
0.081463
-0.239672
-0.161228
-0.0586099
0.505109
1.10787
-0.684523
-1.66142
-0.220886
0.292168
0.209608
0.00800509
0.405901
0.196995
-0.407403
0.104018
0.15517
0.863494
1.43664
1.11538
0.186341
0.0679957
0.414713
0.700749
-10.5288
0.631323
0.104018
0.104018
-0.410152
0.375505
-0.137225
-0.0872651
0.0392989
1.17891
1.57399
2.40859
0.608246
0.104018
0.104018
0.0844932
0.224943
-0.0865759
-0.109506
-0.864591
0.142705
0.142705
1.14787
-1.38216
-0.477811
-0.451134
-0.0873625
-1.55508
1.17074
0.488212
0.328005
0.05367
-0.134197
-0.425201
0.195799
0.432236
-0.22953
0.399139
0.819327
-2.89402
0.430522
0.111486
0.521475
-1.34882
0.98776
-0.286593
0.178055
-0.669627
-0.352435
-1.51806
-0.825173
1.31084
0.142705
0.596111
-0.225072
-2.14641
-11.6178
0.158456
-0.852495
-3.18869
1.36622
1.43917
0.0507454
0.142705
0.142705
0.27695
0.100605
-5.83557
-0.339597
-1.09735
-4.53703
9.55708
2.61602
0.113049
0.142705
0.142705
0.1192
0.123195
2.05894
0.783599
-0.231719
0.619716
0.143793
0.143793
1.13204
1.08134
-4.5356
1.35046
-0.0230542
-0.996672
0.942595
0.411448
0.367008
0.438864
0.582159
6.85823
0.978213
-1.15076
1.82768
1.38677
-1.06822
-2.07537
0.249983
0.217687
-0.078887
2.0949
3.92436
0.112082
2.15532
0.619072
-1.9163
2.52388
-1.07389
0.224828
0.143793
-0.214979
-0.531339
0.159835
7.52548
3.15068
2.42247
-2.43633
-3.45736
-0.700319
0.120411
0.143793
0.143793
0.284498
0.114331
-1.70394
1.60766
1.71462
5.29449
-0.162259
0.785735
0.15055
0.143793
0.143793
0.135784
0.14508
-3.17133
3.69193
3.48481
0.00666022
2.70439
0.148986
0.148986
0.166179
0.638568
0.536804
-3.67524
4.04107
7.54729
0.782573
0.408716
0.370622
0.114466
0.105782
1.06953
1.70358
2.23055
1.39375
1.29358
0.176906
1.06971
-0.307597
0.200001
0.0350592
0.315439
-0.4471
9.28822
-1.94553
2.09135
-2.92794
-4.02287
-1.08387
0.244644
0.148986
0.1124
0.20011
0.390311
-0.619195
2.33309
2.16638
0.315861
0.0215445
-0.375136
0.13363
0.148986
0.148986
0.310017
0.134418
-0.0914683
-0.197477
-3.27746
-0.0484976
-0.413662
0.0805941
0.154142
0.148986
0.148986
0.149016
0.169018
-3.13205
-0.216597
-1.80946
-0.0474823
0.274982
0.0963644
0.149466
0.149466
0.170049
0.650959
1.63423
1.76989
2.06842
0.761646
1.22723
0.420003
0.372504
0.116488
0.109343
2.98765
0.359041
2.00165
0.488902
0.388489
0.118599
0.700326
0.482728
0.235237
0.0372005
0.347231
-0.378614
-0.161175
0.207456
1.42434
0.281829
-0.148671
-0.764452
0.252514
0.149466
0.113597
0.202892
0.40498
-0.421034
-0.292031
0.448423
0.374075
0.0505197
-0.348133
0.135605
0.149466
0.149466
0.311164
0.135071
0.0938031
-0.199387
-1.1408
-0.0366357
-0.357273
0.0837673
0.160213
0.149466
0.149466
0.149475
0.169208
-0.0264784
-0.219322
-0.0844161
0.00776294
0.457694
0.140549
0.163215
0.149466
0.149466
0.170049
0.650959
1.63423
1.76989
2.06842
0.761646
1.22723
0.420003
0.372504
0.116488
0.109343
2.98765
0.359041
2.00165
0.488902
0.388489
0.118599
0.700326
0.482728
0.235237
0.0372005
0.347231
-0.378614
-0.161175
0.207456
1.42434
0.281829
-0.148671
-0.764452
0.252514
0.149466
0.113597
0.202892
0.40498
-0.421034
-0.292031
0.448423
0.374075
0.0505197
-0.348133
0.135605
0.149466
0.149466
0.311164
0.135071
0.0938031
-0.199387
-1.1408
-0.0366357
-0.357273
0.0837673
0.160213
0.149466
0.149466
0.149475
0.169208
-0.0264784
-0.219322
-0.0844161
0.00776294
0.457694
0.140549
0.163215
0.149466
0.149143
0.149143
0.163447
0.61004
1.0059
-3.9528
2.92363
3.54443
0.718209
0.415357
0.371062
0.115999
0.106782
9.31288
-3.6057
-1.60157
-1.66427
-1.51713
2.96452
-3.93387
0.168376
0.232726
-0.0138016
-0.128578
-0.472652
-0.18242
-0.0064605
-4.21228
-1.60171
0.199093
-0.851188
0.239189
0.149143
0.110601
0.158044
0.344939
-0.458321
-2.26752
-0.568828
-3.02391
-0.582192
-0.384813
0.135559
0.149143
0.149143
0.25144
0.0811211
0.0604372
-0.672146
-1.0175
0.976521
-0.493871
0.0758121
0.159396
0.149143
0.149143
1.52097
0.458677
-3.82488
-3.10625
-5.84443
0.532267
-1.06173
0.139578
0.162845
0.149143
0.149143
0.138016
0.138016
0.112396
0.54771
3.44997
4.90969
0.903069
0.352301
0.815653
2.46017
-0.0793546
0.0961439
-0.00644749
17.9009
-2.27926
0.47839
-0.083949
0.710192
1.31596
0.079385
0.210576
-0.598203
-0.0753764
-0.38552
-0.937727
-3.60855
-2.70431
0.212393
0.795954
1.76179
-0.149355
-0.52638
0.138016
0.0613685
0.0973727
-1.08161
13.0072
0.205111
-0.0474213
0.882289
1.20707
-2.35638
0.0665456
0.138016
0.138016
0.160916
0.514808
14.7428
-0.0378187
1.39771
2.27314
0.570221
0.430216
0.0982614
0.138016
0.138016
0.380186
0.702555
0.713646
-0.821167
0.122579
0.219776
-0.206381
0.0790354
0.0496448
0.138016
0.138016
0.807457
0.0816374
0.0816374
-0.0890542
-3.04446
-4.7
0.032312
-0.0298272
0.0860568
0.0994371
-0.156433
0.475295
0.0322238
-0.231737
-7.75873
-2.31166
-0.645412
0.00205313
0.042363
0.203933
0.0267777
0.360248
0.949536
-0.588347
-2.29453
-6.40106
-2.17057
-0.390522
0.0532224
0.0537191
0.152015
0.334286
3.26527
0.0816374
-0.335271
-0.392159
-2.60236
5.64014
0.356271
0.633818
0.0482745
0.283453
-7.2179
-0.529793
0.0816374
0.0816374
-0.0122974
-0.0801188
11.6677
0.717811
-0.300646
0.228291
0.495222
-0.495127
0.455283
0.0816374
0.0816374
-0.0843445
-0.250006
9.05332
1.04413
-0.489287
-0.0830481
2.56809
0.863929
0.237755
0.0816374
0.0816374
-0.135358
6.75259
-0.0930212
-0.0930212
-0.459272
-0.107051
0.0624916
0.0899938
-0.0046296
6.23893
-1.72551
2.62208
-0.096148
-0.0247252
0.258088
8.79611
0.181495
-0.0123448
-0.0807246
0.0761815
0.0314055
5.52948
-3.65423
0.317761
0.644834
3.73007
-4.80337
0.498183
0.100198
-0.140863
-0.145233
0.456903
-2.77554
-2.97814
-0.0930212
0.229968
0.00638839
-1.84041
1.28022
-0.225362
-0.0547621
0.215393
0.830067
6.30005
0.04881
-0.0930212
-0.0930212
-1.43604
-0.375851
4.70108
-0.136713
-0.0730356
0.0487141
4.94046
-0.0257041
0.101269
-0.0930212
-0.0930212
-0.129981
-0.993033
-4.40861
1.39708
-0.216082
0.0515313
-0.0422024
-0.159406
0.0896761
-0.0930212
-0.0930212
-0.304846
-5.53534
-1.19415
-0.0730999
-0.0730999
-0.00720321
-0.684496
0.29869
0.175112
0.0531091
0.0541237
0.0963028
0.0607565
-0.828297
0.0320488
0.408676
-2.63613
0.135977
0.0554339
0.19156
0.16619
-0.0447769
-0.0088424
0.0166484
0.587398
-0.0117843
0.00207341
-6.53201
0.34528
0.176032
0.140867
0.0135463
0.0354396
0.352628
-2.31826
-0.0730999
-0.105471
-0.127885
-2.20262
-3.33612
0.137937
0.0893465
0.328097
0.322054
4.8352
-0.0863956
-0.0730999
-0.0730999
0.0595468
0.0479902
6.56924
-0.00437181
0.487197
0.754236
-0.55591
0.618353
0.191945
-0.0730999
-0.0730999
0.0427656
0.130133
0.177263
-0.15438
2.1178
0.760446
-2.29998
0.811313
-0.278536
-0.0730999
-0.0730999
0.0964332
0.0775928
-0.377638
-0.386771
0.112047
0.112047
1.47773
0.0971588
0.000669121
-0.00569569
-0.0813916
0.0253582
0.747224
4.0982
0.229998
0.295699
-0.174057
4.12402
-0.0272215
-0.208585
0.190689
0.0955441
0.363577
-0.743642
4.25228
-0.147502
-0.205593
1.52318
2.71465
0.464581
0.00878521
-0.0211205
0.242275
-0.561146
2.70537
0.593022
0.112047
0.246748
-1.54977
2.07586
-1.0153
0.0802334
0.409439
0.0321703
0.781418
-5.21317
-0.0712717
0.112047
0.112047
-0.357747
0.415451
1.89606
-0.0895837
0.534679
-0.00650541
1.54664
0.712532
-0.0151457
0.112047
0.112047
-0.147296
-0.0638303
-0.475304
0.0302234
-0.363315
1.4284
9.6851
1.23305
-0.146314
0.112047
0.112047
0.289443
1.45266
0.199577
7.66567e-05
0.0352368
0.135432
0.135432
1.24756
1.29356
0.89093
0.693606
0.765006
1.28119
-2.5108
-0.80247
0.340094
0.296036
-0.0147565
5.31168
0.184986
0.194316
0.555727
0.549256
0.356671
-2.78898
0.160066
0.0981767
-0.347491
-0.373581
-3.29498
-0.709222
-0.0438686
-0.913762
0.417929
1.07881
-2.96789
0.0798038
0.135432
0.526926
0.577031
2.26128
-2.56328
0.783175
-0.292979
0.189957
4.37309
-1.86479
0.0853546
0.135432
0.135432
0.775979
0.0605777
-9.82922
0.702622
-0.827714
-1.99565
-2.37462
0.469228
0.104895
0.135432
0.135432
0.110253
0.0809591
0.0295494
0.981607
-0.175635
-0.909728
8.97456
1.49156
0.562386
0.135432
0.135432
0.0909799
-0.338744
0.797127
-0.0738683
-0.187203
0.735821
0.143146
0.143146
0.540266
-2.40817
7.91248
4.3716
11.1464
11.2224
0.368465
0.396968
0.364676
0.396513
0.511479
33.4716
6.84641
4.56907
-0.211288
-1.58367
0.202404
2.87257
-1.48878
0.179928
0.557627
3.20268
1.34007
-1.71112
-1.67818
2.86814
1.06116
0.637061
-2.84537
0.218986
0.143146
0.745281
-0.107135
0.790304
4.11074
-1.06283
0.24577
-2.95707
-4.06315
-0.721423
0.122357
0.143146
0.143146
0.116964
0.115481
-4.05715
-0.3729
2.71826
-1.60422
-1.17091
-0.0018465
0.145541
0.143146
0.143146
0.135742
0.14647
-4.00657
-0.567455
1.21855
0.140058
0.34723
1.3077
0.647997
0.143146
0.143146
0.13658
-0.150215
2.92842
3.03103
1.10494
-1.71025
7.40888
0.149279
0.149279
0.168267
0.625137
0.593011
-1.34892
2.98555
5.85034
1.18642
0.415815
0.372023
0.116064
0.10894
2.93091
4.07588
6.8505
1.99868
1.63984
0.546272
11.5474
-0.653197
0.23345
0.0364534
0.3423
-0.388973
-0.208269
-0.0859173
1.98939
-3.12424
-2.5381
-1.01094
0.249546
0.149279
0.113054
0.202269
0.40111
-0.428691
-3.92616
0.510106
0.26968
0.0373008
-0.35714
0.134406
0.149279
0.149279
0.310666
0.134746
0.0574192
0.205493
2.00081
-0.0558955
-0.427659
0.0814971
0.159088
0.149279
0.149279
0.149245
0.169062
-1.72221
-0.161357
-4.62706
-0.739672
-0.097894
0.0496621
0.0479363
0.149279
0.149279
0.155255
-0.0914496
2.38954
-14.5654
-2.48497
4.69461
6.5993
0.945373
0.149284
0.149284
0.167489
0.648312
0.0464859
2.4993
-0.38429
0.718766
1.2157
0.408397
0.36888
0.116339
0.108086
2.96638
-0.163962
-0.35325
0.856273
-0.548579
-0.134596
0.656028
-0.360817
0.220698
0.0367282
0.342655
-0.393199
-0.253915
0.686018
2.67209
0.124982
-0.648287
-0.77388
0.233633
0.149284
0.113138
0.202326
0.401818
-0.446997
0.402974
-0.0693394
-1.09374
0.048022
-0.396114
0.132803
0.149284
0.149284
0.310177
0.134046
-0.156393
-0.0281307
-2.02997
-0.0483277
-0.373085
0.0784117
0.109157
0.149284
0.149284
0.149452
0.168631
2.56049
-2.88815
-0.142207
-1.24737
0.443376
0.140045
0.161615
0.149284
0.149284
0.155381
-0.312063
0.293903
-1.53969
-1.20593
-0.392734
1.97747
0.0289579
0.17395
0.148663
0.148663
0.168198
0.648898
1.41144
1.70707
2.00747
-1.66397
-4.64884
2.19275
0.316775
0.11622
0.107966
2.96102
0.353974
1.97164
0.485802
0.321316
1.56969
0.717213
1.20445
0.102712
0.0349499
0.337605
-0.386348
-0.162658
0.202058
1.03538
3.81349
-0.144581
-0.743543
0.877217
0.148663
0.111094
0.200031
0.400446
-0.442614
-0.359639
2.50228
0.387122
0.0637789
2.56775
0.13257
0.148663
0.148663
0.306379
0.132522
0.0645308
1.74161
-1.13006
-0.0139564
3.96877
0.0793533
0.157573
0.148663
0.148663
0.146133
0.163659
1.70988
-0.21749
0.235218
-2.46328
0.451485
0.140144
0.16191
0.148663
0.148663
0.151962
0.207002
0.233999
0.048535
-1.05226
-1.58321
2.00571
0.0288408
0.174253
0.185371
0.142181
0.142181
0.14626
0.592587
-2.01618
-2.26628
-4.99025
-0.0243702
0.0918502
-0.917103
-0.133681
0.113755
0.0987284
-2.81405
-0.00992514
-2.79874
-1.65917
-0.753582
-0.893313
0.241952
-0.136766
-0.463293
-0.00597629
0.137291
-0.484868
-0.427064
-1.46592
0.173698
0.752859
1.79426
3.15266
0.767111
0.142181
0.0762594
0.142161
0.334895
-4.6887
-1.31236
0.0249498
2.33568
1.76522
-0.683255
0.0868525
0.142181
0.142181
0.23343
0.061025
-0.371327
-0.0319735
4.00166
1.37512
0.109046
0.49983
0.118908
0.142181
0.142181
1.56303
0.499567
0.580941
4.47967
4.14699
-0.390264
1.89052
0.133618
0.151474
0.142181
0.142181
1.4243
3.43456
1.75643
1.40827
-0.293251
0.0895636
1.73367
0.0209136
0.164941
0.161256
0.564961
0.112366
0.112366
-0.00843045
0.313296
2.09166
0.593452
-0.109038
0.228122
0.0323979
0.774995
0.66016
0.0680942
-0.123331
-7.28365
1.4814
1.95304
0.0612539
-0.0958867
0.109299
-0.0415132
-0.0820214
1.55292
-0.26957
0.68732
-0.240081
2.99597
1.03538
0.266617
0.323315
1.48752
0.266268
3.5294
0.112366
-0.107624
-0.10926
-1.62866
9.35586
0.261724
0.0250273
3.32624
0.394576
6.47265
-0.120665
0.112366
0.112366
0.0995308
0.489432
9.21858
0.291979
0.731591
0.125401
1.87494
-0.361341
-0.136236
0.112366
0.112366
-0.0248932
0.249144
0.588043
1.33826
0.294598
-0.0599107
-1.31255
-0.0873889
0.446667
0.112366
0.112366
-0.224114
2.21622
1.13732
-0.489957
-0.0540322
-0.15979
-26.3044
-0.0490327
-0.308782
0.639787
0.160237
5.038
0.0337133
0.0337133
-0.244107
-0.147287
0.362656
0.0189341
0.23358
0.275093
5.05655
1.77126
0.150304
-0.0213566
-0.457236
-23.8258
-0.261782
-0.0375877
0.0279491
0.0359271
0.240892
1.01753
2.58942
0.518546
-1.28014
-6.34697
-1.70333
-0.270171
0.52768
0.266126
0.239614
0.291702
1.19302
-1.27378
0.0337133
0.0118155
-0.947103
-1.19692
-20.5253
0.162921
0.234931
0.333732
0.270337
9.5609
0.629732
0.0337133
0.0337133
-0.241564
0.319753
10.0978
0.342334
0.983686
0.272248
0.132306
-0.0278973
0.334278
0.0337133
0.0337133
-0.40784
-0.178
-0.983702
0.522293
-0.116607
-0.0249699
0.0796217
0.662551
0.158001
0.0337133
0.0337133
-0.64099
-4.84932
1.48953
1.93663
-0.300166
0.0281831
5.80071
0.236076
0.193797
0.372622
0.0527915
-3.4146
9.50961
-0.0700434
-0.0700434
0.167015
0.0370574
-0.0180752
0.168008
0.395324
0.217049
-0.100578
1.21106
-0.699599
0.0159156
0.617508
-6.3607
-0.296052
-0.0989425
0.142597
0.146918
0.357857
-0.20153
-0.225578
-1.75864
0.861
-3.89273
-3.44786
0.242446
-0.150994
0.172485
0.3555
0.0488121
-0.159489
-2.31458
-0.0700434
0.274716
-0.289852
-2.27172
-5.34108
-0.0927228
0.0869141
0.243686
0.440478
15.6851
0.242958
-0.0700434
-0.0700434
-1.78633
-0.298603
0.486812
0.015953
0.323531
0.238106
1.81913
-0.170922
-0.454098
-0.0700434
-0.0700434
0.235981
-0.446824
0.231557
-0.281503
0.351575
0.22459
2.75264
0.73216
-0.536429
-0.0700434
-0.0700434
-0.0410199
-1.17759
-0.282317
1.46518
0.249406
-0.301113
30.8506
0.40176
0.223893
-0.332302
-0.685041
5.44147
-0.500844
-0.384262
-0.00359569
-0.00359569
0.0368248
0.940863
0.629141
0.0655348
0.0608642
0.0158294
-0.170144
2.34285
-0.0408328
0.0459958
0.103368
6.15929
0.496548
0.034021
0.121573
0.0572284
-0.028003
0.227145
-0.519427
-0.552839
0.454974
0.279336
-2.6194
-0.0633922
0.138329
0.192881
0.106649
0.145245
-0.531039
-3.02635
-0.00359569
0.231353
0.494846
0.0549917
1.62262
0.0406988
0.147989
0.164769
-0.202863
8.39579
-0.574187
-0.00359569
-0.00359569
0.393284
0.19532
5.53929
0.100275
-0.161847
0.335204
0.678693
-0.722381
-0.341573
-0.00359569
-0.00359569
0.47305
0.610864
-0.185564
-0.00428328
0.224151
0.436634
0.0834347
0.251669
-0.377151
-0.00359569
-0.00359569
0.576618
-3.41445
-0.0221768
-0.16422
1.23076
0.796176
4.47173
0.922024
0.452909
-0.3851
-0.0252443
0.829145
-0.0578844
-0.305549
-0.879004
0.104739
0.104739
0.845828
0.475744
0.0588744
0.12534
0.407368
0.484104
-0.183086
-1.39416
0.222195
0.165896
-0.00937011
5.49595
0.147264
0.197324
-0.0183808
0.035963
0.327068
0.969507
-2.80462
0.716932
-0.581789
-0.499518
-5.28652
0.578667
0.393438
0.439833
-0.109908
-0.546583
2.34377
-0.906341
0.104739
0.141479
1.07207
6.80505
6.32627
0.0617474
0.0102317
0.0655481
-1.67577
-1.34909
-0.054551
0.104739
0.104739
0.107739
0.423286
-0.589275
0.0499968
0.819275
-0.0463706
-1.72136
-0.219671
-0.0401106
0.104739
0.104739
-0.0315457
0.0833854
1.37219
-0.0909174
-0.0431401
-0.203003
2.88817
0.32248
0.280925
0.104739
0.104739
-0.258307
2.31896
-0.293144
-0.355241
-0.612172
1.18405
9.61674
0.960547
0.420359
-0.144371
0.0911963
-1.0743
-0.574186
-0.324657
0.244054
-0.00079931
0.132828
0.132828
2.68447
-0.440246
-0.0383371
-0.350001
-4.11431
-8.35389
5.37931
-1.02055
0.325562
0.247975
0.7686
21.8059
0.0134958
1.1517
0.557762
0.390529
0.978291
1.35976
-0.267671
0.969473
1.67271
2.04573
2.12498
0.504033
-1.31942
-0.0177781
-0.761554
0.516004
4.70762
-0.148881
0.132828
0.474704
1.15859
1.70577
1.76679
-0.343701
0.29029
-1.8217
-3.53477
4.27565
0.0784683
0.132828
0.132828
0.60214
0.057438
-4.24823
0.716759
-0.0290997
0.63275
0.888737
-0.181173
0.097713
0.132828
0.132828
0.118322
0.0880669
1.1071
-0.21442
0.446838
-0.162713
-2.35823
0.0700172
0.504683
0.132828
0.132828
0.109718
3.02643
-1.67563
0.0447601
-0.302325
-1.1603
43.3779
1.83319
-0.246281
-0.0193672
0.132277
0.849853
5.88353
-1.5312
0.0637137
0.861473
1.80382
0.138946
0.138946
0.653354
2.50374
3.31089
1.90834
3.38857
11.1199
0.490284
0.21042
0.347356
0.307919
1.13701
5.33337
0.495168
1.6856
-0.136545
-0.994042
-1.52081
0.799935
0.189758
0.0886012
2.08277
2.99713
2.45868
2.42204
3.67799
6.58509
0.398445
-2.14429
-3.95718
0.128402
0.138946
0.548083
0.312142
2.21144
4.4401
-0.294789
-0.61902
-0.800789
0.9849
5.15257
0.112686
0.138946
0.138946
0.0577865
0.0827172
0.987502
-1.17041
1.8321
-2.60729
-0.68467
-0.0390748
0.131494
0.138946
0.138946
0.132046
0.129453
2.16939
-1.34068
0.881173
-0.558754
-0.372869
0.506229
0.0503338
0.138946
0.138946
0.131156
3.72479
-0.486665
0.236562
0.299079
0.91994
25.0078
0.743474
0.063308
0.0434762
0.149914
0.953256
-0.960165
-4.02035
4.17845
1.23164
-0.0953734
13.9108
0.149466
0.149466
0.170049
0.650959
1.63423
1.76989
2.06842
0.761646
1.22723
0.420003
0.372504
0.116488
0.109343
2.98765
0.359041
2.00165
0.488902
0.388489
0.118599
0.700326
0.482728
0.235237
0.0372005
0.347231
-0.378614
-0.161175
0.207456
1.42434
0.281829
-0.148671
-0.764452
0.252514
0.149466
0.113597
0.202892
0.40498
-0.421034
-0.292031
0.448423
0.374075
0.0505197
-0.348133
0.135605
0.149466
0.149466
0.311164
0.135071
0.0938031
-0.199387
-1.1408
-0.0366357
-0.357273
0.0837673
0.160213
0.149466
0.149466
0.149475
0.169208
-0.0264784
-0.219322
-0.0844161
0.00776294
0.457694
0.140549
0.163215
0.149466
0.149466
0.155563
-0.0830429
0.230409
-0.223047
-0.510103
0.220595
2.0243
0.0295577
0.174721
0.192372
0.167605
1.04579
0.347116
0.0729011
0.677166
0.195422
-0.144208
-0.552081
0.0207499
0.149284
0.149284
0.167489
0.648312
0.0464859
2.4993
-0.38429
0.718766
1.2157
0.408397
0.36888
0.116339
0.108086
2.96638
-0.163962
-0.35325
0.856273
-0.548579
-0.134596
0.656028
-0.360817
0.220698
0.0367282
0.342655
-0.393199
-0.253915
0.686018
2.67209
0.124982
-0.648287
-0.77388
0.233633
0.149284
0.113138
0.202326
0.401818
-0.446997
0.402974
-0.0693394
-1.09374
0.048022
-0.396114
0.132803
0.149284
0.149284
0.310177
0.134046
-0.156393
-0.0281307
-2.02997
-0.0483277
-0.373085
0.0784117
0.109157
0.149284
0.149284
0.149452
0.168631
2.56049
-2.88815
-0.142207
-1.24737
0.443376
0.140045
0.161615
0.149284
0.149284
0.155381
-0.312063
0.293903
-1.53969
-1.20593
-0.392734
1.97747
0.0289579
0.17395
1.00488
0.16671
1.04056
2.33747
2.98748
0.655513
-0.793394
-0.667698
-0.573126
0.0189733
0.149284
0.143007
0.143007
0.148193
0.624657
-0.716122
-1.00085
0.848601
0.347279
0.0467801
0.610262
-0.200001
0.114399
0.100382
1.80544
-0.327655
-1.46612
-0.297741
-0.395268
0.967338
-0.442435
0.368231
-0.485881
0.0103575
0.272312
-0.43867
-0.28076
-0.233333
-1.01095
-0.472902
-2.33881
2.2843
2.0404
0.143007
0.0803393
0.171499
0.372532
-4.63319
-1.15037
-0.22614
-1.03041
2.68414
5.47302
0.0942148
0.143007
0.143007
0.293705
0.0912603
-0.134792
-0.819082
-1.87749
0.533415
-0.119007
0.505081
0.117597
0.143007
0.143007
0.109353
0.076642
-0.391568
-2.28228
2.86424
0.257804
1.90723
0.13474
0.152785
0.143007
0.143007
0.095219
0.984609
3.14703
2.04387
0.0101661
0.680081
1.83163
0.0233424
0.166438
0.155454
0.670476
12.709
4.61281
-1.61414
-0.890743
-1.46017
-0.331928
-0.619445
0.00489516
0.143007
0.155454
0.125098
0.125098
0.0527823
0.17778
-1.37594
0.939064
0.360654
0.0724354
0.258353
0.919506
1.12072
0.0876813
-0.0337879
8.31287
-0.727645
0.904619
0.126008
-0.0012045
0.483386
0.295618
0.270415
1.36207
-0.126451
-0.276308
-1.0852
-0.17332
0.363259
0.0219385
0.154299
-0.748445
0.240797
-1.23378
0.125098
-0.0278748
0.0230612
0.101028
3.67238
-0.298783
-0.109384
0.479394
0.261562
16.516
-0.035522
0.125098
0.125098
0.212737
0.0225777
0.638663
0.0992541
-1.64115
-0.0153567
-0.244184
-0.158158
-0.0113808
0.125098
0.125098
0.0675549
0.0111721
0.646655
-1.06975
-0.749977
0.318482
0.741259
0.0238241
0.648582
0.125098
0.125098
0.0373437
-2.33949
-0.393981
-0.0835311
-0.116605
0.530444
0.0712951
0.199315
-0.19269
-0.0811489
0.21323
11.1798
0.667798
-2.60433
-0.378675
0.466145
0.336317
2.59374
0.909009
0.125098
-0.0811489
1.46775
0.0810353
0.0810353
-0.0950468
-0.567227
-2.24888
0.0718297
0.105354
0.223901
0.279464
3.88948
0.288819
0.040613
-0.197331
-7.5112
-2.07463
-1.02281
0.044199
0.306352
0.40658
0.113
3.89842
0.795928
-0.612074
-3.02195
-0.877112
-0.856226
-0.632561
0.263246
-0.0546157
0.173258
0.459877
-2.43318
0.0810353
-0.266214
-0.46153
-0.866201
-2.71084
-0.0983766
-0.0980717
1.2203
0.300945
-11.0467
-0.374834
0.0810353
0.0810353
0.0273357
-0.0815512
2.57492
-0.131273
0.0151217
0.1808
-1.06897
0.149496
0.464818
0.0810353
0.0810353
-0.09118
-0.203245
0.0353533
0.262523
0.493846
0.18349
-3.00337
-0.24429
0.259985
0.0810353
0.0810353
-0.150728
3.05412
0.501502
0.436139
-0.0941749
0.597008
36.2035
0.704838
0.350758
0.537804
0.114138
0.622833
0.464362
0.491247
0.074102
-0.237864
0.141977
3.93351
0.0244514
0.0810353
0.537804
-0.644524
3.15624
0.0203886
0.0203886
-0.193758
0.917964
-0.0171293
0.256086
0.153458
0.272608
0.0943276
-0.664191
-1.06662
-0.0454421
-0.697244
-17.3211
0.823196
-0.0836742
0.138595
0.250394
0.263502
-0.606986
0.389048
-1.44217
-0.203171
-5.16003
-7.47544
0.941784
0.00822478
-0.0943452
0.268645
0.395389
0.584192
2.10063
0.0203886
0.475595
0.156188
-1.62364
-1.35232
-0.0258764
-0.0684354
0.23719
0.308236
9.73684
0.555441
0.0203886
0.0203886
-0.286976
-0.157133
0.676856
0.0200821
0.926731
0.215413
0.324833
0.493552
-0.296513
0.0203886
0.0203886
-0.540361
-0.632145
0.456843
0.250911
0.0932416
0.380662
4.42596
1.06813
0.139826
0.0203886
0.0203886
-0.619357
-3.44406
-0.249219
0.332131
-0.128004
-0.0534865
-11.7486
0.583137
0.143111
-0.279542
-0.665002
-4.10546
-0.549892
1.3515
0.763637
-0.197378
-0.717068
-7.65174
0.892125
0.0203886
-0.279542
-0.185142
-0.339991
-0.126254
-0.0192952
-0.0192952
0.401458
0.31577
-0.015403
0.180062
0.15283
0.163675
0.0166345
-5.42792
-0.0358807
0.11159
-0.199587
3.05217
0.294661
0.0333367
0.264376
0.245521
0.159496
-0.0479448
0.0626559
0.577957
1.12174
-1.7838
-3.31379
-0.0331357
0.179808
0.119221
0.290157
0.279507
0.215448
-0.929759
-0.0192952
0.826295
-0.234647
-1.417
4.40734
0.20861
0.215279
-0.0317157
0.147141
-0.905037
-0.379372
-0.0192952
-0.0192952
-1.8054
-0.184065
-0.142794
0.0278067
0.260993
0.101704
-0.495395
-0.541913
-0.212833
-0.0192952
-0.0192952
0.283098
-0.355966
0.247865
0.0194492
0.251078
-0.0117923
2.54963
0.913242
0.128179
-0.0192952
-0.0192952
0.6352
-1.30817
-0.0925717
-0.0113803
0.25683
0.00105689
5.74589
1.07559
0.205037
-0.274536
-0.0462222
-1.82798
-0.0696637
-0.519672
1.17711
0.15111
0.17096
-1.30226
3.03004
-0.0192952
-0.274536
-1.23141
-0.171455
-0.203455
-0.0869524
0.0264547
0.0264547
-0.996868
0.112926
0.0229042
0.158785
0.023915
0.0224703
-0.145328
-0.80487
0.0493545
0.0992529
-0.190407
-8.74461
-0.187896
0.266645
0.305727
-0.0795274
-0.0279314
-0.254392
-1.08314
0.621387
-0.934682
-0.837192
3.75762
-0.0508448
0.226723
0.205518
0.144212
-0.0228888
3.23493
-2.33833
0.0264547
-0.171891
0.218543
2.72317
8.992
0.288804
0.392931
-0.114052
0.278663
-7.4159
-0.342281
0.0264547
0.0264547
0.749141
0.257497
2.30452
0.162082
0.476482
0.379479
-0.872889
0.241701
-0.227459
0.0264547
0.0264547
0.771669
0.785796
0.222437
-0.097942
-0.0753465
0.0187752
3.13128
0.310585
0.416969
0.0264547
0.0264547
0.929515
3.83234
-0.379295
0.0853022
-0.0874822
-0.11851
20.169
-0.113448
-0.348263
-0.205388
0.00383358
3.66003
-1.90986
-0.0717148
-0.209365
0.895397
0.466299
-3.68579
-0.997714
0.0264547
-0.205388
-0.693746
1.6192
-0.507346
-0.131211
-0.414503
0.108304
0.108304
-1.58004
0.00122136
0.234962
0.0913447
0.0445518
1.66744
5.04931
-1.05784
0.240175
0.205894
-0.00943188
12.0255
0.329712
0.338888
0.108403
0.366591
0.377112
-3.48387
2.09054
-0.111172
0.209806
-2.71631
-1.03606
0.000156258
0.0509801
0.0104576
-0.184798
0.722691
-6.05316
-0.70194
0.108304
0.194317
1.47384
0.853024
3.26339
0.133019
0.0906961
-0.3186
1.2516
1.7666
-0.0406036
0.108304
0.108304
0.139029
-0.0382098
10.5247
-0.0881867
1.70927
0.282243
-2.52429
0.0447646
-0.0138121
0.108304
0.108304
0.041219
-0.0868262
-2.02221
0.0599693
0.0911397
0.111516
-1.5167
0.0964641
-0.0209314
0.108304
0.108304
-0.0146029
-2.32808
-2.30576
0.0406551
0.434672
0.537893
-7.86492
0.286849
-0.01
0.0462904
0.108886
0.0460419
-4.42354
-0.628887
-0.222146
-0.498344
1.04679
5.5496
0.737038
0.108304
0.0462904
-0.0216682
-5.63691
-1.74101
-0.330556
-0.128119
-0.0574677
0.138704
0.138704
1.87757
-0.13144
0.421137
0.788844
-0.202339
3.19493
-1.45632
0.280503
0.330833
-0.00655588
1.5595
12.2715
0.787606
0.937522
0.740098
0.97048
0.630825
2.78499
0.637974
1.10948
0.39164
0.48474
-3.763
-0.583381
0.472808
0.0130933
0.222393
-0.805871
-1.88118
-0.164917
0.138704
-0.273566
0.336451
2.42232
0.67802
-0.530999
-0.0315432
-0.870134
-1.13614
4.63129
0.0728554
0.138704
0.138704
-0.00548509
0.081005
3.50708
0.304317
1.36681
0.282874
1.51707
-0.134566
0.107741
0.138704
0.138704
0.124174
0.126444
1.29778
-0.0854605
-1.54444
-0.314904
-1.43606
-0.375608
0.0133554
0.138704
0.138704
0.119486
-1.35075
-0.0449265
-0.0789781
-1.3993
0.4716
-1.91003
-0.627704
0.137792
0.10912
0.14101
0.863197
-1.48634
-0.0236781
0.563142
-0.806012
-2.25237
22.6614
3.14974
0.138704
0.10912
0.280586
-2.51328
-0.656723
0.356893
1.05567
0.0458112
0.456915
0.138018
0.138018
0.650009
1.01391
5.24667
3.1178
4.52597
10.0441
-1.24054
0.141186
0.341088
0.349787
0.968004
22.1435
2.29633
2.05474
0.490171
0.552698
1.91337
-0.688874
4.36223
1.06087
0.843208
4.41746
8.32502
-1.66604
2.02138
1.57518
-0.315916
-0.0505917
-2.78575
-0.0588944
0.138018
-0.343984
-0.237593
1.68096
-3.91654
3.44724
0.671327
0.597743
0.671317
4.89862
0.0961589
0.138018
0.138018
0.223405
0.0811767
6.29044
0.728392
-2.4048
-3.04989
-0.956959
0.0150234
0.124666
0.138018
0.138018
0.133189
0.129746
2.14551
1.88139
1.93744
-3.9483
-1.29841
0.377258
-0.0582797
0.138018
0.138018
0.133864
3.13262
-0.635142
1.9724
0.526902
-3.3081
-45.0591
-0.365378
0.0589327
0.0126994
0.140355
0.949461
-0.826424
2.95187
0.763729
1.59618
-0.494741
1.12802
1.21009
0.138018
0.0126994
0.318248
-1.15078
0.382153
0.711556
-0.0833874
4.5051
7.59073
10.1222
0.147572
0.147572
0.31655
2.60435
-0.881826
2.08961
-0.69396
0.467588
1.14761
0.397373
0.361529
0.0913108
-0.0750721
4.2723
-0.122805
-2.97101
0.0859099
-0.871901
-0.159838
-0.499406
-0.666285
0.204341
-0.0915501
-0.0186256
2.18209
-0.229829
0.718034
-2.96597
-0.667486
-0.662756
-0.784762
0.217097
0.147572
0.105621
0.172303
1.86074
-0.317611
0.421645
-2.2247
-1.26984
-0.0407086
-0.520085
0.128848
0.147572
0.147572
0.304716
0.124664
1.52199
0.173008
2.60515
-0.122426
-0.428753
0.0336667
0.0975123
0.147572
0.147572
0.14817
0.16319
3.82079
1.13505
0.18892
2.67308
0.110046
-0.162793
0.159734
0.147572
0.147572
0.152631
-0.321224
-0.324974
2.00993
0.692365
-0.370389
4.12864
-0.0309508
0.171646
0.985674
0.164971
1.02699
1.23756
2.88152
-3.10935
0.143176
-0.539686
0.237256
0.554149
0.147572
0.985674
0.354121
-1.57529
1.73799
-1.69265
-1.94728
-2.21623
-6.39147
2.29392
0.544379
0.149466
0.149466
0.170049
0.650959
1.63423
1.76989
2.06842
0.761646
1.22723
0.420003
0.372504
0.116488
0.109343
2.98765
0.359041
2.00165
0.488902
0.388489
0.118599
0.700326
0.482728
0.235237
0.0372005
0.347231
-0.378614
-0.161175
0.207456
1.42434
0.281829
-0.148671
-0.764452
0.252514
0.149466
0.113597
0.202892
0.40498
-0.421034
-0.292031
0.448423
0.374075
0.0505197
-0.348133
0.135605
0.149466
0.149466
0.311164
0.135071
0.0938031
-0.199387
-1.1408
-0.0366357
-0.357273
0.0837673
0.160213
0.149466
0.149466
0.149475
0.169208
-0.0264784
-0.219322
-0.0844161
0.00776294
0.457694
0.140549
0.163215
0.149466
0.149466
0.155563
-0.0830429
0.230409
-0.223047
-0.510103
0.220595
2.0243
0.0295577
0.174721
0.192372
0.167605
1.04579
0.347116
0.0729011
0.677166
0.195422
-0.144208
-0.552081
0.0207499
0.149466
0.192372
0.372361
0.785286
-0.0216887
1.15637
0.221982
0.483853
1.58423
0.150394
0.0019221
0.116433
0.139802
0.139802
0.129801
0.594922
-0.343016
0.285629
-0.963403
0.266161
0.14138
0.458297
-1.44672
0.112821
0.0930113
0.243067
-1.17577
-5.199
-1.55587
-2.88046
-0.0692378
-0.0358891
-0.350709
-0.330773
-0.0129815
0.184585
-0.518509
-0.754503
-2.45878
-6.01365
0.0692514
5.88564
0.336283
-2.13131
0.139802
0.0521541
0.13973
0.335232
-1.93334
-1.98966
0.0894984
0.805498
-0.614648
11.625
0.0772747
0.139802
0.139802
0.277976
0.0789967
-0.324625
-0.260512
7.5588
4.95516
2.02487
0.343515
0.0955442
0.139802
0.139802
0.104876
0.0685234
0.765656
0.35236
-2.4555
-0.216727
1.79909
0.132749
0.145164
0.139802
0.139802
0.0880546
0.354828
-0.41978
-4.52451
-0.435425
-0.595786
1.63636
0.017548
0.163551
0.122318
0.462107
-9.88427
13.0435
-7.17973
0.0154205
-1.50197
-1.18787
-0.70576
-0.0113968
0.139802
0.122318
3.55561
10.2882
-3.72168
-0.0823685
-1.67812
-0.71633
-1.35317
-0.0478804
-0.0196205
0.0681541
0.139802
0.115845
0.115845
0.0182913
0.234785
6.56568
-1.95718
0.457324
0.113877
0.167712
0.368946
0.846041
0.0824942
-0.0530269
7.72304
-1.34685
-1.54319
0.844725
0.25741
0.0156584
0.466467
0.674725
1.30935
-0.226572
-0.730424
-1.37746
-4.56456
-0.514977
-0.383114
0.216455
0.835747
0.00627251
-4.96659
0.115845
-0.0621878
-0.092265
-0.0303028
3.66288
-2.25533
0.128716
1.51131
0.224152
10.9504
-0.0690374
0.115845
0.115845
0.17227
-0.00279049
0.603155
-0.165012
1.04555
0.305729
-0.545502
-0.163059
-0.0531351
0.115845
0.115845
0.0370787
-0.0382905
-0.381079
-0.323814
0.164117
0.151511
0.731064
0.0661394
-0.00671559
0.115845
0.115845
-0.00369693
-4.14576
-0.0745784
-0.184377
-0.112918
-1.11353
-13.4068
-0.186473
0.011808
-0.0837995
0.212182
-5.77667
0.18688
6.99101
-0.0174061
-1.96096
-1.16615
-0.366087
0.946091
0.115845
-0.0837995
-0.540165
1.26911
5.40933
-0.223928
-0.600726
-1.88839
-7.5319
-3.7831
0.413502
-0.159749
0.115845
9.95294
0.0749159
0.0749159
-0.0779699
-2.44823
-1.84895
0.045802
0.0112631
0.130603
0.248387
0.970574
-1.91044
0.031413
-0.207919
-3.66827
-1.02473
0.783115
0.290167
0.161636
0.218664
0.17145
-0.34758
1.67062
-0.743387
-4.50376
-2.32497
-2.09976
-0.0933683
0.0171667
0.343851
0.372783
0.853992
3.14807
0.0749159
-0.282592
-0.559235
-0.994762
-1.40084
0.101632
0.0626487
0.268576
0.152813
-7.12789
0.578651
0.0749159
0.0749159
0.00706363
-0.0663144
-2.48825
-0.119152
-0.279666
0.221039
0.116835
1.33746
0.518857
0.0749159
0.0749159
-0.14609
-0.229623
-0.151039
-0.0182158
0.13368
-0.331412
-2.99748
-0.232566
0.254002
0.0749159
0.0749159
-0.201282
-1.49929
-0.00237116
-0.260948
0.0121048
-0.465166
-29.2393
0.675009
0.324397
-0.211629
-0.594115
-5.2469
-0.741117
0.290658
-0.370636
-0.134514
0.316155
3.25812
-0.0510567
0.0749159
-0.211629
-0.800951
-0.0488904
0.698868
0.401329
-0.451356
-0.608366
-1.99021
-6.32758
0.125702
-0.273778
0.0749159
-12.816
-0.159628
0.0451928
0.0451928
-0.0835494
0.421096
0.00959437
-0.0528832
0.0649902
-0.0264359
0.183255
0.754563
-0.00595157
-0.0179673
-0.554517
-20.7712
-0.506339
0.230774
0.262182
0.301945
0.449553
0.249028
-0.0132962
0.362332
-0.0741174
5.97916
1.22251
-0.263039
0.0727781
0.155652
0.423957
0.257833
0.142735
-3.05184
0.0451928
0.578353
0.371469
-1.34334
6.4277
0.0366329
0.234662
0.0579961
0.156258
-1.12613
0.71065
0.0451928
0.0451928
-0.506949
-0.0596335
2.92005
0.0670582
-0.447
0.178693
1.27168
0.757282
-0.111607
0.0451928
0.0451928
-0.50146
0.525152
-0.436437
0.126658
0.195474
0.138876
-1.2558
1.07426
0.259011
0.0451928
0.0451928
-0.560254
-0.720354
-0.0331506
0.147416
0.0515552
0.0657661
2.17675
0.631654
0.30083
-0.0807467
0.00468341
-1.35242
-0.323127
-0.326883
0.589538
-0.111089
0.191892
-4.51001
-0.176495
0.0451928
-0.0807467
2.65024
-0.213069
-0.533551
0.730881
0.419349
-0.427815
-0.65878
-0.323747
-0.147982
-0.10881
0.0451928
-7.33757
-0.605644
-0.252043
0.0262937
0.0262937
0.605899
0.2625
0.019611
0.109201
-0.0348193
0.116939
0.125353
3.50405
0.0992939
0.196385
0.735532
-1.23164
0.212323
0.227507
0.255178
0.311346
0.177758
-0.0456437
2.65783
-0.143766
0.76729
3.65705
-0.871102
0.425076
0.0167858
0.267252
0.212086
0.102265
-3.32474
0.890053
0.0262937
0.303703
0.439554
2.74768
-1.34708
0.122133
0.306883
0.26406
0.397175
-0.830809
-0.0925167
0.0262937
0.0262937
1.26025
-0.109168
4.68243
0.0927397
0.98338
0.065382
-1.28433
0.177322
-0.0924185
0.0262937
0.0262937
0.48595
-0.146906
0.0899256
0.229063
0.192362
-0.164138
-1.05008
0.123754
0.493926
0.0262937
0.0262937
0.855135
-1.4279
-0.0421025
-0.156862
0.0695194
0.370909
-15.7657
1.30104
-0.348384
-0.0552625
0.0187541
2.4168
-1.89616
-0.351616
-0.0845508
0.19199
-0.296482
-5.17925
-3.36242
0.0262937
-0.0552625
-0.524669
-2.99837
-0.512878
-0.380782
0.832487
-0.1836
-0.383751
2.30798
0.810113
-0.135088
0.0262937
-0.796315
-2.18832
-0.578897
-0.350732
0.0486035
0.0486035
-0.265813
0.291502
0.138285
-0.00450916
0.0546652
-0.00328114
-2.78099
-0.534852
0.104521
0.1278
0.82783
18.1627
0.373514
0.26697
0.305628
0.166267
0.318299
-1.40281
-0.988224
-0.322335
1.21792
0.669563
5.79279
0.245306
0.0105294
0.322735
0.28514
0.337829
-1.99645
0.968483
0.0486035
0.484195
0.315934
0.896324
-3.02279
0.117145
0.0850926
0.153947
0.001562
0.441517
0.147144
0.0486035
0.0486035
1.19118
0.323187
10.6912
0.0130946
-0.143275
-0.0354429
-1.72426
-0.630635
-0.160537
0.0486035
0.0486035
0.0738094
1.12321
-0.0945719
0.164699
0.469224
0.0267903
0.112033
-0.550543
-0.0634273
0.0486035
0.0486035
-0.333086
-4.11571
-0.106016
-0.0107365
-0.122877
-0.0944699
-1.301
-0.273998
-0.0418193
-0.183536
0.0387101
-1.36319
-9.89888
-0.433457
-0.0213431
0.289334
-0.215126
-13.5895
-0.0130142
0.0486035
-0.183536
-0.484987
-7.66773
-0.307193
-0.55931
-0.493363
0.990603
0.143228
-4.47174
-0.335915
-0.284468
0.0486035
-0.609558
-1.2928
-5.01977
-0.675429
-0.53769
0.11364
0.11364
0.696895
0.298418
-0.00212725
0.152908
0.290352
-6.44417
-2.34381
-0.249622
0.242995
-0.0697709
0.776978
14.7899
0.428681
0.124111
0.0538612
-0.0705324
-0.339176
-0.282512
-2.75664
-0.152626
-0.610706
0.428927
3.03813
0.223493
0.43909
-0.14677
0.368195
0.586736
-0.0976244
1.98407
0.11364
-0.1484
-0.950344
-3.25949
-2.10793
0.161514
0.338594
-0.148716
-3.56826
3.41738
0.363505
0.11364
0.11364
-0.383414
0.00156179
10.768
0.349974
-0.215293
0.110552
-1.27282
0.238021
-0.00488994
0.11364
0.11364
0.0653626
-0.05075
-2.97524
0.075971
0.78132
-0.0483518
-1.26291
0.384727
0.0580464
0.11364
0.11364
0.015285
-1.96655
-1.06808
0.0773633
0.241984
-0.332799
-32.9445
-0.758499
0.067208
-0.0296751
0.111725
0.0897337
-1.80638
-5.34603
-0.0903349
0.577902
0.174469
-6.85759
0.527831
0.11364
-0.0296751
-0.0273483
-2.43189
0.160565
-0.573299
-0.554683
-0.284375
0.983482
9.39832
-0.472471
-0.195657
0.11364
0.516447
-0.468525
-3.47421
-0.411808
-0.430479
-0.505206
0.140861
0.140861
-0.715041
0.675035
-0.233371
-5.6882
-3.02953
-2.09745
-2.25825
-0.0461764
0.328736
0.0809486
1.86648
1.77829
0.173381
-0.35121
-0.304814
-0.514534
0.356032
1.02682
-2.34852
1.03425
0.728655
2.49771
6.17198
0.518559
0.439545
0.0733844
-0.46717
-1.95088
7.01418
2.5322
0.140861
0.423785
-0.116496
-1.67105
1.83248
0.563509
-0.0740312
0.48824
-0.721081
-0.566387
0.485568
0.140861
0.140861
0.243702
0.0944577
3.18429
0.337594
-0.763624
-0.094
1.708
-0.102957
0.107685
0.140861
0.140861
0.138196
0.133546
1.4093
0.580042
0.995403
0.461459
-0.879951
-0.0514146
0.0187126
0.140861
0.140861
0.13183
-0.801164
3.29195
-0.165782
1.02516
0.0683184
6.86895
-0.182115
0.14008
0.0493626
0.142964
0.880372
-0.630806
5.50078
-0.602525
-0.247332
1.12782
-4.15952
-1.78091
0.140861
0.0493626
0.25741
-2.46657
2.31532
-0.295803
-0.717881
-0.459598
-0.274007
23.8016
0.247498
-0.248817
0.140861
1.18749
-2.03594
-1.22151
0.509661
-0.0478962
-1.06368
0.375119
0.144884
0.144884
1.1358
-0.614183
-2.82584
-1.30723
-2.46608
-1.81377
0.512191
-0.0193683
0.34862
0.0691546
-0.615486
21.3237
1.0478
0.978195
0.665092
-0.226867
-1.41935
3.21767
-0.613764
0.0938609
0.878607
0.713589
5.56719
-2.51809
1.87092
-2.1756
0.714145
-3.0881
-0.751265
0.133688
0.144884
-0.0863194
-0.010822
1.2194
-0.250709
5.83141
0.245618
-2.52129
-0.806871
-2.90148
0.118066
0.144884
0.144884
0.294355
0.112995
8.55556
1.30738
-1.30139
3.52482
-0.98371
-0.0316703
0.131987
0.144884
0.144884
0.14493
0.157332
-0.740761
-0.66425
-2.02431
1.39959
-0.323544
-0.250973
0.0867196
0.144884
0.144884
0.145908
3.96964
-0.424474
1.92532
-1.31003
-2.84402
-1.58848
-0.173127
0.0818736
0.0387568
0.159665
0.981207
-0.867063
-4.00561
1.1154
-0.874488
0.178284
4.73439
1.00214
0.144884
0.0387568
0.329933
1.88221
-0.764202
2.17351
3.15225
-7.4301
-7.72404
-2.3443
2.06529
0.290652
0.144884
1.32195
1.66344
1.62985
-2.62213
0.482796
-11.9232
-2.00003
11.3933
0.147754
0.147754
0.31911
2.607
0.705919
1.3602
1.75875
0.510469
1.15914
0.408979
0.365154
0.0914604
-0.0738149
4.29357
0.400198
-0.616108
-0.28146
0.065168
0.0933572
-0.455108
0.177261
0.218881
-0.0910778
-0.0140491
2.19668
-0.137089
0.239472
-4.21372
-0.510639
-0.16314
-0.775335
0.235977
0.147754
0.10608
0.172869
1.8639
-0.291648
-0.27336
-1.70694
0.197974
-0.0382108
-0.472103
0.131649
0.147754
0.147754
0.305703
0.12569
1.77218
0.00175158
3.49432
-0.110734
-0.412941
0.0390223
0.148569
0.147754
0.147754
0.148193
0.163766
1.23382
3.80389
0.246711
3.92821
0.124363
-0.162288
0.161334
0.147754
0.147754
0.152813
-0.0922036
-0.388469
3.32657
1.38819
0.24294
4.17546
-0.030351
0.172416
0.173169
0.165865
1.03222
-0.752793
-0.0330558
-3.0877
1.13199
-0.016196
0.258301
0.555925
0.147754
0.173169
0.362152
0.732204
-0.563053
-0.0754223
-1.78933
-1.91442
-6.36489
2.31855
0.546972
0.6405
0.147754
1.42793
-0.0507271
1.02123
0.547313
-0.826976
-5.56767
-0.569847
-0.637164
0.333069
0.149466
0.149466
0.170049
0.650959
1.63423
1.76989
2.06842
0.761646
1.22723
0.420003
0.372504
0.116488
0.109343
2.98765
0.359041
2.00165
0.488902
0.388489
0.118599
0.700326
0.482728
0.235237
0.0372005
0.347231
-0.378614
-0.161175
0.207456
1.42434
0.281829
-0.148671
-0.764452
0.252514
0.149466
0.113597
0.202892
0.40498
-0.421034
-0.292031
0.448423
0.374075
0.0505197
-0.348133
0.135605
0.149466
0.149466
0.311164
0.135071
0.0938031
-0.199387
-1.1408
-0.0366357
-0.357273
0.0837673
0.160213
0.149466
0.149466
0.149475
0.169208
-0.0264784
-0.219322
-0.0844161
0.00776294
0.457694
0.140549
0.163215
0.149466
0.149466
0.155563
-0.0830429
0.230409
-0.223047
-0.510103
0.220595
2.0243
0.0295577
0.174721
0.192372
0.167605
1.04579
0.347116
0.0729011
0.677166
0.195422
-0.144208
-0.552081
0.0207499
0.149466
0.192372
0.372361
0.785286
-0.0216887
1.15637
0.221982
0.483853
1.58423
0.150394
0.0019221
0.116433
0.149466
1.44892
-0.047114
1.30258
0.733871
0.497763
2.07434
1.14185
1.69797
0.102812
0.129656
0.148943
0.148943
0.167334
0.646663
1.5329
1.7095
1.89582
-1.03489
-0.157084
3.49546
0.00583924
0.11628
0.108072
2.8478
0.33467
1.98276
0.436371
0.382246
1.03067
0.747057
-0.61122
-0.796171
0.0342531
0.336998
-0.387599
-0.164249
0.120274
1.34937
-1.53609
-0.0663967
3.20901
2.01586
0.148943
0.108469
0.198842
0.4005
-0.433543
-0.315648
-1.87002
1.16726
2.82181
5.0907
0.133116
0.148943
0.148943
0.308935
0.133329
0.0771793
-1.91639
-1.06653
0.00914743
2.00632
0.0742074
0.156225
0.148943
0.148943
0.148606
0.166957
-0.536025
0.0175434
0.710238
-2.73213
0.447361
0.140252
0.161995
0.148943
0.148943
0.15389
-0.501574
2.37786
-0.0545626
1.03965
0.0838792
2.00024
0.0287742
0.174381
0.187487
0.103187
-0.896486
0.390545
0.0857996
-3.3353
0.151881
-0.158589
-0.562431
0.0185845
0.148943
0.187487
-2.1775
0.872922
-0.00744829
-2.38485
0.197494
0.438107
1.53724
0.136767
0.000774467
0.113478
0.148943
3.85854
3.06325
-3.32007
0.676955
0.353339
1.97179
0.995555
1.64606
0.100471
0.128874
0.148943
0.143777
0.143777
0.145465
0.584819
0.993235
0.286694
-4.70496
-0.293467
-0.124147
-0.241476
-0.349783
0.113019
0.096986
1.65723
-0.0140465
-1.81174
-2.80748
0.2563
0.342266
0.264778
0.120298
1.10746
-0.0172359
0.155498
-0.54663
-0.322097
-2.42958
1.02299
0.186006
2.45561
0.327749
4.93515
0.143777
0.0846172
0.138181
0.329101
-0.572868
-1.20128
-0.139493
3.18969
0.940664
-15.6437
0.11111
0.143777
0.143777
0.282257
0.118581
-0.310785
0.134869
2.67142
0.607415
0.397237
-0.0263415
0.122831
0.143777
0.143777
0.136794
0.147116
-0.88538
0.041268
-1.59483
-0.0161467
0.322932
0.136638
0.151337
0.143777
0.143777
0.13515
2.21901
0.154433
0.607408
0.116591
-2.4371
1.55602
0.0165982
0.16472
0.171539
0.128753
-5.09048
0.0291759
0.241363
0.0962104
-0.911356
-0.721576
-0.736803
-0.014008
0.143777
0.171539
-1.33162
-0.466588
0.439091
-0.388647
-2.59536
-0.979634
0.781334
-0.0726735
-0.0191362
0.100786
0.143777
-0.689621
6.30183
-0.110054
-0.703955
-2.29059
1.30994
0.999082
1.42726
0.0750127
0.122459
0.143777
-0.0957052
0.13403
0.13403
0.127441
0.454463
0.4915
-3.72729
-0.229435
-0.0336504
-0.194231
-0.263666
0.233637
0.0963444
-0.00388094
0.449104
-5.31905
0.357882
0.338765
0.179513
0.425714
0.169084
0.542348
0.760172
-0.233832
0.796716
1.61435
0.800309
-1.26435
0.0351911
0.254756
0.290745
0.255799
0.0672704
0.13403
0.597674
0.00387111
-0.11487
-4.90641
-0.0877153
-0.0588841
1.36557
0.215885
5.73915
0.425347
0.13403
0.13403
0.247307
0.102954
-4.85044
0.0989333
1.49792
-0.167375
-0.912138
-0.151321
0.0874568
0.13403
0.13403
0.102404
0.0831904
0.272633
-0.037607
1.22999
0.0970729
-0.116435
0.099243
0.00411064
0.13403
0.13403
0.0981442
0.404302
0.0514811
4.22977
0.13469
0.412348
-2.94863
-0.0752315
0.0979006
0.114003
0.119257
-3.89761
-0.225158
0.441926
-0.18407
-0.122826
-2.44226
-0.547691
-0.31463
0.13403
0.114003
-0.482741
-1.21048
-0.067425
-0.270256
-0.287875
-2.70464
-7.04677
-0.953106
0.194267
0.0667189
0.13403
-2.95269
-0.220503
11.9595
0.0922242
-0.38748
6.75088
3.83481
9.96301
-0.281636
0.112515
0.13403
0.32128
-1.08237
0.13236
0.13236
0.117139
-3.3881
-4.88556
-0.826667
-0.143772
-0.0875162
-0.41255
2.80278
0.318546
0.0864936
-0.000195404
11.8074
0.678732
-0.15775
0.209987
0.201693
0.112243
0.158114
-1.18295
0.0165128
-0.575444
-0.910072
4.2866
-0.595767
0.292484
0.125371
0.376237
0.328371
0.67326
2.283
0.13236
0.391314
-0.039127
2.02952
7.7089
0.140751
0.149218
0.559844
0.0512772
-1.62817
0.416627
0.13236
0.13236
0.225973
0.0966512
-0.29228
0.118256
-0.666718
0.105853
0.380758
-0.0699326
0.127925
0.13236
0.13236
0.0320537
0.0637805
0.0837152
0.0612935
-0.0210141
-0.00514351
-0.292035
0.543116
0.106839
0.13236
0.13236
0.0162169
-5.7418
-0.037907
0.198546
0.0467731
-0.135011
-24.6772
0.598797
0.102198
0.0793044
0.14044
-0.328649
-0.557656
0.0145034
-0.0940974
-0.0777419
-0.201472
-0.410949
1.8542
0.13236
0.0793044
0.129547
-2.28108
-0.218656
0.271162
0.364217
-0.130558
-6.23988
-3.60604
0.353419
0.0439888
0.13236
0.841281
-3.37843
-0.338019
0.681128
-0.103757
-12.2144
-1.22643
0.289819
-0.157073
0.111332
0.13236
0.41574
0.387475
-0.428683
0.126016
0.126016
-0.159331
0.0678168
-0.106667
-0.0188152
-0.0184272
-0.392516
-3.27747
-0.140161
0.317727
0.342584
1.32067
-26.5096
0.367827
0.147575
0.235224
0.335093
0.507311
0.308367
-2.09249
0.0139001
-0.227864
0.764895
5.12598
0.144852
0.319122
0.438101
0.403297
0.330008
2.15299
-0.531053
0.126016
0.318447
0.678354
1.72414
-1.83443
0.0373626
-0.154872
0.126933
-0.196816
-6.82278
-0.0435592
0.126016
0.126016
0.431113
0.0701744
-1.75579
0.202872
-0.641557
0.10037
-0.0311921
-0.169271
0.100342
0.126016
0.126016
-0.0280453
-0.0105262
-0.238187
0.0529063
-0.578466
0.0526722
2.37792
0.0176514
0.0636708
0.126016
0.126016
-0.126586
-2.3836
-0.0666708
0.274237
0.219448
-0.0282653
-13.2495
0.636649
0.101615
0.0534458
0.135153
-0.0549726
0.778962
0.0853153
0.126865
0.0602427
-0.102693
-3.0435
-0.381969
0.126016
0.0534458
0.213704
-3.51039
-0.0933261
-0.153226
0.229205
-0.0133127
-0.0466129
-3.46015
-0.678843
-0.00765071
0.126016
1.07726
-0.434819
-3.37759
-0.0117117
1.45776
-0.0288244
-0.507222
-4.05789
0.445859
0.040803
0.126016
0.416907
0.48963
1.05404
-0.215769
0.128967
0.128967
-0.378679
-0.369057
-0.100769
0.00100917
-0.581375
-5.51973
-0.663669
0.00298754
0.322765
0.27334
-0.225118
-1.89962
0.461812
0.16574
0.158413
0.183677
0.129108
-1.16281
-0.474344
0.0506063
1.11003
-6.61051
-2.63204
0.348843
0.32199
0.249466
0.168943
0.473173
6.11391
-0.203463
0.128967
0.235473
0.173338
-0.0214623
5.90475
0.00198207
0.107894
0.298865
0.698075
1.33322
0.0377214
0.128967
0.128967
-0.0457164
0.0384929
12.9017
-0.0749103
1.77037
0.522909
4.35734
-0.101758
0.0965329
0.128967
0.128967
0.0699982
0.000174283
1.26596
-0.270059
-0.656336
0.33179
-1.10344
-0.152605
0.0876273
0.128967
0.128967
0.0385877
-1.53129
-3.9877
0.206229
0.0746873
0.13237
25.4046
0.01013
0.12162
0.112036
0.135444
0.484634
-8.37695
-1.12109
-0.0133473
0.292816
-0.162118
13.652
-0.831379
0.128967
0.112036
0.235991
-1.2658
-2.12344
-0.547272
-0.103368
-0.241793
-0.121196
-9.60873
-1.31592
-0.00025334
0.128967
1.12547
-0.16395
-0.658709
-0.781097
-0.122192
1.18367
0.112344
-2.14102
0.490498
0.012579
0.128967
0.420082
0.330389
1.44072
-1.06874
-0.293625
0.143451
0.143451
-0.414735
-0.100799
-0.0886682
-0.406399
-4.19364
-1.50485
0.849199
0.0749772
0.349575
0.069205
-1.16714
-13.3183
0.238497
0.907088
0.0635613
-0.0610878
0.50424
-2.28527
0.204054
0.105234
0.597389
3.82518
2.9247
-0.037311
1.11099
0.312751
0.348025
0.473011
5.88305
0.0226956
0.143451
-0.137389
-0.113592
-2.88937
-0.319235
0.447115
0.462927
-0.566735
-2.24066
-3.14591
0.0908228
0.143451
0.143451
0.120411
0.116391
-0.749191
-0.137255
1.21487
0.427485
-2.08211
-0.0119472
0.12541
0.143451
0.143451
0.135662
0.144174
1.00688
0.298056
0.0964139
-0.487031
1.51943
-0.197225
0.133433
0.143451
0.143451
0.133409
-0.189121
-0.173762
0.260024
0.227297
0.357143
-18.163
-0.380512
0.147731
0.142981
0.158712
0.907938
-3.21205
-3.48374
0.350572
0.362716
0.371866
4.41734
-1.5126
0.143451
0.142981
0.313172
0.408009
-1.06914
-2.28742
-0.870633
0.328101
0.000471444
-4.53027
-1.00491
0.072087
0.143451
1.30828
-0.0992705
-1.91084
-0.515253
-1.08766
-0.150538
0.95192
0.343443
1.16771
0.108459
0.143451
0.466036
0.550076
2.10217
1.20942
0.616842
-0.205633
0.14842
0.14842
-0.0996803
0.074897
3.53232
1.49301
1.81907
0.549473
1.14667
0.408486
0.366653
0.114196
0.0771142
18.0558
1.73842
-1.04383
-1.39776
-0.655308
-1.00962
0.427559
0.233129
0.220552
0.0176313
-0.868088
9.12342
1.54626
2.6951
-10.1174
-1.9384
-0.235956
-0.797652
0.217523
0.14842
0.104842
0.183998
-0.0570409
11.3236
0.606891
1.27447
-1.98078
-0.504359
-0.426131
0.130219
0.14842
0.14842
0.301611
0.128499
3.50737
1.29014
2.71145
1.22341
-0.452272
0.0188641
0.153693
0.14842
0.14842
0.147533
0.164273
-1.0127
0.532796
0.254601
-1.13781
0.244756
0.0674245
0.161031
0.14842
0.14842
0.150784
-0.10027
0.140544
-0.293579
2.46712
-0.481608
21.1402
0.00621936
0.171944
0.185815
0.166063
1.02218
0.178275
-8.36096
-1.99395
-0.401203
1.86741
-2.59503
-0.116753
0.14842
0.185815
0.357631
0.74989
-0.383493
-1.34717
-2.42071
-0.947111
2.36986
1.96926
-0.202081
-0.00578607
0.14842
1.4139
-0.055825
-0.957421
-1.56436
-2.85112
-12.2557
-1.34635
3.90899
0.491847
0.0485325
0.14842
0.485844
0.583693
0.508014
-4.39665
-0.922106
-2.33447
-3.19016
0.149466
0.149466
0.170049
0.650959
1.63423
1.76989
2.06842
0.761646
1.22723
0.420003
0.372504
0.116488
0.109343
2.98765
0.359041
2.00165
0.488902
0.388489
0.118599
0.700326
0.482728
0.235237
0.0372005
0.347231
-0.378614
-0.161175
0.207456
1.42434
0.281829
-0.148671
-0.764452
0.252514
0.149466
0.113597
0.202892
0.40498
-0.421034
-0.292031
0.448423
0.374075
0.0505197
-0.348133
0.135605
0.149466
0.149466
0.311164
0.135071
0.0938031
-0.199387
-1.1408
-0.0366357
-0.357273
0.0837673
0.160213
0.149466
0.149466
0.149475
0.169208
-0.0264784
-0.219322
-0.0844161
0.00776294
0.457694
0.140549
0.163215
0.149466
0.149466
0.155563
-0.0830429
0.230409
-0.223047
-0.510103
0.220595
2.0243
0.0295577
0.174721
0.192372
0.167605
1.04579
0.347116
0.0729011
0.677166
0.195422
-0.144208
-0.552081
0.0207499
0.149466
0.192372
0.372361
0.785286
-0.0216887
1.15637
0.221982
0.483853
1.58423
0.150394
0.0019221
0.116433
0.149466
1.44892
-0.047114
1.30258
0.733871
0.497763
2.07434
1.14185
1.69797
0.102812
0.129656
0.149466
0.494293
0.5895
0.518209
1.98764
0.94615
1.34202
1.12282
0.524892
0.149466
0.149466
0.170049
0.650959
1.63423
1.76989
2.06842
0.761646
1.22723
0.420003
0.372504
0.116488
0.109343
2.98765
0.359041
2.00165
0.488902
0.388489
0.118599
0.700326
0.482728
0.235237
0.0372005
0.347231
-0.378614
-0.161175
0.207456
1.42434
0.281829
-0.148671
-0.764452
0.252514
0.149466
0.113597
0.202892
0.40498
-0.421034
-0.292031
0.448423
0.374075
0.0505197
-0.348133
0.135605
0.149466
0.149466
0.311164
0.135071
0.0938031
-0.199387
-1.1408
-0.0366357
-0.357273
0.0837673
0.160213
0.149466
0.149466
0.149475
0.169208
-0.0264784
-0.219322
-0.0844161
0.00776294
0.457694
0.140549
0.163215
0.149466
0.149466
0.155563
-0.0830429
0.230409
-0.223047
-0.510103
0.220595
2.0243
0.0295577
0.174721
0.192372
0.167605
1.04579
0.347116
0.0729011
0.677166
0.195422
-0.144208
-0.552081
0.0207499
0.149466
0.192372
0.372361
0.785286
-0.0216887
1.15637
0.221982
0.483853
1.58423
0.150394
0.0019221
0.116433
0.149466
1.44892
-0.047114
1.30258
0.733871
0.497763
2.07434
1.14185
1.69797
0.102812
0.129656
0.149466
0.494293
0.5895
0.518209
1.98764
0.94615
1.34202
1.12282
0.524892
0.149466
0.149466
0.149466
0.170049
0.650959
1.63423
1.76989
2.06842
0.761646
1.22723
0.420003
0.372504
0.116488
0.109343
2.98765
0.359041
2.00165
0.488902
0.388489
0.118599
0.700326
0.482728
0.235237
0.0372005
0.347231
-0.378614
-0.161175
0.207456
1.42434
0.281829
-0.148671
-0.764452
0.252514
0.149466
0.113597
0.202892
0.40498
-0.421034
-0.292031
0.448423
0.374075
0.0505197
-0.348133
0.135605
0.149466
0.149466
0.311164
0.135071
0.0938031
-0.199387
-1.1408
-0.0366357
-0.357273
0.0837673
0.160213
0.149466
0.149466
0.149475
0.169208
-0.0264784
-0.219322
-0.0844161
0.00776294
0.457694
0.140549
0.163215
0.149466
0.149466
0.155563
-0.0830429
0.230409
-0.223047
-0.510103
0.220595
2.0243
0.0295577
0.174721
0.192372
0.167605
1.04579
0.347116
0.0729011
0.677166
0.195422
-0.144208
-0.552081
0.0207499
0.149466
0.192372
0.372361
0.785286
-0.0216887
1.15637
0.221982
0.483853
1.58423
0.150394
0.0019221
0.116433
0.149466
1.44892
-0.047114
1.30258
0.733871
0.497763
2.07434
1.14185
1.69797
0.102812
0.129656
0.149466
0.494293
0.5895
0.518209
1.98764
0.94615
1.34202
1.12282
0.524892
0.149466
0.149466
