13.510270833969116
15.228972911834717
13.37262511253357
13.468202829360962
13.463506937026978
13.55938196182251
13.76229190826416
13.838344812393188
13.350040197372437
13.58536696434021
13.473862171173096
13.529481410980225
13.584847927093506
13.545573234558105
15.442904710769653
14.170048952102661
13.557151079177856
13.442321062088013
13.655292987823486
14.082019805908203
13.413352966308594
13.569464206695557
13.677301168441772
13.37248706817627
13.470016717910767
14.44276475906372
13.836742877960205
13.81019401550293
13.34976577758789
14.082465171813965
13.372488021850586
13.587142705917358
13.856391906738281
13.463308095932007
13.367936134338379
13.640063047409058
14.177093267440796
13.626091957092285
13.43664002418518
13.519600868225098
13.55963683128357
13.547026872634888
13.696553945541382
13.589739084243774
13.357574939727783
13.339109182357788
13.513888835906982
14.018941879272461
13.411170959472656
13.67085599899292
