12.543370008468628
12.545651197433472
12.502533912658691
12.253244876861572
12.690809965133667
12.329266786575317
12.371464252471924
12.631847143173218
12.23415493965149
12.367829322814941
12.600656986236572
12.31268310546875
12.324445962905884
12.3712739944458
12.288734912872314
12.842439889907837
12.787947177886963
12.296514987945557
12.378359079360962
12.309627771377563
12.295581817626953
12.263202905654907
12.585710763931274
12.665378093719482
12.368657112121582
12.315438032150269
12.450700044631958
12.337210893630981
12.317407846450806
12.383599281311035
12.65384316444397
12.214270114898682
12.71089506149292
12.546756744384766
12.475352764129639
12.376675844192505
12.687947034835815
12.335401058197021
12.555675983428955
12.395281791687012
12.712562799453735
12.490048170089722
12.441225051879883
12.349604845046997
12.630303859710693
12.244632959365845
12.348263025283813
12.297201871871948
12.287390232086182
12.791759014129639
