0000000100000000011000000000100000000010000000001100000000011110000001110100000111001000001111100000000000000000000000000
0000011000000000110000000011000000000100000000011000000000100001100011000111000100011100001111110000000000100000000000000
0000000011100000001100000000110000000011000000001100000000111100000001111000000011110000001111000000001110000000000000000
0000001000000000110000000001000000000010000000001100000000011000000000100000000001000000000011111100000001000000000000000
0000001100000000111000000001110000001111000000011101100001101111100010111111001111111100001111111000000100000000000000000
0000001000000000011000000001000000000010000000000100000000010000000000011100000000111000000010000000001000000000001000000
0000011000000001100000000110000000001100000000110001100001101111100011011111000111111110001111111000000000000000000000000
0000000000000001110000000110000000001000000000111111100001100001100010000001000110000010000110001100000111110000000010000
0000001100000000010000000001100000000010000000001100000000010110000000111100000011101000000111100000000110000000000000000
0000011000000000100000000010000000000100000000010000000000100000000001011100000011000100000011011000000001000000000000000
