0000000000000011110000000000010000000001100000000110000000011000000000111000000000011000000000110000001111000000000000000
0000000000000001111000000100010000000001000000001100000001111000000000000100000000000100000000001000010000100000011110000
0000000000000111000000011111000000100110000000011110000000111111000000000011000000000010000000001100000111111000001111000
0000001100000001111100000110011000000001100000000111000000011111000000100110000000001100110000110001111111000000000000000
0000000000000001111100000111111100000001111000011111000000000111000000000110000000001100110000111001111111100000111100000
0000011100000000011100000000011000000001100000000111100000000001101100000011011000000110111100011000011111100000000000000
0000001000000001111000000100010000000000100000000010000000011110000000100110000100000100001000011000011111100000000000000
0000010000000111111000000000110000000011000000001111000000010011000000000110000000001100011000110000011111100000001000000
0000011000000011111000000000110000000011000000011110000000100010000000000100000000001000000100110000001111000000001000000
0000011100000001111100000000011000000001110000001111000000011100000000001100001110011000011111110000001111000000000000000
