0000001100000000111000000011100000000110000000011100000000110110000011011110000011111110000111111000000011000000000000000
0000111100000011001000000100000000001000000000110000000001000011000010001111000010010010000110001100000011110000000000000
0000001000000000110000000011000000001100000000011001100000100111000011011010000010111100000111110000000010000000000000000
0000000110000000011000000001100000000110000000011000000000110111100001111001100111000110001111111000001111000000000000000
0001000000000110000000001100001000010001110000100111010001001000100011010011000011111110000011111000000001000000000000000
0000001000000000110000000001000000000110000000001111100000111111100011000011000100000100001100111000001111000000000000000
0000110000000001000000000100000000001000000000010001100000100110100001011001000010100100000011110000000000000000000000000
0000011000000000100000000010000000000100000000011000000000100000000001011111000011000010000110111000000111000000000000000
0000011100000001100000000010000000001100000000110001111001100110010010001000100110010010001111111000000111000000000000000
0000100000000011000000000110000000001100000000010000000001101111100011010000100111100011000111111100000111000000000000000
