8.0508131980896
8.21187424659729
8.172452688217163
8.177442073822021
8.169143915176392
8.332725048065186
8.035262107849121
8.461281061172485
8.10803508758545
8.14663314819336
8.997150897979736
8.115353107452393
8.057953119277954
8.253927946090698
8.01858115196228
8.150475978851318
8.226689100265503
8.11405086517334
7.998568773269653
8.276441812515259
8.07870626449585
8.09621000289917
8.043564796447754
8.08942723274231
8.393552780151367
8.76201581954956
8.447979211807251
8.047269105911255
8.339605808258057
8.096469163894653
8.212881326675415
8.019953966140747
7.997175931930542
8.205863952636719
8.220935106277466
8.620612859725952
8.158758163452148
8.371807098388672
8.383221864700317
8.047940969467163
8.04890489578247
8.194123029708862
8.069434881210327
8.247570037841797
8.08688998222351
8.242060899734497
8.086143016815186
8.050394296646118
8.2120361328125
8.138676881790161
