0000010000000001110000000111100000001111100000011011100000110011000001100111000011011100000111111000000111100000000000000
0000000000000001101100000010011100001100111100110001011001000000110110000011001100001110011001111000111111000000010000000
0000000000000001100000000101110000000010100000001100100000010001000000100010000001001100000110010000000101100000001110000
0000000000000000011000000001111100001111111000111111111001110111110111001111001111111100011111110000111110000000100000000
0000000000000000000000001111111000111000011001100000011011000000010110000000100110000011000111111100000000000000000000000
0000000000000000000000000011111000001111111000011100110001110001110111000011011100011110011111110000011100000000000000000
0000000000000000111000000011111000000110110000011001100001110011000011000110000110011100001100110000011111100000000000000
0000000000000000001100000001111100000111111000011110110001100001100110000111001100001100011111110000111111000000000000000
0000000100000001111100000011001100001100011000010000110001100001100011000010000110001100001100111000001111100000000100000
0000000000000000111100000011011100001100001100110000011001000000110110000001001000001110011001110000111111000000000000000
0000000000000000000000000000000000000000000000000000000000000000000000000000000000000000000000000000000000000000000000000
1111111111111111111111111111111111111111111111111111111111111111111111111111111111111111111111111111111111111111111111111
